#!ascii label  , from subject sub-02 vox2ras=TkReg
1428
86325  -37.259  27.695  26.779 0.0000000000
83998  -53.055  24.447  14.186 0.0000000000
88458  -46.048  30.891  30.840 0.0000000000
83877  -49.488  24.517  22.578 0.0000000000
82886  -46.782  23.547  31.279 0.0000000000
89265  -44.772  30.624  16.707 0.0000000000
92022  -52.342  36.012  17.397 0.0000000000
93109  -43.612  37.649  23.354 0.0000000000
78589  -39.532  18.522  33.508 0.0000000000
83869  -41.717  24.858  22.688 0.0000000000
84804  -44.768  25.970  18.072 0.0000000000
88524  -41.589  29.565  21.987 0.0000000000
91895  -48.603  35.367  27.969 0.0000000000
91242  -50.505  34.324  24.489 0.0000000000
92544  -52.720  37.447  25.876 0.0000000000
91949  -47.122  35.766  21.256 0.0000000000
95836  -47.814  42.074  27.710 0.0000000000
84873  -50.195  25.961  11.872 0.0000000000
86272  -35.997  27.945  33.309 0.0000000000
87765  -40.753  29.632  29.555 0.0000000000
85549  -54.096  26.827  27.231 0.0000000000
82955  -47.659  23.460  27.289 0.0000000000
82098  -41.002  22.637  26.781 0.0000000000
81241  -40.435  21.361  30.949 0.0000000000
86432  -49.013  27.653  13.832 0.0000000000
87184  -47.138  29.647  10.918 0.0000000000
89200  -45.948  30.919  23.770 0.0000000000
89971  -48.480  32.558  17.458 0.0000000000
90039  -48.040  32.943  9.245 0.0000000000
91390  -46.451  35.510  12.890 0.0000000000
91339  -42.856  34.378  16.134 0.0000000000
84720  -38.861  26.095  24.002 0.0000000000
86363  -40.764  27.360  21.465 0.0000000000
87094  -39.255  28.211  24.433 0.0000000000
93042  -48.543  38.059  28.960 0.0000000000
92509  -51.524  36.405  28.493 0.0000000000
93544  -49.841  38.885  28.936 0.0000000000
93555  -49.409  39.297  27.624 0.0000000000
84012  -52.154  24.743  13.146 0.0000000000
88432  -34.410  30.758  32.090 0.0000000000
88402  -36.724  30.273  33.971 0.0000000000
82914  -47.549  23.463  29.476 0.0000000000
82089  -44.310  22.774  27.210 0.0000000000
82064  -44.101  22.947  29.116 0.0000000000
80386  -39.313  20.452  32.451 0.0000000000
81239  -34.112  21.692  29.648 0.0000000000
83785  -33.200  24.587  30.802 0.0000000000
82896  -31.797  23.327  30.783 0.0000000000
83903  -49.301  25.085  19.820 0.0000000000
86410  -43.999  27.452  16.611 0.0000000000
85635  -46.280  26.348  16.296 0.0000000000
86429  -45.654  27.849  14.626 0.0000000000
87166  -48.211  28.474  12.469 0.0000000000
87873  -45.595  29.717  13.478 0.0000000000
88469  -42.824  30.223  29.719 0.0000000000
88495  -43.760  30.265  25.679 0.0000000000
88498  -45.960  30.834  26.147 0.0000000000
91258  -53.099  35.013  21.505 0.0000000000
90621  -50.424  33.553  21.042 0.0000000000
90655  -51.354  33.769  16.937 0.0000000000
90679  -48.661  33.156  13.583 0.0000000000
90691  -50.813  34.966  12.459 0.0000000000
92066  -47.863  35.330  10.587 0.0000000000
92045  -49.949  36.309  14.158 0.0000000000
91935  -45.299  36.003  22.142 0.0000000000
91304  -45.632  34.903  18.074 0.0000000000
91967  -43.600  35.504  20.548 0.0000000000
91299  -40.711  34.584  18.007 0.0000000000
92581  -41.423  36.901  21.798 0.0000000000
83873  -44.888  24.170  22.155 0.0000000000
83899  -46.417  24.696  20.311 0.0000000000
84749  -43.201  25.262  20.474 0.0000000000
86393  -42.249  27.597  19.073 0.0000000000
88546  -43.201  29.869  19.566 0.0000000000
90567  -47.943  32.984  29.401 0.0000000000
89907  -48.291  32.216  27.070 0.0000000000
90592  -50.474  33.680  28.044 0.0000000000
91928  -52.986  35.380  24.882 0.0000000000
92598  -52.314  36.734  21.372 0.0000000000
91996  -50.366  36.130  19.261 0.0000000000
92561  -49.920  36.975  23.706 0.0000000000
93104  -47.554  37.553  24.839 0.0000000000
94620  -45.747  40.726  25.716 0.0000000000
85696  -48.374  26.832  10.395 0.0000000000
86305  -36.794  27.130  30.062 0.0000000000
87077  -38.725  28.688  28.213 0.0000000000
87063  -38.561  28.680  31.448 0.0000000000
87741  -40.308  29.727  32.768 0.0000000000
89824  -42.220  32.098  32.778 0.0000000000
90562  -41.499  33.133  28.438 0.0000000000
89889  -44.522  32.798  30.013 0.0000000000
83853  -52.238  25.136  24.753 0.0000000000
83830  -51.508  24.433  27.814 0.0000000000
82988  -49.038  23.884  24.768 0.0000000000
82983  -44.545  23.198  24.426 0.0000000000
82980  -41.388  23.654  24.547 0.0000000000
82859  -45.200  23.387  33.777 0.0000000000
79488  -42.864  19.842  34.561 0.0000000000
81217  -42.066  21.920  32.754 0.0000000000
82041  -42.645  22.542  31.483 0.0000000000
82071  -40.813  21.998  28.843 0.0000000000
84690  -36.168  25.327  27.358 0.0000000000
84830  -52.348  25.234  16.145 0.0000000000
84789  -48.073  25.421  18.322 0.0000000000
85638  -49.565  26.271  15.984 0.0000000000
85667  -52.139  26.914  14.037 0.0000000000
86468  -51.565  27.400  11.653 0.0000000000
86478  -49.496  27.899  10.160 0.0000000000
87204  -48.231  28.895  8.737 0.0000000000
87788  -41.212  29.572  25.573 0.0000000000
88515  -43.349  30.306  22.677 0.0000000000
89237  -45.235  31.384  19.701 0.0000000000
89918  -47.771  32.380  23.502 0.0000000000
89941  -47.801  32.369  20.428 0.0000000000
89267  -46.045  31.711  16.762 0.0000000000
90014  -46.349  31.867  13.441 0.0000000000
88611  -47.203  31.112  9.655 0.0000000000
87905  -46.210  30.026  8.879 0.0000000000
91325  -47.475  35.198  17.059 0.0000000000
91359  -44.394  34.757  15.072 0.0000000000
91385  -41.219  34.536  12.907 0.0000000000
91354  -39.396  34.385  14.792 0.0000000000
91316  -38.333  34.358  16.735 0.0000000000
86343  -37.929  26.892  24.911 0.0000000000
86345  -39.118  27.679  24.004 0.0000000000
87090  -38.239  28.004  25.403 0.0000000000
93543  -49.095  38.736  29.340 0.0000000000
94582  -49.508  40.574  29.151 0.0000000000
84013  -52.743  24.769  13.549 0.0000000000
82901  -46.744  23.415  30.262 0.0000000000
82912  -45.692  23.264  28.960 0.0000000000
82899  -44.884  23.206  29.703 0.0000000000
80421  -34.046  21.087  30.144 0.0000000000
82050  -32.854  22.637  30.153 0.0000000000
83878  -50.639  24.890  22.338 0.0000000000
83890  -48.599  24.923  19.991 0.0000000000
87851  -44.078  29.401  16.600 0.0000000000
86419  -44.831  27.596  15.551 0.0000000000
87157  -44.893  28.599  14.932 0.0000000000
87164  -45.735  28.851  13.706 0.0000000000
88582  -44.965  30.240  14.896 0.0000000000
88456  -44.287  30.695  31.084 0.0000000000
88484  -44.724  30.412  27.834 0.0000000000
88478  -45.952  30.630  29.222 0.0000000000
92013  -53.115  35.642  18.781 0.0000000000
91286  -52.624  34.359  18.543 0.0000000000
91327  -52.731  34.936  16.896 0.0000000000
90674  -51.441  34.838  14.989 0.0000000000
91344  -51.791  35.201  15.879 0.0000000000
91379  -51.341  35.995  13.785 0.0000000000
92029  -51.357  35.835  15.875 0.0000000000
93110  -44.468  37.594  23.789 0.0000000000
91934  -44.226  36.118  22.082 0.0000000000
92583  -43.395  36.221  21.868 0.0000000000
91944  -42.016  36.069  21.224 0.0000000000
93115  -42.537  37.615  22.723 0.0000000000
83871  -43.199  24.391  22.277 0.0000000000
83885  -44.402  24.443  21.400 0.0000000000
83883  -42.782  24.901  21.608 0.0000000000
87104  -40.758  28.147  21.516 0.0000000000
86374  -41.603  27.413  20.273 0.0000000000
87828  -41.763  28.533  20.152 0.0000000000
87837  -42.940  29.302  19.009 0.0000000000
88536  -42.477  29.638  20.389 0.0000000000
90590  -48.548  33.499  28.799 0.0000000000
90569  -49.189  32.875  29.055 0.0000000000
91214  -50.317  34.397  28.425 0.0000000000
92511  -52.728  37.068  27.311 0.0000000000
91922  -52.872  35.835  26.960 0.0000000000
91926  -53.200  36.518  25.827 0.0000000000
92577  -53.113  36.458  22.708 0.0000000000
92563  -52.341  36.938  23.721 0.0000000000
92584  -51.039  36.756  22.240 0.0000000000
92551  -50.747  37.204  24.545 0.0000000000
94597  -48.710  40.586  28.074 0.0000000000
93587  -48.616  38.413  26.057 0.0000000000
94614  -47.467  40.146  26.869 0.0000000000
93585  -46.614  38.843  25.446 0.0000000000
95201  -46.630  41.459  26.624 0.0000000000
85684  -49.762  26.519  11.142 0.0000000000
86285  -36.848  27.542  32.244 0.0000000000
86286  -37.343  27.701  31.554 0.0000000000
87054  -37.106  28.031  32.888 0.0000000000
89133  -37.662  31.277  32.275 0.0000000000
88419  -38.329  30.823  33.870 0.0000000000
89113  -39.510  31.185  33.697 0.0000000000
89115  -41.076  31.196  33.621 0.0000000000
89136  -40.412  31.959  32.483 0.0000000000
91205  -40.344  34.331  27.235 0.0000000000
89887  -42.620  32.813  29.597 0.0000000000
90586  -43.544  33.386  27.938 0.0000000000
90588  -46.008  33.339  28.191 0.0000000000
91231  -44.156  34.594  26.998 0.0000000000
84716  -54.197  26.699  24.790 0.0000000000
84697  -53.522  25.940  26.345 0.0000000000
83820  -51.619  24.545  28.486 0.0000000000
82957  -50.106  23.865  27.893 0.0000000000
82973  -49.923  23.947  25.827 0.0000000000
82971  -47.065  23.460  26.386 0.0000000000
82986  -46.376  23.446  25.074 0.0000000000
82953  -46.291  23.316  26.309 0.0000000000
82100  -42.933  22.664  26.776 0.0000000000
82108  -43.174  22.814  25.980 0.0000000000
82964  -40.702  23.283  25.626 0.0000000000
78591  -41.121  19.002  33.928 0.0000000000
81215  -40.626  21.106  32.580 0.0000000000
81231  -41.016  21.723  31.580 0.0000000000
82028  -42.922  22.542  32.391 0.0000000000
82051  -41.657  22.141  30.656 0.0000000000
82061  -41.860  22.203  30.004 0.0000000000
81254  -40.633  21.583  29.997 0.0000000000
84683  -35.466  25.191  29.049 0.0000000000
83804  -35.047  24.595  29.185 0.0000000000
84812  -52.678  25.267  17.318 0.0000000000
84764  -45.511  25.170  19.313 0.0000000000
83938  -47.148  25.172  19.113 0.0000000000
84806  -46.602  25.596  17.808 0.0000000000
85650  -48.229  26.679  15.317 0.0000000000
85637  -48.564  26.292  16.089 0.0000000000
85651  -49.318  26.658  15.306 0.0000000000
85653  -51.262  26.542  15.026 0.0000000000
86434  -51.092  27.386  13.901 0.0000000000
86458  -52.398  27.057  12.719 0.0000000000
86445  -50.058  28.012  12.929 0.0000000000
87175  -47.956  28.772  11.657 0.0000000000
87177  -49.734  28.337  11.071 0.0000000000
87186  -48.778  28.718  10.470 0.0000000000
86477  -48.850  28.071  9.328 0.0000000000
87195  -48.620  29.013  9.260 0.0000000000
87770  -39.597  29.114  28.380 0.0000000000
87782  -40.513  29.351  26.455 0.0000000000
87783  -41.313  29.613  26.524 0.0000000000
88502  -44.539  30.404  24.776 0.0000000000
88501  -43.654  30.274  24.705 0.0000000000
88517  -44.900  30.619  23.291 0.0000000000
89215  -44.708  30.857  21.499 0.0000000000
89216  -45.459  31.231  21.685 0.0000000000
90595  -49.375  33.319  26.267 0.0000000000
89912  -47.845  32.355  25.875 0.0000000000
90604  -48.867  33.261  24.186 0.0000000000
90638  -49.738  33.076  19.149 0.0000000000
89929  -48.796  32.673  21.038 0.0000000000
89961  -48.285  32.499  18.462 0.0000000000
89960  -47.440  32.273  18.595 0.0000000000
89970  -47.587  32.300  17.580 0.0000000000
89289  -46.312  31.841  14.946 0.0000000000
89991  -47.761  32.543  15.448 0.0000000000
90699  -49.186  33.917  11.349 0.0000000000
90026  -48.208  33.210  11.543 0.0000000000
89320  -47.563  31.969  9.431 0.0000000000
87906  -47.162  30.318  8.858 0.0000000000
89326  -47.367  32.390  8.803 0.0000000000
88610  -45.591  30.819  9.380 0.0000000000
90046  -46.917  32.926  8.680 0.0000000000
92058  -46.508  35.250  11.429 0.0000000000
91408  -45.153  34.627  10.747 0.0000000000
91995  -49.004  35.696  19.232 0.0000000000
92009  -48.723  35.454  18.116 0.0000000000
91285  -47.466  35.253  18.673 0.0000000000
91322  -44.295  34.639  17.185 0.0000000000
91323  -45.313  34.736  17.170 0.0000000000
91340  -43.870  34.563  16.163 0.0000000000
91373  -42.709  34.786  13.945 0.0000000000
91357  -42.309  34.459  15.013 0.0000000000
91370  -39.875  34.466  13.890 0.0000000000
91337  -40.833  34.304  16.020 0.0000000000
91277  -40.116  34.859  18.824 0.0000000000
91317  -39.318  34.292  16.918 0.0000000000
91297  -38.767  34.486  17.826 0.0000000000
91315  -37.342  34.371  16.503 0.0000000000
84722  -40.165  25.364  23.355 0.0000000000
84730  -41.490  25.346  22.322 0.0000000000
85575  -40.119  26.667  22.639 0.0000000000
87102  -40.192  28.030  22.655 0.0000000000
87796  -40.530  29.003  23.383 0.0000000000
91896  -49.876  35.403  28.356 0.0000000000
92495  -50.198  37.234  28.778 0.0000000000
93044  -50.560  37.911  28.815 0.0000000000
93056  -51.412  37.813  27.390 0.0000000000
93079  -50.441  38.028  26.445 0.0000000000
93556  -49.933  39.115  28.053 0.0000000000
94581  -49.310  40.620  28.634 0.0000000000
84874  -51.286  26.030  11.857 0.0000000000
87726  -34.685  29.753  33.648 0.0000000000
87727  -35.811  29.616  34.069 0.0000000000
88416  -35.582  30.656  33.165 0.0000000000
82926  -47.401  23.428  28.553 0.0000000000
82937  -46.366  23.309  27.239 0.0000000000
82924  -45.470  23.152  27.818 0.0000000000
82075  -44.283  22.813  28.100 0.0000000000
82087  -42.700  22.548  27.684 0.0000000000
79502  -39.112  19.341  33.123 0.0000000000
80406  -38.317  20.488  31.648 0.0000000000
82068  -34.851  22.727  28.779 0.0000000000
83803  -34.502  24.251  29.523 0.0000000000
82909  -33.644  23.603  29.836 0.0000000000
83792  -32.256  23.904  30.794 0.0000000000
85624  -43.976  26.722  17.403 0.0000000000
85626  -45.549  26.179  16.914 0.0000000000
85634  -45.140  26.694  16.203 0.0000000000
86421  -46.303  27.115  15.137 0.0000000000
86431  -47.894  27.678  14.016 0.0000000000
86444  -48.855  28.238  12.897 0.0000000000
86443  -47.489  28.142  13.480 0.0000000000
87173  -46.023  29.419  12.931 0.0000000000
87881  -46.648  29.738  11.666 0.0000000000
87766  -41.816  29.897  29.609 0.0000000000
87779  -42.243  29.909  27.528 0.0000000000
88475  -43.068  30.174  28.517 0.0000000000
88490  -44.627  30.376  26.788 0.0000000000
89196  -46.150  30.914  24.402 0.0000000000
91247  -51.415  34.490  23.464 0.0000000000
91251  -50.103  34.014  22.760 0.0000000000
91256  -51.333  33.918  21.089 0.0000000000
90632  -51.251  33.602  19.629 0.0000000000
90654  -50.320  33.325  17.207 0.0000000000
89992  -48.698  32.924  15.253 0.0000000000
90672  -49.654  33.419  15.016 0.0000000000
90690  -50.044  34.199  12.413 0.0000000000
90700  -49.971  34.761  11.403 0.0000000000
90718  -48.385  34.430  9.575 0.0000000000
91402  -49.800  35.436  11.443 0.0000000000
92061  -49.129  35.744  11.972 0.0000000000
92043  -48.050  35.843  13.699 0.0000000000
91936  -46.412  35.990  22.127 0.0000000000
91993  -46.313  35.247  19.608 0.0000000000
91969  -45.600  35.426  20.508 0.0000000000
91991  -44.262  35.235  19.758 0.0000000000
91280  -42.993  34.991  18.938 0.0000000000
91300  -41.687  34.609  18.059 0.0000000000
91279  -42.024  34.985  18.898 0.0000000000
91988  -41.376  35.344  19.638 0.0000000000
92597  -40.237  36.307  20.657 0.0000000000
83875  -46.121  24.261  22.012 0.0000000000
83888  -46.776  24.563  20.765 0.0000000000
83887  -46.000  24.443  21.194 0.0000000000
83915  -45.119  24.872  19.924 0.0000000000
84763  -44.601  25.307  19.359 0.0000000000
84747  -41.822  26.148  20.862 0.0000000000
85602  -42.292  26.681  19.679 0.0000000000
85617  -43.555  26.490  18.347 0.0000000000
87137  -42.907  28.043  17.922 0.0000000000
87845  -43.147  28.904  17.961 0.0000000000
88562  -44.133  30.158  17.875 0.0000000000
89891  -47.160  32.292  30.157 0.0000000000
89186  -47.324  31.277  28.706 0.0000000000
89892  -48.364  32.493  29.258 0.0000000000
89908  -49.243  32.801  27.385 0.0000000000
90596  -50.226  33.783  26.889 0.0000000000
91215  -51.435  34.632  27.838 0.0000000000
91235  -51.229  34.467  26.849 0.0000000000
91243  -51.486  34.692  24.604 0.0000000000
91249  -53.100  35.484  23.052 0.0000000000
92600  -53.294  36.249  20.972 0.0000000000
91998  -52.851  36.333  19.732 0.0000000000
92011  -51.492  36.144  18.249 0.0000000000
91973  -50.614  36.340  20.376 0.0000000000
91951  -49.571  36.220  21.268 0.0000000000
91938  -48.722  36.234  22.093 0.0000000000
92541  -49.871  37.433  25.157 0.0000000000
92560  -48.681  36.751  23.735 0.0000000000
92559  -47.505  36.643  23.663 0.0000000000
92558  -46.412  36.753  23.601 0.0000000000
93102  -45.599  37.714  24.354 0.0000000000
94123  -44.751  39.528  24.690 0.0000000000
86318  -36.921  27.336  28.201 0.0000000000
87081  -37.771  28.196  26.998 0.0000000000
87073  -37.899  28.270  28.963 0.0000000000
87070  -38.471  28.653  30.326 0.0000000000
87756  -39.151  29.104  30.508 0.0000000000
87729  -38.139  29.634  34.020 0.0000000000
87051  -39.029  29.202  33.161 0.0000000000
87747  -40.180  29.516  31.741 0.0000000000
87749  -41.767  30.069  31.351 0.0000000000
88438  -43.391  30.609  32.017 0.0000000000
88423  -44.286  31.478  32.337 0.0000000000
89860  -39.643  32.547  29.860 0.0000000000
89862  -41.641  32.692  30.373 0.0000000000
89864  -43.764  32.767  30.855 0.0000000000
89866  -45.974  32.305  31.006 0.0000000000
90566  -46.681  32.905  29.307 0.0000000000
90589  -47.344  33.397  28.429 0.0000000000
91894  -47.257  35.258  27.385 0.0000000000
84714  -51.940  25.163  23.630 0.0000000000
83863  -50.469  24.597  23.547 0.0000000000
84684  -52.907  25.486  28.374 0.0000000000
83832  -53.206  25.559  27.340 0.0000000000
83841  -51.771  24.569  27.514 0.0000000000
83851  -50.382  24.279  24.858 0.0000000000
83861  -48.631  24.031  23.566 0.0000000000
83002  -46.045  23.604  23.823 0.0000000000
83000  -44.929  23.540  23.691 0.0000000000
82998  -43.086  23.618  23.707 0.0000000000
82110  -44.689  22.880  25.621 0.0000000000
82982  -43.563  23.131  24.715 0.0000000000
82997  -42.041  23.992  23.563 0.0000000000
83849  -40.204  24.641  23.963 0.0000000000
80361  -43.933  20.922  34.937 0.0000000000
80368  -40.629  20.289  33.209 0.0000000000
80371  -42.687  20.954  33.935 0.0000000000
82003  -43.572  22.197  34.016 0.0000000000
82015  -43.991  22.772  33.553 0.0000000000
82869  -44.509  23.184  32.668 0.0000000000
82884  -44.917  23.330  31.098 0.0000000000
82054  -43.946  23.061  30.273 0.0000000000
82073  -42.509  22.474  28.708 0.0000000000
82085  -40.560  22.179  28.006 0.0000000000
85542  -36.394  26.341  27.067 0.0000000000
85527  -36.378  26.516  29.397 0.0000000000
85520  -36.306  26.455  30.419 0.0000000000
85498  -35.244  26.627  32.428 0.0000000000
86270  -34.128  28.045  33.368 0.0000000000
83968  -54.228  24.356  17.004 0.0000000000
83966  -53.045  24.828  16.474 0.0000000000
83982  -52.723  24.719  15.686 0.0000000000
83901  -48.240  24.963  19.823 0.0000000000
83920  -49.071  25.215  19.429 0.0000000000
84824  -46.983  25.924  16.986 0.0000000000
84826  -48.936  25.886  16.760 0.0000000000
84810  -49.978  25.642  17.171 0.0000000000
84839  -51.424  26.262  15.356 0.0000000000
85655  -52.581  26.246  14.389 0.0000000000
84848  -52.988  25.684  13.618 0.0000000000
85688  -52.493  26.636  12.558 0.0000000000
85687  -52.210  26.958  11.966 0.0000000000
85699  -51.248  27.189  11.238 0.0000000000
86455  -49.955  28.291  11.770 0.0000000000
86466  -50.056  28.041  10.805 0.0000000000
85698  -50.208  27.348  10.755 0.0000000000
85707  -49.028  27.412  9.950 0.0000000000
85706  -48.170  27.335  9.652 0.0000000000
86475  -47.106  27.915  8.971 0.0000000000
87087  -39.039  28.786  26.320 0.0000000000
87792  -40.238  28.955  24.477 0.0000000000
87797  -41.323  29.594  23.519 0.0000000000
88494  -42.889  30.101  25.627 0.0000000000
88507  -42.364  30.025  23.603 0.0000000000
88514  -42.482  30.063  22.480 0.0000000000
88538  -43.949  30.548  20.995 0.0000000000
89236  -44.593  30.908  19.283 0.0000000000
89256  -45.055  31.008  17.617 0.0000000000
89190  -47.023  31.216  27.512 0.0000000000
89198  -47.182  31.741  25.487 0.0000000000
89208  -47.154  31.784  23.389 0.0000000000
90609  -48.584  33.164  23.095 0.0000000000
90613  -48.124  32.553  22.222 0.0000000000
89921  -46.912  31.828  21.916 0.0000000000
89949  -46.538  31.986  19.763 0.0000000000
89257  -45.858  31.555  17.910 0.0000000000
89266  -45.346  31.215  16.762 0.0000000000
89288  -45.653  31.319  14.640 0.0000000000
88603  -46.316  30.828  11.777 0.0000000000
90002  -47.935  32.726  14.219 0.0000000000
89305  -46.610  31.812  11.872 0.0000000000
87898  -47.238  30.339  9.824 0.0000000000
87899  -47.579  30.002  9.044 0.0000000000
87202  -46.781  29.351  8.693 0.0000000000
90716  -46.591  33.728  9.290 0.0000000000
92020  -50.190  35.769  16.992 0.0000000000
92027  -49.135  35.721  15.913 0.0000000000
91377  -47.176  35.487  14.192 0.0000000000
91324  -46.352  34.942  17.125 0.0000000000
91342  -45.984  34.842  16.138 0.0000000000
91375  -44.895  35.088  13.930 0.0000000000
91387  -43.074  35.042  12.887 0.0000000000
91396  -41.884  34.428  12.411 0.0000000000
90688  -40.769  33.898  12.537 0.0000000000
91318  -40.306  34.322  17.031 0.0000000000
91335  -38.880  34.347  15.768 0.0000000000
95208  -43.915  40.986  23.959 0.0000000000
94130  -42.719  39.420  23.126 0.0000000000
93604  -42.195  38.553  22.696 0.0000000000
93119  -40.602  37.451  21.589 0.0000000000
92596  -39.390  36.763  20.537 0.0000000000
86337  -37.630  27.233  25.452 0.0000000000
86338  -38.192  27.611  25.036 0.0000000000
87085  -37.715  28.020  26.194 0.0000000000
82887  -47.688  23.723  31.344 0.0000000000
82900  -45.812  23.330  30.062 0.0000000000
82885  -46.009  23.390  31.009 0.0000000000
80420  -32.926  21.207  30.545 0.0000000000
88570  -44.263  29.898  16.827 0.0000000000
87858  -44.262  29.201  15.945 0.0000000000
88576  -44.612  30.060  15.836 0.0000000000
87865  -44.747  29.460  14.992 0.0000000000
88471  -45.188  30.711  30.138 0.0000000000
92023  -52.935  35.613  17.651 0.0000000000
91309  -53.148  35.023  18.125 0.0000000000
91346  -52.821  35.344  17.061 0.0000000000
91345  -52.471  35.302  16.642 0.0000000000
92030  -52.157  35.738  16.562 0.0000000000
93100  -44.069  38.253  23.944 0.0000000000
92556  -44.165  37.134  23.264 0.0000000000
92555  -43.709  37.216  23.099 0.0000000000
92568  -43.378  36.910  22.692 0.0000000000
93116  -43.091  37.548  22.990 0.0000000000
83870  -42.350  24.680  22.469 0.0000000000
87809  -41.325  29.085  21.507 0.0000000000
87105  -41.253  28.544  21.054 0.0000000000
87820  -41.894  29.256  20.615 0.0000000000
87810  -41.933  29.534  20.966 0.0000000000
91213  -49.193  34.356  28.542 0.0000000000
93082  -52.474  37.475  26.705 0.0000000000
91923  -53.098  36.820  26.730 0.0000000000
92553  -53.031  36.988  24.720 0.0000000000
92552  -52.012  37.203  24.639 0.0000000000
92543  -51.491  37.466  25.362 0.0000000000
95185  -48.060  41.290  27.785 0.0000000000
94088  -48.206  39.990  27.356 0.0000000000
94596  -47.606  40.733  27.266 0.0000000000
94595  -47.140  40.990  26.973 0.0000000000
95184  -47.183  41.470  27.112 0.0000000000
84861  -50.615  25.336  12.630 0.0000000000
84872  -49.012  25.942  11.946 0.0000000000
86273  -36.607  27.866  32.965 0.0000000000
89134  -38.734  31.537  32.362 0.0000000000
89122  -38.860  31.253  33.411 0.0000000000
89123  -39.935  31.505  33.251 0.0000000000
89149  -39.527  31.906  31.663 0.0000000000
91208  -43.344  33.968  27.275 0.0000000000
91209  -44.363  33.864  27.375 0.0000000000
85550  -54.749  27.618  26.704 0.0000000000
85556  -54.275  26.975  26.212 0.0000000000
84698  -53.600  26.081  26.825 0.0000000000
82956  -48.787  23.558  27.809 0.0000000000
82970  -46.659  23.426  25.920 0.0000000000
82954  -46.919  23.413  26.769 0.0000000000
82099  -42.058  22.630  26.869 0.0000000000
82106  -41.606  22.909  26.136 0.0000000000
82951  -40.356  22.911  26.354 0.0000000000
78590  -40.592  18.557  33.856 0.0000000000
81230  -40.290  21.260  32.011 0.0000000000
82039  -41.461  22.019  31.241 0.0000000000
81242  -41.118  21.772  30.727 0.0000000000
83812  -35.372  24.355  28.495 0.0000000000
83811  -34.902  24.014  28.926 0.0000000000
84811  -50.487  25.743  16.760 0.0000000000
84786  -45.117  25.529  18.640 0.0000000000
84787  -46.210  25.334  18.749 0.0000000000
84805  -45.571  25.806  17.783 0.0000000000
85663  -48.076  27.178  14.601 0.0000000000
85664  -49.136  27.117  14.586 0.0000000000
85665  -50.194  27.086  14.582 0.0000000000
86433  -50.113  27.539  13.835 0.0000000000
86446  -51.098  27.712  13.078 0.0000000000
87185  -47.831  29.147  10.613 0.0000000000
87194  -47.621  29.627  9.696 0.0000000000
87771  -40.593  29.499  28.472 0.0000000000
87777  -40.545  29.382  27.438 0.0000000000
88510  -45.170  30.588  23.868 0.0000000000
89206  -45.480  30.979  22.779 0.0000000000
89205  -45.038  30.913  22.168 0.0000000000
90601  -49.808  33.925  25.505 0.0000000000
90600  -49.075  33.323  25.254 0.0000000000
90605  -49.620  33.826  24.358 0.0000000000
89962  -49.139  32.807  18.332 0.0000000000
89952  -48.886  32.754  19.308 0.0000000000
89980  -47.700  32.402  16.547 0.0000000000
89981  -48.716  32.740  16.389 0.0000000000
90033  -48.511  33.458  10.286 0.0000000000
90032  -47.776  32.624  10.409 0.0000000000
88617  -47.113  31.478  8.881 0.0000000000
89325  -46.620  32.088  8.756 0.0000000000
90047  -47.537  33.135  8.764 0.0000000000
92049  -46.427  35.364  12.033 0.0000000000
91400  -45.827  35.063  11.415 0.0000000000
91389  -45.462  35.321  12.683 0.0000000000
91971  -47.969  35.668  20.284 0.0000000000
91994  -47.587  35.382  19.225 0.0000000000
91321  -43.299  34.500  17.181 0.0000000000
91356  -41.303  34.393  14.960 0.0000000000
91338  -41.838  34.267  16.086 0.0000000000
91986  -39.533  35.378  19.442 0.0000000000
91276  -39.174  34.858  18.725 0.0000000000
84728  -39.911  26.198  23.013 0.0000000000
85569  -39.563  26.610  23.220 0.0000000000
87097  -39.588  27.885  23.543 0.0000000000
87098  -40.053  28.420  23.415 0.0000000000
87095  -40.027  28.640  23.918 0.0000000000
92507  -49.292  36.735  28.465 0.0000000000
93043  -49.595  37.807  28.955 0.0000000000
93045  -51.341  37.715  28.263 0.0000000000
93545  -50.564  38.381  28.468 0.0000000000
93557  -50.808  38.342  27.821 0.0000000000
94077  -49.660  39.696  28.794 0.0000000000
95157  -49.514  41.280  29.662 0.0000000000
95167  -49.161  41.213  28.741 0.0000000000
84862  -51.720  25.434  12.564 0.0000000000
87739  -34.035  29.934  33.432 0.0000000000
88400  -35.109  30.313  33.489 0.0000000000
88415  -34.482  30.414  33.117 0.0000000000
82915  -48.483  23.578  29.624 0.0000000000
82925  -46.469  23.361  28.239 0.0000000000
82913  -46.621  23.375  29.260 0.0000000000
82911  -44.883  23.060  28.639 0.0000000000
82074  -43.407  22.653  28.439 0.0000000000
80439  -35.861  20.981  29.378 0.0000000000
81249  -35.485  21.511  29.010 0.0000000000
81260  -35.385  21.996  28.707 0.0000000000
81248  -34.705  21.944  29.140 0.0000000000
82060  -34.279  22.747  29.230 0.0000000000
81247  -34.007  22.200  29.508 0.0000000000
82897  -32.482  23.318  30.448 0.0000000000
85633  -44.425  26.807  16.696 0.0000000000
86411  -44.544  27.101  16.224 0.0000000000
86428  -45.165  28.072  14.873 0.0000000000
86420  -45.752  27.306  15.159 0.0000000000
86430  -46.688  27.523  14.520 0.0000000000
86442  -46.355  28.197  13.906 0.0000000000
87174  -46.795  29.260  12.106 0.0000000000
87880  -46.082  29.960  12.423 0.0000000000
88468  -42.095  30.082  30.215 0.0000000000
87767  -42.497  30.063  29.058 0.0000000000
88491  -45.414  30.551  26.968 0.0000000000
88497  -45.324  30.566  25.980 0.0000000000
88504  -45.815  30.738  25.496 0.0000000000
91253  -52.345  34.668  22.431 0.0000000000
91257  -52.293  34.400  21.274 0.0000000000
90648  -52.013  34.028  17.763 0.0000000000
90640  -51.700  33.786  18.800 0.0000000000
90647  -51.075  33.485  17.974 0.0000000000
90663  -50.354  33.701  16.074 0.0000000000
91362  -51.459  34.768  14.124 0.0000000000
90681  -50.901  34.445  13.384 0.0000000000
90701  -50.404  35.398  12.025 0.0000000000
92046  -50.714  36.276  14.120 0.0000000000
92053  -50.105  36.303  13.175 0.0000000000
92052  -49.040  36.045  13.001 0.0000000000
92044  -49.021  36.118  13.992 0.0000000000
92570  -45.802  36.399  22.913 0.0000000000
91948  -45.979  35.669  21.322 0.0000000000
91946  -43.923  35.748  21.316 0.0000000000
91968  -44.572  35.445  20.549 0.0000000000
91281  -43.965  34.985  18.959 0.0000000000
91990  -43.293  35.259  19.755 0.0000000000
91989  -42.328  35.303  19.715 0.0000000000
91965  -41.667  35.672  20.442 0.0000000000
91964  -40.754  35.796  20.262 0.0000000000
91943  -41.016  36.209  21.012 0.0000000000
83874  -45.613  24.217  22.112 0.0000000000
83896  -43.816  24.871  20.635 0.0000000000
83897  -44.758  24.645  20.630 0.0000000000
83914  -44.329  24.991  20.012 0.0000000000
84762  -43.450  25.596  19.664 0.0000000000
84738  -40.917  26.299  21.868 0.0000000000
84739  -41.497  25.978  21.569 0.0000000000
85581  -41.082  26.715  21.321 0.0000000000
86384  -42.091  27.291  19.512 0.0000000000
86385  -42.397  26.898  19.292 0.0000000000
85604  -43.258  26.225  18.993 0.0000000000
86394  -42.612  27.244  18.722 0.0000000000
86402  -42.840  27.617  18.187 0.0000000000
87136  -42.624  27.865  18.374 0.0000000000
88553  -43.538  29.728  18.441 0.0000000000
88561  -43.807  29.548  17.449 0.0000000000
88554  -43.985  30.373  18.877 0.0000000000
89183  -47.867  31.997  29.691 0.0000000000
89904  -49.786  33.179  28.410 0.0000000000
89903  -49.285  32.758  28.660 0.0000000000
89909  -49.897  33.111  27.971 0.0000000000
90597  -50.751  33.949  27.422 0.0000000000
92508  -50.545  36.379  28.576 0.0000000000
91897  -51.051  35.410  28.443 0.0000000000
91925  -52.973  35.601  25.879 0.0000000000
91236  -52.169  35.111  26.829 0.0000000000
91240  -52.205  35.045  25.833 0.0000000000
91239  -51.450  34.680  25.683 0.0000000000
91244  -52.313  34.998  24.809 0.0000000000
91248  -52.542  35.063  23.588 0.0000000000
91931  -52.835  35.287  24.243 0.0000000000
92586  -52.751  36.779  21.913 0.0000000000
92587  -53.193  36.365  21.775 0.0000000000
92599  -52.863  36.664  21.044 0.0000000000
92610  -53.063  36.470  20.474 0.0000000000
91975  -52.773  36.566  20.449 0.0000000000
91997  -51.694  36.355  19.410 0.0000000000
91953  -51.791  36.707  21.359 0.0000000000
92574  -50.432  36.816  22.783 0.0000000000
91940  -50.502  36.664  22.147 0.0000000000
91939  -49.837  36.527  22.104 0.0000000000
92573  -49.231  36.591  22.888 0.0000000000
93577  -50.148  38.542  27.139 0.0000000000
92542  -50.380  37.434  25.199 0.0000000000
93078  -49.484  38.258  26.302 0.0000000000
93090  -48.081  38.098  25.410 0.0000000000
93105  -48.524  37.505  25.059 0.0000000000
92549  -48.097  37.016  24.430 0.0000000000
92572  -48.067  36.366  22.915 0.0000000000
92571  -46.924  36.338  22.896 0.0000000000
92548  -47.015  37.073  24.242 0.0000000000
94115  -45.893  39.498  25.423 0.0000000000
93584  -45.993  38.830  25.177 0.0000000000
94124  -45.284  39.460  25.007 0.0000000000
93595  -45.346  38.758  24.809 0.0000000000
94114  -45.199  40.074  25.083 0.0000000000
85683  -48.672  26.458  11.169 0.0000000000
85682  -47.716  26.412  11.107 0.0000000000
86312  -36.829  27.222  29.035 0.0000000000
86313  -37.349  27.777  28.585 0.0000000000
86306  -37.342  27.713  29.570 0.0000000000
87062  -37.900  28.170  31.091 0.0000000000
87728  -36.929  29.550  34.142 0.0000000000
87730  -39.438  29.736  33.578 0.0000000000
87748  -41.139  29.939  31.828 0.0000000000
87742  -40.966  30.147  32.770 0.0000000000
89125  -42.034  31.459  33.156 0.0000000000
88421  -42.413  30.857  32.911 0.0000000000
89126  -43.169  31.567  32.755 0.0000000000
88422  -43.630  31.195  32.506 0.0000000000
89826  -43.815  31.967  32.680 0.0000000000
90583  -40.427  33.709  27.711 0.0000000000
89884  -39.536  32.830  29.050 0.0000000000
89885  -40.540  32.811  29.138 0.0000000000
89861  -40.588  32.604  30.101 0.0000000000
89886  -41.563  32.807  29.323 0.0000000000
90564  -43.818  33.030  28.995 0.0000000000
89888  -43.485  32.818  29.985 0.0000000000
89865  -44.850  32.549  30.985 0.0000000000
89890  -45.820  32.637  30.172 0.0000000000
90565  -45.289  32.979  29.093 0.0000000000
91210  -45.377  33.837  27.442 0.0000000000
91211  -46.474  34.202  27.404 0.0000000000
91212  -47.975  34.261  27.947 0.0000000000
91893  -46.257  35.192  27.098 0.0000000000
85570  -54.524  27.205  24.049 0.0000000000
84706  -53.807  26.342  25.618 0.0000000000
84715  -52.465  25.362  24.191 0.0000000000
83852  -51.567  24.870  24.413 0.0000000000
83814  -52.302  25.008  28.811 0.0000000000
83821  -52.476  24.939  28.002 0.0000000000
84691  -52.950  25.376  27.902 0.0000000000
83822  -52.985  25.321  27.625 0.0000000000
83831  -52.786  25.122  27.293 0.0000000000
82989  -49.667  23.970  25.116 0.0000000000
83850  -49.654  24.059  24.602 0.0000000000
83862  -49.363  24.173  23.819 0.0000000000
83004  -48.686  23.925  24.083 0.0000000000
83003  -47.995  23.873  23.748 0.0000000000
82985  -45.918  23.388  24.594 0.0000000000
83001  -45.615  23.590  23.729 0.0000000000
82999  -44.064  23.494  23.709 0.0000000000
82090  -44.982  22.979  27.002 0.0000000000
82103  -45.162  22.948  26.177 0.0000000000
82102  -44.468  22.803  26.386 0.0000000000
82965  -41.887  23.196  25.375 0.0000000000
82966  -42.799  23.059  25.351 0.0000000000
82981  -42.453  23.404  24.525 0.0000000000
82996  -41.004  24.161  23.793 0.0000000000
82979  -40.324  24.162  24.535 0.0000000000
82860  -46.168  23.679  33.361 0.0000000000
79476  -42.726  19.243  34.838 0.0000000000
79477  -43.327  19.594  35.211 0.0000000000
80351  -43.779  20.314  35.184 0.0000000000
80360  -43.276  20.640  34.544 0.0000000000
79524  -39.475  20.017  32.894 0.0000000000
79503  -40.066  19.569  33.266 0.0000000000
81216  -41.341  21.537  32.636 0.0000000000
81199  -41.744  21.119  33.282 0.0000000000
81200  -42.320  21.565  33.311 0.0000000000
81201  -43.101  21.581  33.957 0.0000000000
82014  -43.093  22.333  33.311 0.0000000000
82029  -43.617  22.801  32.732 0.0000000000
82042  -43.673  22.845  31.616 0.0000000000
82053  -43.031  22.689  30.552 0.0000000000
82072  -41.522  22.199  29.046 0.0000000000
82086  -41.725  22.422  27.839 0.0000000000
83819  -36.458  24.523  27.006 0.0000000000
83827  -37.015  24.529  26.341 0.0000000000
84695  -36.714  25.462  26.353 0.0000000000
85541  -36.066  25.914  27.906 0.0000000000
85534  -36.445  26.646  28.255 0.0000000000
85526  -35.833  25.832  29.740 0.0000000000
83802  -33.974  24.013  29.808 0.0000000000
83795  -34.144  24.458  30.044 0.0000000000
84668  -33.598  24.779  30.765 0.0000000000
85496  -33.727  26.488  32.609 0.0000000000
85497  -34.582  26.556  32.587 0.0000000000
86282  -34.358  27.252  33.021 0.0000000000
87046  -33.879  28.827  33.536 0.0000000000
83953  -54.580  24.612  17.548 0.0000000000
83952  -54.049  24.752  17.317 0.0000000000
83900  -47.319  24.833  20.006 0.0000000000
84766  -47.883  25.295  18.803 0.0000000000
83918  -47.729  25.137  19.299 0.0000000000
84823  -46.165  25.933  17.139 0.0000000000
84827  -49.820  25.913  16.574 0.0000000000
84809  -49.273  25.643  17.452 0.0000000000
84828  -50.647  26.012  16.179 0.0000000000
85640  -50.978  26.279  15.621 0.0000000000
85654  -52.122  26.437  14.604 0.0000000000
85668  -52.763  26.374  14.022 0.0000000000
85676  -52.645  26.619  13.246 0.0000000000
86457  -51.819  27.435  12.406 0.0000000000
85700  -51.754  27.090  11.544 0.0000000000
86454  -49.211  28.399  12.106 0.0000000000
87187  -49.489  28.345  10.533 0.0000000000
85708  -49.496  27.481  10.358 0.0000000000
86486  -48.375  28.523  8.866 0.0000000000
86476  -48.026  27.864  8.926 0.0000000000
86485  -47.818  28.534  8.647 0.0000000000
87082  -38.485  28.540  27.162 0.0000000000
87083  -39.215  28.827  27.202 0.0000000000
87787  -40.415  29.237  25.505 0.0000000000
87793  -41.105  29.525  24.641 0.0000000000
87798  -41.669  29.747  24.110 0.0000000000
88488  -42.970  30.174  26.595 0.0000000000
87784  -42.132  29.919  26.561 0.0000000000
88508  -43.505  30.314  23.696 0.0000000000
88526  -43.195  30.275  21.690 0.0000000000
88527  -43.961  30.498  21.909 0.0000000000
89228  -45.329  31.315  20.725 0.0000000000
89227  -44.622  30.959  20.347 0.0000000000
89246  -44.601  30.721  18.281 0.0000000000
89247  -45.207  31.248  18.643 0.0000000000
89191  -47.837  31.668  27.911 0.0000000000
89915  -47.713  32.315  24.709 0.0000000000
89202  -47.149  31.724  24.337 0.0000000000
90616  -50.635  33.833  21.624 0.0000000000
90615  -49.725  33.642  22.107 0.0000000000
89942  -48.673  32.653  20.384 0.0000000000
89928  -48.247  32.503  21.351 0.0000000000
89922  -47.600  32.216  22.344 0.0000000000
89927  -47.406  32.135  21.283 0.0000000000
89926  -46.700  31.831  21.182 0.0000000000
89940  -47.048  32.091  20.460 0.0000000000
89969  -46.731  32.014  17.715 0.0000000000
89959  -46.619  32.017  18.775 0.0000000000
89277  -45.501  31.357  15.793 0.0000000000
89278  -46.153  31.812  15.741 0.0000000000
90000  -46.147  31.711  14.202 0.0000000000
89297  -45.854  31.289  13.482 0.0000000000
89304  -46.191  31.424  12.483 0.0000000000
90003  -48.911  33.141  14.384 0.0000000000
90016  -47.936  32.911  12.883 0.0000000000
89313  -46.973  31.785  10.711 0.0000000000
90025  -47.203  32.445  11.908 0.0000000000
88604  -46.799  30.924  10.757 0.0000000000
86483  -46.475  28.705  8.886 0.0000000000
87201  -46.085  29.008  9.085 0.0000000000
91411  -48.467  35.021  10.171 0.0000000000
91418  -47.232  34.430  9.554 0.0000000000
90707  -44.813  33.814  10.389 0.0000000000
92010  -50.214  35.880  18.145 0.0000000000
91326  -48.144  35.356  17.305 0.0000000000
92019  -48.995  35.581  16.949 0.0000000000
92026  -48.168  35.462  15.948 0.0000000000
92034  -47.893  35.552  14.867 0.0000000000
91343  -47.086  35.147  16.064 0.0000000000
91283  -45.936  35.036  18.889 0.0000000000
91305  -46.649  35.024  18.028 0.0000000000
91341  -44.913  34.666  16.162 0.0000000000
91360  -45.499  34.968  15.077 0.0000000000
91374  -43.755  34.921  13.942 0.0000000000
91372  -41.711  34.671  13.912 0.0000000000
90696  -41.501  34.009  12.283 0.0000000000
91384  -40.317  34.354  13.115 0.0000000000
91383  -39.666  34.222  13.265 0.0000000000
91369  -39.049  34.305  13.785 0.0000000000
91368  -38.340  34.131  13.965 0.0000000000
91319  -41.292  34.397  17.093 0.0000000000
91334  -37.926  34.356  15.559 0.0000000000
94631  -42.733  40.175  22.996 0.0000000000
94137  -42.174  39.320  22.612 0.0000000000
93602  -40.858  38.324  21.780 0.0000000000
92580  -40.272  36.843  21.176 0.0000000000
85562  -38.581  26.502  24.202 0.0000000000
86350  -38.763  26.913  23.956 0.0000000000
86344  -38.485  27.290  24.481 0.0000000000
87093  -38.519  27.806  24.834 0.0000000000
93534  -49.308  39.405  29.375 0.0000000000
94066  -49.462  39.900  29.291 0.0000000000
94572  -49.376  40.713  29.826 0.0000000000
95150  -49.451  41.532  30.183 0.0000000000
95808  -49.533  42.116  29.881 0.0000000000
84863  -52.578  25.851  12.797 0.0000000000
88431  -33.450  30.646  31.779 0.0000000000
82902  -47.644  23.547  30.422 0.0000000000
81238  -33.400  21.890  29.946 0.0000000000
83879  -51.349  25.060  22.687 0.0000000000
83891  -49.062  24.979  19.963 0.0000000000
87150  -43.903  28.262  16.396 0.0000000000
86418  -44.199  27.896  16.039 0.0000000000
87151  -44.308  28.366  15.803 0.0000000000
87158  -45.433  28.329  14.475 0.0000000000
86441  -45.763  28.292  14.183 0.0000000000
87163  -45.100  29.096  14.436 0.0000000000
87872  -45.189  29.565  14.240 0.0000000000
88589  -45.254  30.133  14.097 0.0000000000
88470  -44.032  30.522  29.926 0.0000000000
88476  -43.889  30.383  28.743 0.0000000000
88477  -44.915  30.499  28.963 0.0000000000
88485  -45.651  30.496  28.057 0.0000000000
91999  -53.224  35.605  19.847 0.0000000000
91268  -53.103  34.862  20.415 0.0000000000
91287  -53.208  34.858  19.235 0.0000000000
91308  -52.697  34.647  17.560 0.0000000000
90656  -52.185  34.434  16.877 0.0000000000
90664  -51.529  34.444  15.951 0.0000000000
90665  -52.275  34.856  16.394 0.0000000000
91378  -51.419  35.248  13.412 0.0000000000
91363  -51.453  35.398  14.604 0.0000000000
92037  -50.971  35.916  14.805 0.0000000000
92569  -44.662  36.557  22.835 0.0000000000
91947  -44.905  35.662  21.355 0.0000000000
91966  -42.635  35.577  20.527 0.0000000000
91945  -42.997  35.898  21.267 0.0000000000
92582  -42.551  36.513  21.874 0.0000000000
92567  -42.193  37.105  22.281 0.0000000000
83872  -44.052  24.206  22.192 0.0000000000
83884  -43.565  24.605  21.501 0.0000000000
83895  -43.136  25.004  20.955 0.0000000000
86373  -41.189  27.395  20.917 0.0000000000
87114  -41.341  28.110  20.634 0.0000000000
87122  -41.865  28.123  19.658 0.0000000000
87123  -42.218  28.512  19.257 0.0000000000
87829  -42.226  29.050  19.736 0.0000000000
88545  -42.684  29.530  19.788 0.0000000000
90568  -48.852  32.954  29.245 0.0000000000
90591  -49.497  33.376  28.725 0.0000000000
92510  -52.252  36.792  28.040 0.0000000000
91898  -52.141  35.731  27.974 0.0000000000
91899  -52.749  36.429  27.474 0.0000000000
91929  -53.254  36.170  24.778 0.0000000000
91932  -53.156  35.790  23.679 0.0000000000
92564  -53.033  36.603  23.715 0.0000000000
92576  -52.575  36.875  22.787 0.0000000000
92585  -51.887  36.857  21.977 0.0000000000
92575  -51.607  36.876  22.851 0.0000000000
92562  -51.190  36.962  23.703 0.0000000000
94089  -49.164  39.683  27.772 0.0000000000
93576  -48.907  38.988  26.991 0.0000000000
94108  -48.545  39.513  27.222 0.0000000000
94107  -47.930  39.482  26.691 0.0000000000
93586  -47.739  38.893  26.021 0.0000000000
93089  -47.126  38.228  25.179 0.0000000000
94106  -47.068  39.841  26.418 0.0000000000
94621  -46.391  40.025  26.046 0.0000000000
94612  -46.138  41.010  26.164 0.0000000000
86296  -36.740  27.090  31.171 0.0000000000
86297  -37.344  27.647  30.607 0.0000000000
87055  -37.783  28.263  32.423 0.0000000000
88435  -37.077  30.880  32.902 0.0000000000
88403  -37.802  30.342  34.058 0.0000000000
88404  -39.057  30.647  33.921 0.0000000000
88405  -40.255  30.648  33.696 0.0000000000
87731  -40.531  30.236  33.328 0.0000000000
89114  -40.152  31.191  33.674 0.0000000000
89124  -41.103  31.837  33.157 0.0000000000
89830  -41.313  32.263  32.252 0.0000000000
90563  -42.575  33.034  28.601 0.0000000000
90587  -44.733  33.352  28.094 0.0000000000
85563  -54.464  27.105  25.163 0.0000000000
84707  -53.939  26.481  25.805 0.0000000000
83842  -52.191  25.027  25.340 0.0000000000
82958  -50.661  24.095  27.966 0.0000000000
83829  -50.817  24.176  27.758 0.0000000000
83840  -51.039  24.265  27.665 0.0000000000
82987  -46.794  23.473  25.716 0.0000000000
82969  -46.150  23.348  25.459 0.0000000000
82968  -45.660  23.198  25.126 0.0000000000
82101  -43.722  22.711  26.587 0.0000000000
82107  -42.403  22.869  26.078 0.0000000000
80408  -39.733  20.831  32.165 0.0000000000
80387  -40.115  20.580  32.693 0.0000000000
82013  -42.470  22.204  32.837 0.0000000000
82027  -42.088  22.273  32.228 0.0000000000
82040  -41.917  22.325  31.363 0.0000000000
82052  -42.254  22.423  30.641 0.0000000000
81255  -41.312  21.940  29.952 0.0000000000
81265  -40.221  21.687  29.037 0.0000000000
82935  -36.261  23.669  27.486 0.0000000000
83818  -35.907  24.445  27.738 0.0000000000
84689  -35.753  25.210  28.189 0.0000000000
84677  -35.031  25.148  29.995 0.0000000000
84813  -53.746  25.114  17.800 0.0000000000
84829  -51.189  26.027  15.792 0.0000000000
83916  -45.920  24.874  19.813 0.0000000000
83917  -46.724  25.032  19.471 0.0000000000
84765  -46.095  25.108  19.350 0.0000000000
84788  -47.258  25.308  18.603 0.0000000000
85649  -47.000  26.852  15.253 0.0000000000
85636  -47.475  26.322  16.143 0.0000000000
85639  -50.450  26.273  15.797 0.0000000000
85652  -50.329  26.652  15.225 0.0000000000
85666  -51.148  26.974  14.457 0.0000000000
86435  -51.672  27.208  13.947 0.0000000000
85675  -52.384  27.003  13.396 0.0000000000
86447  -51.986  27.293  13.318 0.0000000000
86456  -51.005  27.894  12.100 0.0000000000
87176  -49.061  28.447  11.506 0.0000000000
87196  -49.163  28.429  9.810 0.0000000000
87078  -39.358  28.903  27.782 0.0000000000
87776  -39.835  29.109  27.282 0.0000000000
88509  -44.391  30.464  23.837 0.0000000000
88516  -44.445  30.592  22.724 0.0000000000
89913  -48.667  32.803  26.163 0.0000000000
89916  -48.320  32.864  25.048 0.0000000000
89919  -48.241  32.772  24.097 0.0000000000
90631  -50.293  33.318  20.034 0.0000000000
90620  -49.364  32.997  21.007 0.0000000000
90630  -49.402  32.939  19.993 0.0000000000
89951  -48.072  32.479  19.466 0.0000000000
89950  -47.266  32.240  19.581 0.0000000000
89979  -46.835  32.097  16.672 0.0000000000
89990  -46.902  32.174  15.649 0.0000000000
90001  -46.862  32.199  14.476 0.0000000000
90689  -48.950  33.521  12.583 0.0000000000
88616  -46.400  31.101  8.842 0.0000000000
92059  -47.272  35.454  11.254 0.0000000000
91409  -46.311  34.618  10.286 0.0000000000
92008  -47.828  35.315  18.541 0.0000000000
91306  -47.675  35.201  18.050 0.0000000000
91303  -44.638  34.810  18.105 0.0000000000
91358  -43.337  34.591  15.052 0.0000000000
91371  -40.754  34.560  13.891 0.0000000000
91355  -40.330  34.385  14.896 0.0000000000
91298  -39.741  34.460  17.959 0.0000000000
91296  -37.791  34.555  17.639 0.0000000000
83868  -41.134  25.050  22.817 0.0000000000
84729  -40.578  25.816  22.653 0.0000000000
85576  -40.605  26.702  21.999 0.0000000000
86351  -39.230  27.247  23.607 0.0000000000
86357  -39.847  27.281  22.904 0.0000000000
86358  -40.367  27.384  22.187 0.0000000000
87808  -40.682  28.544  22.032 0.0000000000
87801  -40.614  28.782  22.563 0.0000000000
87802  -41.146  29.364  22.548 0.0000000000
92496  -51.078  37.158  28.735 0.0000000000
93046  -51.874  37.264  28.108 0.0000000000
93057  -52.084  37.358  27.466 0.0000000000
93081  -51.926  37.575  26.777 0.0000000000
93094  -51.838  37.637  26.130 0.0000000000
93578  -50.870  38.141  27.115 0.0000000000
94090  -49.593  39.629  28.357 0.0000000000
95186  -48.599  41.184  28.261 0.0000000000
95166  -48.473  41.728  28.295 0.0000000000
87047  -34.930  28.861  33.740 0.0000000000
87048  -35.981  28.727  33.959 0.0000000000
88401  -35.718  30.277  33.744 0.0000000000
88433  -35.351  30.859  32.382 0.0000000000
88453  -35.903  31.084  31.844 0.0000000000
88417  -36.521  30.664  33.357 0.0000000000
82927  -48.342  23.532  28.777 0.0000000000
82939  -48.119  23.448  28.018 0.0000000000
82938  -47.190  23.401  27.658 0.0000000000
82076  -44.786  22.933  27.649 0.0000000000
82923  -44.859  22.987  28.063 0.0000000000
82088  -43.564  22.642  27.473 0.0000000000
79501  -38.282  19.318  32.962 0.0000000000
79523  -38.803  19.931  32.747 0.0000000000
80385  -38.589  20.348  32.277 0.0000000000
80384  -37.907  20.174  32.153 0.0000000000
80407  -39.181  20.757  31.837 0.0000000000
82921  -34.582  23.434  29.027 0.0000000000
82910  -34.074  23.470  29.480 0.0000000000
82059  -33.585  22.837  29.681 0.0000000000
82898  -33.145  23.444  30.125 0.0000000000
83793  -32.853  24.029  30.554 0.0000000000
85618  -44.255  26.304  17.971 0.0000000000
85625  -44.772  26.311  17.266 0.0000000000
85647  -45.361  27.071  15.594 0.0000000000
85648  -45.920  26.836  15.572 0.0000000000
85662  -47.379  27.287  14.608 0.0000000000
87165  -47.058  28.617  12.899 0.0000000000
87772  -41.532  29.722  28.513 0.0000000000
87773  -42.367  29.947  28.456 0.0000000000
88482  -43.045  30.155  27.560 0.0000000000
88489  -43.814  30.286  26.661 0.0000000000
88483  -43.858  30.294  27.662 0.0000000000
88496  -44.611  30.382  25.774 0.0000000000
88503  -45.529  30.621  24.872 0.0000000000
91246  -50.331  34.152  23.430 0.0000000000
91252  -51.057  34.114  22.276 0.0000000000
91267  -52.201  34.112  19.918 0.0000000000
91266  -51.144  33.649  20.358 0.0000000000
90639  -50.700  33.383  18.973 0.0000000000
90646  -50.059  33.151  18.181 0.0000000000
89972  -49.378  32.931  17.382 0.0000000000
89982  -49.607  33.166  16.618 0.0000000000
90680  -49.738  33.687  13.716 0.0000000000
90673  -50.785  34.218  14.717 0.0000000000
90709  -48.961  34.350  10.352 0.0000000000
90040  -48.447  33.781  9.537 0.0000000000
90710  -49.368  35.042  10.754 0.0000000000
91412  -49.023  35.442  11.018 0.0000000000
91391  -50.960  35.845  12.799 0.0000000000
91403  -50.159  35.957  12.187 0.0000000000
92068  -48.660  35.565  11.393 0.0000000000
92060  -48.107  35.645  11.757 0.0000000000
92050  -47.217  35.657  12.337 0.0000000000
92042  -47.163  35.669  13.316 0.0000000000
91970  -46.728  35.493  20.387 0.0000000000
91992  -45.253  35.232  19.721 0.0000000000
91282  -44.939  35.042  18.934 0.0000000000
91302  -43.655  34.738  18.111 0.0000000000
91320  -42.298  34.345  17.158 0.0000000000
91301  -42.673  34.649  18.099 0.0000000000
91278  -41.064  34.943  18.858 0.0000000000
91987  -40.447  35.360  19.552 0.0000000000
91963  -39.868  35.909  20.110 0.0000000000
83876  -48.292  24.204  22.748 0.0000000000
83889  -47.790  24.795  20.195 0.0000000000
83886  -45.241  24.397  21.341 0.0000000000
83898  -45.597  24.622  20.539 0.0000000000
84785  -44.173  25.871  18.697 0.0000000000
84740  -42.098  25.294  21.852 0.0000000000
84748  -42.466  25.654  20.691 0.0000000000
85588  -41.436  26.912  20.737 0.0000000000
85589  -41.915  26.579  20.309 0.0000000000
84761  -42.730  25.937  19.893 0.0000000000
84784  -43.599  26.039  18.920 0.0000000000
86403  -43.246  27.306  17.803 0.0000000000
87143  -43.362  28.163  17.158 0.0000000000
87844  -42.704  28.338  18.383 0.0000000000
87850  -43.751  28.995  16.776 0.0000000000
88569  -43.994  29.470  16.904 0.0000000000
89255  -44.564  30.509  17.452 0.0000000000
89171  -46.753  31.527  30.611 0.0000000000
88473  -46.941  31.159  30.132 0.0000000000
89182  -47.385  31.531  29.783 0.0000000000
89187  -48.033  31.769  29.053 0.0000000000
89902  -48.560  32.243  28.300 0.0000000000
89893  -48.947  32.736  29.124 0.0000000000
90593  -50.987  34.121  27.614 0.0000000000
91216  -52.188  35.274  27.449 0.0000000000
91234  -50.851  34.364  26.297 0.0000000000
91238  -50.666  34.372  25.603 0.0000000000
91254  -53.069  35.270  22.459 0.0000000000
91954  -53.343  35.741  21.654 0.0000000000
91976  -53.355  35.617  20.765 0.0000000000
92611  -53.253  36.128  20.327 0.0000000000
92012  -52.543  36.143  18.458 0.0000000000
91952  -50.884  36.587  21.501 0.0000000000
91972  -49.276  35.961  20.282 0.0000000000
91950  -48.331  35.914  21.231 0.0000000000
93093  -50.893  37.643  25.895 0.0000000000
93091  -48.930  37.888  25.605 0.0000000000
92550  -49.450  37.256  24.729 0.0000000000
91937  -47.554  36.063  22.098 0.0000000000
93103  -46.583  37.655  24.620 0.0000000000
92547  -46.081  37.245  24.094 0.0000000000
92557  -45.293  37.094  23.691 0.0000000000
93111  -45.018  37.585  24.050 0.0000000000
93101  -44.795  38.085  24.261 0.0000000000
93593  -43.916  38.829  24.042 0.0000000000
86324  -36.785  27.201  27.385 0.0000000000
86319  -37.301  27.770  27.662 0.0000000000
87076  -37.883  28.263  27.946 0.0000000000
87069  -37.889  28.192  30.003 0.0000000000
87074  -38.470  28.640  29.322 0.0000000000
87769  -38.928  28.904  28.854 0.0000000000
87763  -39.021  29.037  29.483 0.0000000000
87764  -39.807  29.382  29.494 0.0000000000
87757  -39.986  29.448  30.609 0.0000000000
87049  -37.136  28.582  33.579 0.0000000000
87050  -38.385  29.036  33.358 0.0000000000
87056  -38.763  28.907  32.529 0.0000000000
87746  -39.337  29.147  31.623 0.0000000000
87758  -40.905  29.704  30.687 0.0000000000
87759  -41.648  29.943  30.752 0.0000000000
88454  -42.245  30.156  30.829 0.0000000000
88420  -41.536  30.410  32.853 0.0000000000
88437  -42.134  30.276  31.953 0.0000000000
88455  -43.155  30.372  30.956 0.0000000000
88439  -44.382  30.990  31.948 0.0000000000
88457  -45.422  31.069  31.189 0.0000000000
89841  -40.607  32.324  31.364 0.0000000000
89842  -41.892  32.591  31.399 0.0000000000
89863  -42.718  32.755  30.616 0.0000000000
89832  -43.097  32.459  32.331 0.0000000000
89833  -43.917  32.317  32.431 0.0000000000
89845  -44.871  32.156  31.739 0.0000000000
89846  -46.004  31.929  31.343 0.0000000000
89867  -46.568  32.197  30.895 0.0000000000
83864  -51.303  24.952  23.276 0.0000000000
83016  -46.097  23.953  22.929 0.0000000000
83015  -45.855  23.943  22.931 0.0000000000
83014  -45.285  23.899  22.929 0.0000000000
83013  -44.510  23.867  22.933 0.0000000000
83012  -43.631  23.932  22.954 0.0000000000
83011  -42.774  24.141  22.985 0.0000000000
82952  -45.731  23.169  25.865 0.0000000000
82117  -44.940  22.996  24.987 0.0000000000
82109  -43.895  22.833  25.678 0.0000000000
82116  -44.332  22.946  25.068 0.0000000000
83860  -41.972  24.484  22.988 0.0000000000
83858  -40.610  24.856  23.407 0.0000000000
83857  -40.005  25.068  23.718 0.0000000000
84713  -39.163  25.315  24.275 0.0000000000
84712  -38.507  25.655  24.560 0.0000000000
84711  -37.882  26.030  24.893 0.0000000000
86336  -37.073  26.818  25.881 0.0000000000
82870  -45.767  23.494  32.236 0.0000000000
80345  -44.738  20.296  36.378 0.0000000000
80352  -44.358  20.597  35.641 0.0000000000
81189  -44.323  21.526  35.004 0.0000000000
79504  -40.962  19.625  33.629 0.0000000000
79505  -41.610  19.929  33.745 0.0000000000
80369  -41.280  20.621  33.371 0.0000000000
80370  -42.089  20.572  33.681 0.0000000000
80359  -42.636  20.307  34.170 0.0000000000
81188  -43.725  21.567  34.501 0.0000000000
81992  -44.712  22.156  35.053 0.0000000000
82004  -44.228  22.329  34.429 0.0000000000
82016  -44.542  22.962  34.015 0.0000000000
82858  -44.559  23.111  33.514 0.0000000000
82063  -43.240  22.715  29.482 0.0000000000
82062  -42.417  22.440  29.743 0.0000000000
81264  -39.212  21.421  28.895 0.0000000000
81274  -39.663  21.851  28.281 0.0000000000
81273  -38.832  21.789  28.060 0.0000000000
82084  -39.442  22.220  27.524 0.0000000000
82097  -40.021  22.579  26.882 0.0000000000
85548  -36.782  26.379  26.152 0.0000000000
85533  -35.954  25.901  28.752 0.0000000000
86295  -36.277  26.876  31.821 0.0000000000
86284  -35.956  27.204  32.514 0.0000000000
84676  -34.475  24.721  30.040 0.0000000000
86283  -35.204  27.263  32.914 0.0000000000
86271  -35.100  28.032  33.427 0.0000000000
87738  -33.467  29.934  33.213 0.0000000000
87045  -32.899  28.702  33.370 0.0000000000
88414  -33.480  30.361  32.645 0.0000000000
83984  -53.839  24.206  16.513 0.0000000000
83951  -53.442  24.906  17.093 0.0000000000
83967  -53.677  24.551  16.703 0.0000000000
83983  -53.347  24.290  16.099 0.0000000000
83999  -53.329  23.522  14.916 0.0000000000
83902  -49.038  25.073  19.725 0.0000000000
83919  -48.639  25.175  19.408 0.0000000000
84807  -47.547  25.584  17.689 0.0000000000
84825  -47.975  25.903  16.873 0.0000000000
84840  -52.135  26.197  14.861 0.0000000000
84841  -52.931  25.854  14.208 0.0000000000
84875  -52.089  26.294  12.093 0.0000000000
85686  -51.678  26.731  11.544 0.0000000000
85685  -50.843  26.600  11.217 0.0000000000
86467  -50.811  27.766  11.235 0.0000000000
85697  -49.315  26.980  10.519 0.0000000000
85695  -47.205  26.707  10.403 0.0000000000
87086  -38.320  28.425  26.240 0.0000000000
87091  -38.969  28.551  25.456 0.0000000000
87791  -39.528  28.649  24.964 0.0000000000
87781  -39.767  29.074  26.382 0.0000000000
87786  -39.656  28.885  25.512 0.0000000000
88513  -41.774  29.770  22.489 0.0000000000
87778  -41.403  29.637  27.504 0.0000000000
87789  -42.031  29.849  25.604 0.0000000000
88500  -42.736  30.052  24.653 0.0000000000
87794  -41.871  29.779  24.697 0.0000000000
88506  -41.968  29.937  23.011 0.0000000000
88525  -42.204  29.855  21.491 0.0000000000
88537  -43.149  30.178  20.657 0.0000000000
88547  -43.920  30.512  19.938 0.0000000000
88486  -46.537  30.805  28.343 0.0000000000
88492  -46.212  30.821  27.195 0.0000000000
89194  -47.484  31.702  26.683 0.0000000000
89193  -46.683  31.247  26.331 0.0000000000
89197  -46.413  31.071  25.101 0.0000000000
89201  -46.573  31.295  23.961 0.0000000000
89207  -46.563  31.497  22.862 0.0000000000
90610  -49.491  33.724  23.314 0.0000000000
90619  -48.772  32.739  21.347 0.0000000000
90614  -48.624  32.858  21.961 0.0000000000
89217  -46.195  31.513  21.910 0.0000000000
89229  -46.028  31.575  21.020 0.0000000000
89238  -45.905  31.705  20.139 0.0000000000
89248  -45.879  31.724  19.142 0.0000000000
89276  -45.002  30.785  15.829 0.0000000000
89287  -45.208  30.909  15.097 0.0000000000
88583  -45.285  30.633  14.444 0.0000000000
87889  -46.218  30.417  12.028 0.0000000000
87890  -46.700  30.213  11.217 0.0000000000
90015  -47.058  32.381  13.288 0.0000000000
90024  -46.583  32.009  12.624 0.0000000000
89312  -46.527  31.339  11.539 0.0000000000
87193  -47.175  29.947  10.346 0.0000000000
87203  -47.670  29.377  8.810 0.0000000000
87907  -47.493  29.864  8.840 0.0000000000
86484  -46.985  28.615  8.697 0.0000000000
90717  -47.783  33.827  8.955 0.0000000000
90708  -45.637  34.085  10.058 0.0000000000
90715  -45.645  33.471  9.729 0.0000000000
92021  -51.403  36.025  17.118 0.0000000000
92028  -50.174  35.771  15.886 0.0000000000
92035  -49.045  35.926  14.989 0.0000000000
91376  -46.153  35.385  13.919 0.0000000000
91284  -46.916  35.139  18.777 0.0000000000
91361  -46.640  35.160  15.063 0.0000000000
91388  -44.170  35.175  12.797 0.0000000000
91386  -42.132  34.813  12.975 0.0000000000
90686  -39.366  33.749  13.214 0.0000000000
91336  -39.849  34.317  15.923 0.0000000000
96497  -48.315  42.912  28.180 0.0000000000
95205  -45.545  41.492  25.675 0.0000000000
95204  -45.013  41.449  25.108 0.0000000000
94626  -44.502  40.524  24.566 0.0000000000
94122  -43.889  39.574  24.126 0.0000000000
95215  -44.057  41.570  23.778 0.0000000000
94632  -43.305  40.323  23.557 0.0000000000
93600  -43.370  38.738  23.602 0.0000000000
93599  -42.784  38.695  23.156 0.0000000000
93114  -41.661  37.632  22.244 0.0000000000
94136  -41.660  39.267  22.120 0.0000000000
93603  -41.351  38.412  22.109 0.0000000000
93120  -41.140  37.466  21.914 0.0000000000
79486  -41.472  19.315  33.949 0.0000000000
80388  -40.771  20.891  32.947 0.0000000000
80437  -34.448  21.470  29.612 0.0000000000
81259  -35.123  22.311  28.742 0.0000000000
81266  -40.909  21.894  29.360 0.0000000000
82026  -41.526  22.071  31.839 0.0000000000
82111  -45.275  23.025  25.454 0.0000000000
82118  -45.329  23.096  25.000 0.0000000000
82936  -45.689  23.135  26.730 0.0000000000
82967  -43.350  22.942  25.429 0.0000000000
82972  -49.132  23.778  25.716 0.0000000000
82984  -45.316  23.265  24.491 0.0000000000
82995  -40.523  24.424  23.916 0.0000000000
83010  -42.296  24.330  23.006 0.0000000000
83794  -33.572  24.265  30.285 0.0000000000
83859  -41.405  24.534  23.185 0.0000000000
83937  -46.839  25.207  18.997 0.0000000000
84692  -53.349  25.962  27.741 0.0000000000
84731  -41.922  25.054  22.342 0.0000000000
84876  -52.385  26.504  12.329 0.0000000000
85561  -38.122  26.481  24.659 0.0000000000
85568  -39.042  26.522  23.743 0.0000000000
85582  -41.546  26.471  20.961 0.0000000000
85590  -42.413  26.241  19.977 0.0000000000
85603  -42.738  26.409  19.345 0.0000000000
85616  -43.009  26.631  18.728 0.0000000000
86330  -36.924  27.103  26.364 0.0000000000
86331  -37.391  27.604  26.096 0.0000000000
86395  -43.059  26.890  18.360 0.0000000000
86448  -52.449  27.040  13.137 0.0000000000
87089  -37.705  27.752  25.774 0.0000000000
87101  -39.728  27.621  23.188 0.0000000000
87113  -40.977  27.772  21.110 0.0000000000
87129  -42.084  27.773  19.253 0.0000000000
87130  -42.267  28.047  18.868 0.0000000000
87167  -48.849  28.422  12.257 0.0000000000
87724  -32.720  29.306  33.248 0.0000000000
87732  -41.052  30.393  33.161 0.0000000000
87740  -39.514  29.310  32.671 0.0000000000
87819  -41.621  28.783  20.603 0.0000000000
87830  -42.778  29.464  19.511 0.0000000000
87836  -42.584  28.717  18.855 0.0000000000
87857  -44.046  28.710  16.210 0.0000000000
88406  -41.283  30.733  33.431 0.0000000000
88407  -41.802  31.037  33.381 0.0000000000
88418  -37.652  30.865  33.477 0.0000000000
88424  -44.505  31.662  32.231 0.0000000000
88434  -36.440  31.012  32.370 0.0000000000
88436  -41.423  30.192  32.392 0.0000000000
88440  -44.803  31.457  31.839 0.0000000000
88472  -46.308  30.958  30.370 0.0000000000
88479  -46.815  30.984  29.459 0.0000000000
89116  -41.541  31.118  33.501 0.0000000000
89121  -38.219  31.244  32.957 0.0000000000
89127  -43.918  31.724  32.610 0.0000000000
89128  -44.286  31.813  32.464 0.0000000000
89135  -39.572  31.689  32.570 0.0000000000
89137  -44.659  31.826  32.076 0.0000000000
89150  -40.025  31.936  32.007 0.0000000000
89151  -45.381  31.686  31.573 0.0000000000
89152  -46.237  31.474  31.129 0.0000000000
89153  -46.544  31.703  31.027 0.0000000000
89170  -46.471  31.171  30.836 0.0000000000
89823  -41.709  32.190  32.663 0.0000000000
89825  -43.091  32.013  32.746 0.0000000000
89827  -44.102  31.933  32.641 0.0000000000
89831  -42.202  32.435  32.206 0.0000000000
89834  -44.269  32.051  32.443 0.0000000000
89843  -42.954  32.708  31.571 0.0000000000
89844  -43.961  32.663  31.769 0.0000000000
89847  -46.405  31.796  31.171 0.0000000000
89923  -48.153  32.522  21.971 0.0000000000
89939  -46.467  31.846  20.509 0.0000000000
90584  -41.421  33.611  27.734 0.0000000000
90608  -48.113  32.656  22.617 0.0000000000
90662  -49.388  33.153  15.891 0.0000000000
90724  -47.312  33.396  8.783 0.0000000000
90725  -47.585  33.435  8.760 0.0000000000
91307  -48.356  35.379  17.634 0.0000000000
91328  -52.977  35.126  17.385 0.0000000000
91392  -50.854  36.291  13.467 0.0000000000
91401  -46.625  35.133  10.915 0.0000000000
91410  -47.396  35.047  10.236 0.0000000000
91419  -47.988  34.685  9.517 0.0000000000
91420  -48.294  34.734  9.685 0.0000000000
91941  -53.273  35.865  22.539 0.0000000000
91974  -52.023  36.582  20.633 0.0000000000
92018  -48.363  35.462  16.664 0.0000000000
92031  -52.642  35.633  16.994 0.0000000000
92036  -50.051  35.998  14.950 0.0000000000
92051  -48.102  35.846  12.685 0.0000000000
92054  -50.480  36.382  13.711 0.0000000000
92062  -49.680  36.079  12.538 0.0000000000
92067  -48.256  35.457  10.973 0.0000000000
92494  -49.737  37.280  28.759 0.0000000000
92497  -51.680  37.098  28.432 0.0000000000
92536  -52.854  37.318  26.743 0.0000000000
92546  -45.650  37.334  24.042 0.0000000000
92566  -41.747  37.204  22.126 0.0000000000
92579  -39.769  37.005  21.002 0.0000000000
93058  -52.573  37.317  27.055 0.0000000000
93080  -51.259  37.791  26.637 0.0000000000
93088  -46.191  38.303  24.961 0.0000000000
93092  -49.820  37.669  25.568 0.0000000000
93095  -52.314  37.574  26.356 0.0000000000
93106  -49.163  37.547  25.237 0.0000000000
93108  -42.897  38.108  23.134 0.0000000000
93113  -40.937  37.910  21.899 0.0000000000
93575  -48.191  39.125  26.545 0.0000000000
93594  -44.433  38.817  24.358 0.0000000000
94065  -49.114  39.984  29.669 0.0000000000
94076  -49.420  40.132  28.501 0.0000000000
94116  -46.813  39.388  25.948 0.0000000000
94117  -47.365  39.381  26.265 0.0000000000
94131  -43.302  39.511  23.631 0.0000000000
94135  -40.921  38.784  21.681 0.0000000000
94613  -46.716  40.788  26.537 0.0000000000
94619  -45.102  40.697  25.110 0.0000000000
94625  -43.882  40.356  24.080 0.0000000000
95200  -46.074  41.526  26.202 0.0000000000
95815  -48.346  42.515  28.233 0.0000000000
95851  -46.630  42.049  26.696 0.0000000000
