#!ascii label  , from subject sub-02 vox2ras=TkReg
908
51623  -34.973  -6.259  51.188 0.0000000000
50468  -18.183  -7.668  57.593 0.0000000000
51585  -25.610  -6.663  53.328 0.0000000000
71437  -40.841  10.921  33.033 0.0000000000
75765  -46.619  15.267  28.063 0.0000000000
52577  -12.325  -5.465  62.895 0.0000000000
67217  -39.142  7.693  35.379 0.0000000000
55124  -36.778  -3.905  48.739 0.0000000000
50571  -30.453  -7.269  51.795 0.0000000000
51493  -15.448  -6.538  59.879 0.0000000000
48367  -15.932  -9.949  63.095 0.0000000000
52831  -29.453  -5.143  47.386 0.0000000000
55162  -31.968  -3.777  45.942 0.0000000000
51563  -21.268  -6.378  54.684 0.0000000000
55116  -26.865  -3.731  50.312 0.0000000000
60879  -35.678  1.231  37.806 0.0000000000
62017  -40.364  2.882  35.708 0.0000000000
66213  -43.883  6.052  34.184 0.0000000000
47267  -8.896  -10.362  65.445 0.0000000000
47199  -5.393  -10.583  68.518 0.0000000000
58287  -31.048  -0.280  45.888 0.0000000000
61893  -29.485  2.369  43.286 0.0000000000
60845  -32.044  2.241  40.112 0.0000000000
47318  -11.758  -10.180  64.044 0.0000000000
49448  -18.099  -8.988  59.273 0.0000000000
49460  -19.967  -8.946  58.143 0.0000000000
50584  -32.314  -6.907  50.740 0.0000000000
52647  -18.400  -4.496  59.268 0.0000000000
51507  -16.481  -6.365  58.716 0.0000000000
49436  -16.246  -8.626  60.096 0.0000000000
55120  -30.531  -3.925  49.324 0.0000000000
54005  -28.082  -4.508  48.806 0.0000000000
64068  -35.572  3.828  37.413 0.0000000000
60896  -38.285  1.904  36.720 0.0000000000
64090  -37.114  4.243  35.769 0.0000000000
66233  -40.675  7.159  33.943 0.0000000000
68321  -41.955  8.739  32.885 0.0000000000
67257  -44.519  7.942  33.316 0.0000000000
69388  -42.513  9.995  31.811 0.0000000000
70404  -44.444  11.115  30.424 0.0000000000
58261  -32.159  -0.639  47.686 0.0000000000
57155  -31.569  -0.988  46.091 0.0000000000
59416  -29.834  0.625  48.060 0.0000000000
63969  -27.767  4.433  45.270 0.0000000000
65057  -29.241  5.199  42.739 0.0000000000
61922  -30.565  2.763  41.434 0.0000000000
65102  -30.967  5.098  41.100 0.0000000000
64043  -32.701  3.978  39.572 0.0000000000
51565  -23.823  -6.536  54.116 0.0000000000
49402  -10.794  -8.143  64.022 0.0000000000
49411  -12.010  -8.144  62.910 0.0000000000
44055  -4.788  -14.033  68.749 0.0000000000
45136  -3.636  -13.284  70.532 0.0000000000
66166  -38.102  6.096  37.060 0.0000000000
57131  -35.895  -1.533  47.581 0.0000000000
51619  -27.511  -6.723  51.959 0.0000000000
51479  -13.835  -6.304  61.245 0.0000000000
49413  -13.414  -8.372  62.034 0.0000000000
49423  -14.640  -8.425  61.211 0.0000000000
74778  -48.465  14.317  26.698 0.0000000000
51666  -31.902  -6.492  48.441 0.0000000000
52835  -32.707  -5.672  47.128 0.0000000000
54022  -30.889  -4.478  46.468 0.0000000000
52694  -18.897  -5.203  57.353 0.0000000000
50495  -19.524  -7.104  55.844 0.0000000000
53886  -20.290  -4.489  55.909 0.0000000000
55028  -21.894  -3.820  53.897 0.0000000000
53956  -23.403  -4.261  52.192 0.0000000000
56089  -25.109  -3.173  52.003 0.0000000000
51632  -25.744  -5.389  51.003 0.0000000000
51648  -27.642  -5.924  49.803 0.0000000000
51650  -29.607  -6.660  49.447 0.0000000000
59564  -36.747  0.380  39.603 0.0000000000
64105  -39.067  5.153  34.843 0.0000000000
64109  -42.393  4.674  34.808 0.0000000000
71478  -45.418  11.834  29.243 0.0000000000
47243  -7.437  -10.460  66.520 0.0000000000
44076  -6.535  -13.059  67.651 0.0000000000
52848  -34.538  -4.580  46.993 0.0000000000
56140  -34.266  -2.310  45.677 0.0000000000
58275  -33.444  -0.073  45.707 0.0000000000
60695  -28.597  1.591  47.008 0.0000000000
59467  -29.264  1.298  44.986 0.0000000000
61856  -32.029  2.013  45.090 0.0000000000
61894  -31.963  2.084  43.846 0.0000000000
60791  -33.249  1.387  42.458 0.0000000000
59543  -34.687  0.427  40.624 0.0000000000
60862  -33.971  1.351  38.953 0.0000000000
64045  -34.534  4.231  38.913 0.0000000000
49480  -22.027  -8.830  57.400 0.0000000000
49396  -9.482  -7.821  65.499 0.0000000000
48355  -10.257  -9.818  64.327 0.0000000000
47320  -13.710  -10.385  63.864 0.0000000000
43996  -1.643  -13.526  71.686 0.0000000000
49475  -17.786  -8.297  58.371 0.0000000000
49459  -19.184  -8.933  58.518 0.0000000000
49501  -18.760  -8.151  57.399 0.0000000000
51621  -33.554  -6.692  51.107 0.0000000000
52670  -17.322  -6.020  58.190 0.0000000000
52669  -16.727  -6.221  58.534 0.0000000000
51525  -17.260  -7.261  58.146 0.0000000000
50457  -16.871  -7.755  58.627 0.0000000000
64069  -36.087  4.430  37.261 0.0000000000
63020  -36.452  3.511  36.313 0.0000000000
65157  -36.798  5.185  37.112 0.0000000000
70373  -40.584  10.300  33.491 0.0000000000
68319  -40.705  9.009  33.511 0.0000000000
69375  -41.416  9.604  32.614 0.0000000000
69376  -42.247  9.404  32.372 0.0000000000
70390  -41.867  10.663  31.804 0.0000000000
71453  -41.968  11.544  31.631 0.0000000000
58243  -31.054  -0.032  47.966 0.0000000000
66061  -29.560  6.683  44.277 0.0000000000
65076  -29.726  5.131  42.237 0.0000000000
65059  -30.967  6.012  42.211 0.0000000000
65078  -31.500  5.796  41.573 0.0000000000
51584  -24.336  -6.116  53.223 0.0000000000
50519  -24.515  -7.181  54.744 0.0000000000
51567  -25.947  -7.054  54.085 0.0000000000
51459  -11.351  -6.236  63.673 0.0000000000
50417  -12.131  -6.771  62.625 0.0000000000
73722  -46.509  13.558  27.884 0.0000000000
44037  -4.226  -13.991  69.461 0.0000000000
53991  -37.597  -4.541  50.186 0.0000000000
55138  -36.981  -2.797  48.535 0.0000000000
50580  -28.857  -6.891  51.391 0.0000000000
50558  -30.371  -7.364  52.649 0.0000000000
52619  -15.746  -5.392  60.334 0.0000000000
52618  -14.870  -5.366  60.901 0.0000000000
52599  -15.366  -4.406  61.605 0.0000000000
51480  -14.401  -5.924  60.965 0.0000000000
50428  -14.208  -7.383  60.935 0.0000000000
50438  -14.952  -7.369  60.409 0.0000000000
48398  -17.365  -9.589  61.366 0.0000000000
48397  -16.294  -9.362  61.354 0.0000000000
51674  -30.342  -6.060  47.521 0.0000000000
52833  -30.803  -5.709  46.883 0.0000000000
54021  -30.260  -4.707  46.745 0.0000000000
52695  -19.483  -4.360  57.700 0.0000000000
52718  -19.604  -4.920  56.569 0.0000000000
53871  -20.162  -4.049  57.044 0.0000000000
55014  -21.624  -3.600  54.796 0.0000000000
56053  -22.770  -2.807  54.074 0.0000000000
53938  -22.438  -4.407  53.143 0.0000000000
55047  -23.348  -3.056  53.004 0.0000000000
55103  -27.426  -3.440  50.795 0.0000000000
55101  -25.887  -3.664  50.973 0.0000000000
53984  -25.073  -4.106  51.130 0.0000000000
53996  -26.107  -4.476  50.314 0.0000000000
52806  -26.424  -5.279  50.267 0.0000000000
52814  -26.905  -5.143  49.693 0.0000000000
54006  -28.792  -4.474  48.188 0.0000000000
51663  -28.824  -6.074  48.708 0.0000000000
51664  -29.776  -6.298  48.296 0.0000000000
51651  -30.619  -6.743  49.206 0.0000000000
59576  -36.047  0.535  38.660 0.0000000000
59565  -37.748  0.470  39.609 0.0000000000
59586  -37.423  0.935  37.918 0.0000000000
61999  -38.746  2.386  36.149 0.0000000000
60897  -39.238  1.877  36.771 0.0000000000
66181  -38.428  6.601  36.453 0.0000000000
66190  -38.101  5.707  35.739 0.0000000000
66208  -39.092  6.313  34.832 0.0000000000
66211  -41.814  6.268  34.142 0.0000000000
65178  -41.117  5.569  34.378 0.0000000000
65180  -43.155  5.341  34.542 0.0000000000
64110  -43.518  4.428  35.052 0.0000000000
71465  -44.854  11.549  29.860 0.0000000000
72618  -44.299  12.702  29.861 0.0000000000
72628  -45.234  12.743  29.020 0.0000000000
49388  -8.618  -8.962  66.032 0.0000000000
48339  -7.832  -9.273  66.941 0.0000000000
48348  -8.100  -9.913  66.102 0.0000000000
45156  -7.835  -13.082  67.964 0.0000000000
42751  -6.626  -14.635  69.226 0.0000000000
54024  -32.627  -4.633  45.979 0.0000000000
52846  -33.168  -5.142  46.584 0.0000000000
54035  -32.974  -3.975  45.691 0.0000000000
57156  -31.975  -1.426  45.644 0.0000000000
56139  -33.506  -2.336  45.398 0.0000000000
57157  -32.804  -1.445  45.234 0.0000000000
57158  -33.956  -1.322  45.521 0.0000000000
58288  -32.017  -0.467  45.404 0.0000000000
63947  -28.494  4.498  47.607 0.0000000000
62927  -27.885  3.017  44.212 0.0000000000
61854  -27.764  2.365  45.013 0.0000000000
60766  -28.983  2.038  44.113 0.0000000000
60746  -30.342  1.577  44.761 0.0000000000
60768  -30.498  2.090  43.860 0.0000000000
61875  -31.947  2.076  44.331 0.0000000000
60769  -31.379  2.087  43.653 0.0000000000
61923  -31.234  2.416  41.061 0.0000000000
60809  -31.459  2.155  41.711 0.0000000000
60811  -33.054  1.205  41.225 0.0000000000
59518  -33.768  0.897  41.757 0.0000000000
60830  -33.049  1.268  40.364 0.0000000000
59561  -34.194  0.725  39.774 0.0000000000
60846  -32.711  1.755  39.722 0.0000000000
65105  -33.890  5.401  40.423 0.0000000000
64044  -33.569  4.133  39.384 0.0000000000
64023  -34.219  4.876  39.749 0.0000000000
51548  -20.342  -6.547  55.190 0.0000000000
50478  -20.639  -7.894  56.048 0.0000000000
50479  -21.730  -7.916  56.072 0.0000000000
48362  -11.299  -9.396  63.731 0.0000000000
48361  -10.709  -9.310  64.044 0.0000000000
48356  -11.004  -9.991  64.064 0.0000000000
48378  -14.232  -9.319  62.341 0.0000000000
48377  -13.294  -9.204  62.650 0.0000000000
48366  -14.967  -9.936  63.090 0.0000000000
48418  -18.626  -9.545  60.560 0.0000000000
48419  -19.555  -9.632  60.468 0.0000000000
48439  -19.673  -9.395  59.451 0.0000000000
48440  -20.859  -9.456  59.304 0.0000000000
50572  -31.390  -7.305  51.712 0.0000000000
50559  -31.305  -7.418  52.568 0.0000000000
52621  -17.933  -4.358  60.237 0.0000000000
52645  -16.493  -5.762  59.128 0.0000000000
52644  -15.892  -6.077  59.565 0.0000000000
50439  -15.630  -7.452  59.669 0.0000000000
50448  -16.284  -7.669  59.094 0.0000000000
49447  -17.356  -8.813  59.563 0.0000000000
54007  -29.427  -4.220  47.861 0.0000000000
55143  -30.635  -3.813  47.495 0.0000000000
55104  -28.366  -3.663  50.611 0.0000000000
53998  -27.438  -4.468  49.373 0.0000000000
55131  -28.672  -3.852  48.891 0.0000000000
61995  -35.661  2.521  37.078 0.0000000000
60880  -36.708  1.523  37.205 0.0000000000
61996  -36.307  2.436  36.750 0.0000000000
62014  -37.458  2.953  35.894 0.0000000000
63036  -38.684  3.918  35.220 0.0000000000
67231  -39.531  7.513  34.608 0.0000000000
67241  -40.525  7.867  33.836 0.0000000000
67242  -41.223  7.766  33.600 0.0000000000
67243  -42.185  7.867  33.347 0.0000000000
67245  -44.154  7.464  33.490 0.0000000000
67255  -43.038  8.217  33.057 0.0000000000
68323  -43.650  8.697  32.733 0.0000000000
69390  -44.576  9.979  31.600 0.0000000000
70392  -43.935  10.504  30.943 0.0000000000
70402  -42.989  11.438  30.859 0.0000000000
46186  -9.720  -11.495  65.692 0.0000000000
46185  -8.836  -11.139  65.655 0.0000000000
46155  -9.483  -11.969  67.386 0.0000000000
56125  -32.195  -2.312  46.677 0.0000000000
56132  -32.144  -2.422  45.867 0.0000000000
57141  -31.841  -0.918  46.644 0.0000000000
58274  -31.160  -0.549  46.563 0.0000000000
58273  -30.216  -0.290  46.527 0.0000000000
63958  -28.297  5.170  46.793 0.0000000000
65033  -28.563  6.171  45.446 0.0000000000
63976  -27.934  4.640  44.072 0.0000000000
62935  -28.684  3.453  42.835 0.0000000000
61907  -29.672  2.676  42.513 0.0000000000
64002  -29.212  3.968  42.088 0.0000000000
62967  -30.628  3.653  40.911 0.0000000000
62968  -31.205  3.650  40.353 0.0000000000
62984  -32.333  3.271  39.470 0.0000000000
64021  -31.987  4.421  39.974 0.0000000000
51564  -22.525  -6.223  54.218 0.0000000000
50499  -23.126  -7.471  55.477 0.0000000000
50518  -23.422  -6.975  54.823 0.0000000000
49407  -11.412  -8.418  63.390 0.0000000000
48363  -12.106  -9.494  63.364 0.0000000000
46152  -4.955  -12.237  68.126 0.0000000000
46142  -4.514  -11.320  68.945 0.0000000000
46133  -4.024  -12.174  69.779 0.0000000000
46132  -3.773  -12.231  70.422 0.0000000000
46123  -3.507  -12.518  70.887 0.0000000000
58263  -35.682  -0.596  47.756 0.0000000000
51603  -26.694  -6.794  52.723 0.0000000000
51586  -26.476  -7.034  53.615 0.0000000000
53771  -14.097  -4.170  62.476 0.0000000000
52578  -13.130  -5.171  62.402 0.0000000000
50421  -12.592  -7.334  62.287 0.0000000000
50422  -13.448  -7.322  61.573 0.0000000000
49422  -13.906  -8.076  61.429 0.0000000000
48379  -15.226  -9.583  62.355 0.0000000000
49424  -15.452  -8.729  60.950 0.0000000000
48380  -16.135  -9.727  62.256 0.0000000000
48368  -16.886  -9.965  63.061 0.0000000000
75769  -47.578  15.362  27.466 0.0000000000
51653  -32.582  -6.555  49.480 0.0000000000
51668  -33.759  -5.962  48.674 0.0000000000
51676  -32.274  -6.176  47.693 0.0000000000
52845  -32.177  -5.262  46.355 0.0000000000
54023  -31.759  -4.484  46.071 0.0000000000
55152  -30.901  -3.861  46.810 0.0000000000
55153  -31.535  -3.747  46.439 0.0000000000
55145  -32.109  -3.032  47.012 0.0000000000
57117  -32.751  -1.380  47.986 0.0000000000
52693  -18.334  -6.172  57.229 0.0000000000
51534  -18.692  -6.958  56.643 0.0000000000
52717  -19.195  -5.961  56.252 0.0000000000
52738  -19.721  -6.154  55.567 0.0000000000
51562  -20.510  -6.022  54.895 0.0000000000
55002  -21.520  -3.341  55.788 0.0000000000
53902  -20.999  -4.080  55.348 0.0000000000
52754  -21.492  -5.513  54.223 0.0000000000
51582  -22.618  -5.720  53.818 0.0000000000
52770  -23.388  -5.478  53.051 0.0000000000
51601  -24.481  -5.807  52.592 0.0000000000
56056  -25.208  -2.557  53.278 0.0000000000
55083  -24.292  -3.770  51.804 0.0000000000
52795  -24.523  -4.883  51.528 0.0000000000
51602  -25.303  -6.054  52.334 0.0000000000
51618  -26.435  -6.255  51.661 0.0000000000
51634  -27.315  -6.249  50.893 0.0000000000
51635  -28.449  -6.590  50.570 0.0000000000
52815  -27.632  -5.223  49.066 0.0000000000
51649  -28.602  -6.349  49.578 0.0000000000
50590  -29.887  -6.947  50.322 0.0000000000
50591  -30.576  -6.980  50.115 0.0000000000
50593  -32.106  -6.745  49.953 0.0000000000
52671  -18.230  -5.285  58.253 0.0000000000
60882  -38.778  1.493  37.450 0.0000000000
64080  -37.281  5.083  35.943 0.0000000000
64092  -38.564  4.867  35.152 0.0000000000
63054  -39.712  4.332  34.810 0.0000000000
65177  -40.204  5.685  34.444 0.0000000000
64107  -40.432  4.903  34.577 0.0000000000
63038  -41.000  3.490  35.349 0.0000000000
63040  -42.873  3.448  35.591 0.0000000000
71489  -46.211  11.861  28.526 0.0000000000
73714  -45.840  13.575  28.314 0.0000000000
74766  -45.537  14.401  28.809 0.0000000000
49377  -7.376  -8.855  67.994 0.0000000000
47221  -6.106  -10.509  67.587 0.0000000000
45176  -7.674  -12.074  66.789 0.0000000000
45175  -6.854  -11.926  66.920 0.0000000000
45166  -6.067  -12.339  67.309 0.0000000000
44056  -5.466  -13.693  68.228 0.0000000000
51669  -34.434  -5.746  48.791 0.0000000000
52827  -35.492  -4.908  48.315 0.0000000000
54017  -35.301  -4.213  47.356 0.0000000000
55164  -33.242  -3.194  45.571 0.0000000000
55155  -34.495  -3.543  46.192 0.0000000000
55146  -35.636  -3.389  47.277 0.0000000000
56126  -35.587  -2.313  46.882 0.0000000000
57144  -34.815  -1.339  46.269 0.0000000000
59446  -33.440  0.682  46.171 0.0000000000
59433  -29.298  0.709  47.527 0.0000000000
58271  -28.865  0.420  46.563 0.0000000000
62888  -27.929  3.127  46.367 0.0000000000
60705  -28.284  1.656  46.264 0.0000000000
59456  -30.270  0.721  45.379 0.0000000000
59457  -31.269  0.493  45.445 0.0000000000
59445  -32.727  1.019  45.898 0.0000000000
60789  -31.409  2.108  42.685 0.0000000000
60771  -32.880  2.022  43.363 0.0000000000
59544  -35.565  0.291  40.576 0.0000000000
59575  -35.247  0.592  38.937 0.0000000000
60863  -34.824  1.222  38.330 0.0000000000
62994  -32.766  2.894  39.167 0.0000000000
61970  -34.204  2.023  38.203 0.0000000000
63007  -34.662  2.615  37.814 0.0000000000
62997  -34.759  3.373  37.963 0.0000000000
64046  -35.689  4.880  39.024 0.0000000000
49502  -19.407  -8.259  57.020 0.0000000000
49479  -21.088  -8.820  57.483 0.0000000000
50480  -22.812  -7.921  56.130 0.0000000000
49395  -9.241  -8.893  65.254 0.0000000000
50406  -10.278  -7.122  65.058 0.0000000000
49400  -9.808  -9.248  64.690 0.0000000000
48354  -9.593  -9.786  64.830 0.0000000000
46201  -10.203  -11.178  65.128 0.0000000000
49412  -12.577  -8.417  62.585 0.0000000000
48376  -12.626  -9.147  62.940 0.0000000000
47319  -12.710  -10.330  63.903 0.0000000000
42739  -2.575  -15.064  71.099 0.0000000000
43997  -2.468  -13.623  71.302 0.0000000000
45122  -2.623  -13.062  71.806 0.0000000000
51640  -35.271  -5.873  50.429 0.0000000000
50467  -17.549  -7.741  58.142 0.0000000000
49476  -18.377  -8.370  57.984 0.0000000000
51622  -34.144  -6.504  51.091 0.0000000000
52692  -17.733  -6.594  57.703 0.0000000000
51519  -17.344  -6.639  57.992 0.0000000000
51526  -17.553  -7.112  57.850 0.0000000000
65148  -36.785  5.286  38.086 0.0000000000
70380  -40.886  10.280  32.789 0.0000000000
71445  -41.029  10.750  32.591 0.0000000000
70381  -41.331  10.430  32.323 0.0000000000
71446  -41.348  11.275  32.424 0.0000000000
66080  -30.547  6.613  43.277 0.0000000000
51566  -24.964  -6.802  54.051 0.0000000000
51460  -11.867  -6.190  62.968 0.0000000000
74772  -46.798  14.337  27.748 0.0000000000
72651  -47.481  12.964  27.413 0.0000000000
55125  -37.334  -3.520  49.107 0.0000000000
55137  -36.411  -3.454  48.203 0.0000000000
50570  -29.551  -7.151  51.945 0.0000000000
51492  -14.863  -6.304  60.542 0.0000000000
50437  -14.534  -6.929  60.636 0.0000000000
52824  -29.656  -5.707  47.559 0.0000000000
52832  -30.013  -5.325  46.996 0.0000000000
56031  -23.808  -2.394  55.218 0.0000000000
56040  -22.660  -2.744  54.836 0.0000000000
55046  -22.683  -3.476  53.223 0.0000000000
56054  -23.424  -2.681  53.627 0.0000000000
55102  -26.592  -3.483  50.910 0.0000000000
53986  -26.230  -3.933  50.426 0.0000000000
52813  -26.345  -4.857  50.098 0.0000000000
53997  -26.712  -4.310  49.913 0.0000000000
54013  -29.223  -4.726  47.652 0.0000000000
52823  -29.013  -5.452  47.905 0.0000000000
59577  -37.079  0.607  38.725 0.0000000000
59585  -36.557  0.834  37.977 0.0000000000
62016  -39.260  2.951  35.590 0.0000000000
62000  -39.770  2.327  36.188 0.0000000000
62018  -41.431  2.858  35.882 0.0000000000
67208  -38.737  7.118  35.847 0.0000000000
66191  -38.469  6.209  35.519 0.0000000000
67216  -38.985  6.959  35.091 0.0000000000
66212  -42.823  6.159  34.165 0.0000000000
73701  -44.366  13.414  29.977 0.0000000000
48349  -8.559  -9.700  65.759 0.0000000000
48344  -8.155  -9.366  66.405 0.0000000000
47266  -8.365  -10.421  65.801 0.0000000000
54034  -32.309  -4.065  45.792 0.0000000000
61892  -28.798  2.572  43.495 0.0000000000
61874  -28.633  2.226  44.119 0.0000000000
60767  -29.620  2.073  43.921 0.0000000000
60787  -29.930  2.218  43.262 0.0000000000
61942  -31.357  2.791  40.474 0.0000000000
60828  -31.774  2.130  40.873 0.0000000000
60829  -32.436  1.658  40.596 0.0000000000
60847  -33.457  1.207  39.748 0.0000000000
51549  -21.026  -6.829  55.057 0.0000000000
50497  -21.028  -7.346  55.398 0.0000000000
50516  -21.534  -7.010  55.067 0.0000000000
47295  -12.326  -10.757  64.764 0.0000000000
47200  -5.956  -10.170  68.247 0.0000000000
48332  -5.898  -9.947  68.673 0.0000000000
53990  -36.904  -4.799  49.843 0.0000000000
48437  -18.089  -9.205  59.927 0.0000000000
48438  -18.798  -9.321  59.790 0.0000000000
48461  -20.044  -9.235  58.756 0.0000000000
48462  -20.593  -9.177  58.504 0.0000000000
50583  -31.428  -7.107  50.856 0.0000000000
50573  -32.323  -7.223  51.630 0.0000000000
52646  -17.526  -5.109  59.175 0.0000000000
51506  -16.058  -6.719  59.027 0.0000000000
49457  -17.478  -8.479  58.802 0.0000000000
49456  -16.936  -8.324  59.062 0.0000000000
48417  -17.619  -9.296  60.488 0.0000000000
55132  -29.600  -3.838  48.533 0.0000000000
55142  -29.970  -3.911  47.870 0.0000000000
55118  -28.543  -3.718  49.711 0.0000000000
55119  -29.492  -3.794  49.500 0.0000000000
63008  -35.250  3.173  37.368 0.0000000000
63019  -35.837  3.045  36.839 0.0000000000
63034  -36.834  4.021  35.875 0.0000000000
63021  -37.027  3.163  35.959 0.0000000000
63035  -37.391  3.671  35.729 0.0000000000
62015  -38.189  3.006  35.687 0.0000000000
68306  -39.773  8.422  34.478 0.0000000000
68307  -40.286  8.599  33.911 0.0000000000
68320  -41.204  8.936  33.135 0.0000000000
68308  -40.915  8.412  33.538 0.0000000000
68309  -41.499  8.332  33.285 0.0000000000
67244  -43.225  7.546  33.417 0.0000000000
67254  -42.484  8.414  33.024 0.0000000000
69377  -43.130  9.342  32.234 0.0000000000
69389  -43.495  9.923  31.592 0.0000000000
71454  -42.584  11.801  31.090 0.0000000000
57129  -32.271  -1.240  47.242 0.0000000000
57142  -31.918  -1.614  46.251 0.0000000000
57128  -32.026  -0.839  47.007 0.0000000000
58242  -30.301  0.068  47.868 0.0000000000
58259  -30.630  -0.317  47.235 0.0000000000
58258  -29.690  -0.080  47.313 0.0000000000
65047  -29.369  6.083  43.543 0.0000000000
65039  -28.410  5.669  43.986 0.0000000000
65046  -28.572  5.190  43.325 0.0000000000
63982  -28.345  4.309  43.123 0.0000000000
65056  -28.736  4.776  42.868 0.0000000000
62948  -29.074  3.683  42.349 0.0000000000
63989  -28.960  4.325  42.451 0.0000000000
65077  -30.415  5.300  41.776 0.0000000000
64004  -30.411  4.421  41.235 0.0000000000
64020  -31.101  4.445  40.640 0.0000000000
65079  -32.572  5.861  41.273 0.0000000000
50501  -25.152  -7.854  55.316 0.0000000000
50416  -11.744  -7.283  62.996 0.0000000000
49408  -12.131  -8.739  63.005 0.0000000000
45164  -4.876  -12.514  68.298 0.0000000000
46141  -4.626  -12.147  68.560 0.0000000000
45154  -4.655  -13.056  68.695 0.0000000000
44017  -3.811  -13.780  70.152 0.0000000000
45146  -4.073  -13.174  69.824 0.0000000000
45135  -3.089  -13.320  71.077 0.0000000000
56120  -36.977  -2.274  48.499 0.0000000000
57120  -36.896  -1.618  48.448 0.0000000000
58247  -36.284  -0.831  48.184 0.0000000000
51604  -27.489  -6.903  52.570 0.0000000000
50568  -27.996  -6.984  52.533 0.0000000000
52598  -14.265  -5.073  61.411 0.0000000000
53791  -14.518  -4.309  61.829 0.0000000000
53790  -14.124  -4.519  61.809 0.0000000000
52579  -13.837  -4.859  61.904 0.0000000000
52597  -13.599  -5.534  61.712 0.0000000000
51470  -13.129  -6.328  61.888 0.0000000000
50429  -14.655  -7.848  60.781 0.0000000000
48395  -14.736  -9.028  61.875 0.0000000000
48396  -15.391  -9.195  61.640 0.0000000000
49435  -15.521  -8.242  60.235 0.0000000000
49425  -16.021  -8.843  60.644 0.0000000000
48381  -17.107  -9.809  62.199 0.0000000000
51667  -32.873  -6.283  48.600 0.0000000000
52843  -30.560  -5.119  46.568 0.0000000000
52834  -31.720  -5.823  46.881 0.0000000000
52844  -31.249  -5.213  46.382 0.0000000000
55144  -31.500  -3.490  47.287 0.0000000000
56117  -32.703  -2.159  47.836 0.0000000000
52716  -18.859  -6.464  56.571 0.0000000000
52739  -20.040  -5.536  55.439 0.0000000000
53919  -21.328  -4.522  54.337 0.0000000000
53918  -20.981  -5.092  54.508 0.0000000000
52768  -21.843  -5.076  53.846 0.0000000000
53937  -21.988  -4.495  53.658 0.0000000000
53955  -22.888  -4.316  52.654 0.0000000000
52782  -22.896  -4.919  52.907 0.0000000000
52783  -23.466  -5.025  52.441 0.0000000000
52771  -23.979  -5.595  52.676 0.0000000000
56073  -26.214  -2.853  52.501 0.0000000000
56058  -26.612  -2.738  52.927 0.0000000000
56072  -25.488  -2.808  52.566 0.0000000000
56071  -24.558  -2.863  52.609 0.0000000000
52804  -25.116  -4.616  51.072 0.0000000000
53971  -24.603  -4.208  51.430 0.0000000000
52796  -25.263  -5.204  51.175 0.0000000000
52785  -24.985  -5.486  51.689 0.0000000000
51617  -25.657  -5.695  51.434 0.0000000000
51647  -26.887  -5.679  50.261 0.0000000000
55130  -28.006  -3.985  49.260 0.0000000000
51662  -28.136  -5.823  49.058 0.0000000000
51636  -29.207  -6.729  50.166 0.0000000000
51665  -30.883  -6.508  48.324 0.0000000000
51652  -31.577  -6.699  49.221 0.0000000000
52672  -18.908  -4.539  58.413 0.0000000000
59546  -37.422  0.327  40.529 0.0000000000
59566  -38.800  0.593  39.612 0.0000000000
60895  -37.394  1.962  36.679 0.0000000000
60881  -37.809  1.458  37.298 0.0000000000
65158  -37.397  5.468  36.545 0.0000000000
65175  -38.751  5.595  35.014 0.0000000000
65164  -38.213  5.381  35.475 0.0000000000
63053  -39.108  4.641  34.902 0.0000000000
66232  -40.096  7.403  34.126 0.0000000000
66209  -39.876  6.607  34.376 0.0000000000
64108  -41.383  4.788  34.645 0.0000000000
63055  -40.673  4.158  34.865 0.0000000000
63056  -41.667  4.061  35.013 0.0000000000
63039  -42.005  3.422  35.475 0.0000000000
63057  -42.598  3.979  35.207 0.0000000000
64093  -44.295  4.042  35.258 0.0000000000
70415  -45.623  11.359  29.560 0.0000000000
71479  -45.940  11.559  28.950 0.0000000000
73702  -44.846  13.456  29.448 0.0000000000
72629  -45.701  12.764  28.553 0.0000000000
73713  -45.298  13.556  28.916 0.0000000000
48343  -7.684  -9.811  66.580 0.0000000000
49383  -7.713  -9.072  67.338 0.0000000000
48338  -7.375  -9.471  67.283 0.0000000000
48337  -6.809  -9.919  67.433 0.0000000000
47242  -6.857  -10.535  66.891 0.0000000000
45177  -8.361  -12.093  66.798 0.0000000000
46170  -8.216  -11.581  66.322 0.0000000000
45167  -7.178  -12.713  67.322 0.0000000000
45174  -6.321  -11.737  67.065 0.0000000000
44075  -5.857  -13.115  67.784 0.0000000000
44057  -6.397  -13.631  68.086 0.0000000000
41688  -5.941  -14.918  69.226 0.0000000000
51677  -33.187  -5.942  47.933 0.0000000000
51678  -33.707  -5.782  48.108 0.0000000000
52847  -34.090  -4.844  46.831 0.0000000000
52838  -35.411  -4.616  47.837 0.0000000000
54016  -34.789  -4.462  47.092 0.0000000000
55163  -32.450  -3.313  45.743 0.0000000000
56138  -32.621  -2.406  45.427 0.0000000000
55165  -34.193  -3.135  45.793 0.0000000000
55156  -34.989  -3.210  46.358 0.0000000000
55166  -34.613  -2.681  45.964 0.0000000000
56133  -34.928  -2.326  46.142 0.0000000000
58289  -33.009  -0.432  45.356 0.0000000000
57143  -34.333  -1.041  45.869 0.0000000000
58290  -33.656  -0.574  45.573 0.0000000000
58276  -34.103  -0.442  46.005 0.0000000000
59459  -32.962  0.379  45.669 0.0000000000
61814  -28.829  2.338  47.709 0.0000000000
60696  -29.019  1.389  47.484 0.0000000000
59432  -28.874  0.846  47.045 0.0000000000
65024  -28.137  5.273  45.920 0.0000000000
63957  -27.945  4.170  46.484 0.0000000000
60723  -28.209  1.700  45.289 0.0000000000
59455  -29.175  0.912  45.370 0.0000000000
59454  -28.572  0.964  45.905 0.0000000000
60726  -31.434  1.363  45.180 0.0000000000
60727  -32.371  1.538  45.594 0.0000000000
61908  -30.361  2.439  42.194 0.0000000000
60808  -30.815  2.247  42.121 0.0000000000
60810  -32.342  1.716  41.548 0.0000000000
60790  -32.248  1.952  42.506 0.0000000000
59519  -34.464  0.566  41.550 0.0000000000
59499  -35.051  0.654  42.439 0.0000000000
59520  -35.303  0.375  41.505 0.0000000000
59521  -36.185  0.286  41.474 0.0000000000
59562  -34.988  0.411  39.747 0.0000000000
59574  -34.602  0.782  39.104 0.0000000000
64042  -32.160  3.791  39.680 0.0000000000
62986  -33.712  3.586  38.943 0.0000000000
62996  -34.102  3.135  38.368 0.0000000000
64057  -34.662  3.716  38.337 0.0000000000
51535  -19.158  -6.789  56.140 0.0000000000
50477  -19.495  -7.613  56.269 0.0000000000
49504  -21.373  -8.430  56.709 0.0000000000
49503  -20.320  -8.396  56.742 0.0000000000
48484  -21.722  -8.986  57.827 0.0000000000
48485  -22.310  -9.115  58.033 0.0000000000
49506  -23.550  -8.416  56.831 0.0000000000
51568  -26.464  -7.290  54.051 0.0000000000
49389  -8.913  -8.051  66.328 0.0000000000
50407  -10.735  -6.557  64.702 0.0000000000
50411  -10.520  -7.749  64.364 0.0000000000
49401  -10.169  -8.527  64.496 0.0000000000
47293  -9.980  -10.605  64.733 0.0000000000
48365  -13.988  -9.916  63.104 0.0000000000
48364  -13.053  -9.817  63.224 0.0000000000
75772  -48.090  14.840  26.955 0.0000000000
44015  -1.953  -14.254  71.059 0.0000000000
49458  -18.255  -8.739  58.634 0.0000000000
49449  -18.787  -9.095  59.112 0.0000000000
49477  -19.271  -8.620  57.706 0.0000000000
50585  -33.036  -6.760  50.824 0.0000000000
51518  -16.839  -6.865  58.317 0.0000000000
50456  -16.528  -7.556  58.826 0.0000000000
50466  -17.113  -7.393  58.296 0.0000000000
50458  -17.386  -8.084  58.445 0.0000000000
63009  -35.788  3.610  36.992 0.0000000000
64079  -36.820  4.620  36.200 0.0000000000
69367  -40.323  9.504  33.864 0.0000000000
69374  -40.781  9.596  33.164 0.0000000000
69387  -41.824  10.003  32.117 0.0000000000
70391  -42.780  10.837  31.172 0.0000000000
58260  -31.654  -0.562  47.272 0.0000000000
59417  -30.568  0.644  48.571 0.0000000000
65058  -30.183  5.919  42.736 0.0000000000
66108  -31.646  6.325  42.236 0.0000000000
50520  -25.521  -7.437  54.654 0.0000000000
72640  -46.949  12.720  27.737 0.0000000000
72641  -47.537  12.338  27.482 0.0000000000
42764  -4.704  -14.687  69.283 0.0000000000
44036  -3.787  -14.330  70.170 0.0000000000
56119  -36.481  -2.310  48.043 0.0000000000
50569  -28.597  -6.975  52.126 0.0000000000
50557  -29.464  -7.298  52.768 0.0000000000
50542  -30.247  -7.529  53.451 0.0000000000
52620  -16.945  -4.851  60.222 0.0000000000
52600  -16.584  -4.475  61.399 0.0000000000
51491  -14.332  -6.589  60.841 0.0000000000
48416  -16.727  -9.112  60.658 0.0000000000
51675  -31.288  -6.229  47.551 0.0000000000
55003  -22.149  -2.791  56.184 0.0000000000
56029  -22.624  -2.724  55.226 0.0000000000
55029  -22.238  -3.178  54.319 0.0000000000
55045  -22.157  -4.006  53.415 0.0000000000
55066  -23.078  -3.826  52.540 0.0000000000
55087  -27.074  -3.176  51.780 0.0000000000
55086  -26.219  -3.267  51.484 0.0000000000
55085  -25.537  -3.448  51.501 0.0000000000
55100  -25.371  -3.823  51.141 0.0000000000
53985  -25.599  -4.227  50.735 0.0000000000
52805  -25.775  -5.010  50.581 0.0000000000
51633  -26.302  -5.670  50.847 0.0000000000
52822  -28.311  -5.287  48.507 0.0000000000
59578  -38.084  0.753  38.731 0.0000000000
66180  -37.983  5.935  36.156 0.0000000000
65176  -39.422  5.716  34.679 0.0000000000
66234  -41.537  7.051  33.806 0.0000000000
66210  -40.859  6.376  34.157 0.0000000000
65179  -42.100  5.475  34.464 0.0000000000
64111  -44.622  4.556  34.934 0.0000000000
71464  -43.980  11.902  30.174 0.0000000000
71477  -44.561  12.138  29.719 0.0000000000
72619  -44.739  12.699  29.469 0.0000000000
47265  -7.878  -10.393  66.188 0.0000000000
52836  -33.830  -5.476  47.559 0.0000000000
54025  -33.543  -4.481  46.165 0.0000000000
62871  -28.386  3.352  47.517 0.0000000000
62919  -27.722  3.625  44.572 0.0000000000
62905  -27.655  3.161  45.497 0.0000000000
62918  -27.653  2.891  44.753 0.0000000000
60744  -28.572  1.851  44.535 0.0000000000
60745  -29.333  1.613  44.591 0.0000000000
59468  -29.674  1.243  45.037 0.0000000000
60747  -31.245  1.956  44.535 0.0000000000
59542  -33.749  0.764  40.697 0.0000000000
60861  -33.297  1.728  39.207 0.0000000000
64022  -33.179  4.732  39.864 0.0000000000
50496  -20.037  -7.266  55.596 0.0000000000
49406  -10.876  -8.766  63.912 0.0000000000
47294  -11.062  -10.848  64.775 0.0000000000
54000  -36.718  -4.461  49.163 0.0000000000
48399  -18.376  -9.708  61.394 0.0000000000
48400  -19.364  -9.794  61.375 0.0000000000
50582  -30.545  -7.143  50.957 0.0000000000
49445  -15.981  -8.108  59.664 0.0000000000
50449  -16.616  -8.049  59.028 0.0000000000
49446  -16.565  -8.388  59.470 0.0000000000
49437  -16.887  -8.850  60.050 0.0000000000
54014  -29.815  -4.440  47.256 0.0000000000
55133  -30.648  -3.812  48.428 0.0000000000
55117  -27.562  -3.760  49.886 0.0000000000
61982  -35.202  2.084  37.445 0.0000000000
61983  -35.890  1.925  37.215 0.0000000000
60894  -36.835  2.097  36.685 0.0000000000
61997  -37.002  2.604  36.269 0.0000000000
61998  -37.829  2.448  36.194 0.0000000000
66235  -42.512  6.944  33.770 0.0000000000
66236  -43.524  6.821  33.800 0.0000000000
67256  -43.919  8.053  33.161 0.0000000000
68322  -42.747  8.790  32.704 0.0000000000
70403  -43.527  11.256  30.661 0.0000000000
71463  -43.191  11.907  30.666 0.0000000000
46199  -9.183  -10.741  65.325 0.0000000000
46171  -9.056  -11.807  66.482 0.0000000000
55154  -32.081  -3.155  46.201 0.0000000000
65040  -28.822  6.258  44.487 0.0000000000
65032  -28.115  5.491  44.881 0.0000000000
62928  -28.106  3.453  43.674 0.0000000000
61906  -29.033  2.938  42.786 0.0000000000
62949  -29.461  3.487  42.010 0.0000000000
61921  -29.884  3.086  41.811 0.0000000000
64003  -29.638  4.384  41.866 0.0000000000
62950  -30.037  3.606  41.476 0.0000000000
61941  -30.894  3.175  40.755 0.0000000000
61957  -31.898  2.815  39.816 0.0000000000
62983  -31.739  3.450  39.874 0.0000000000
65103  -31.758  5.256  40.719 0.0000000000
65104  -32.814  5.329  40.491 0.0000000000
65080  -33.605  5.864  41.144 0.0000000000
50517  -22.321  -6.951  54.906 0.0000000000
50481  -23.863  -8.059  56.075 0.0000000000
50500  -24.165  -7.646  55.385 0.0000000000
50412  -10.958  -7.212  64.051 0.0000000000
46153  -5.160  -11.670  67.925 0.0000000000
46134  -4.059  -11.246  69.596 0.0000000000
47178  -3.772  -11.275  70.218 0.0000000000
47177  -3.731  -11.969  70.506 0.0000000000
47156  -3.435  -11.545  71.081 0.0000000000
67197  -38.944  7.202  36.657 0.0000000000
67209  -39.189  7.796  36.231 0.0000000000
59448  -34.758  0.020  47.139 0.0000000000
50554  -27.120  -7.174  53.446 0.0000000000
51469  -12.456  -6.205  62.422 0.0000000000
49414  -14.170  -8.658  61.769 0.0000000000
49434  -14.993  -8.152  60.681 0.0000000000
75768  -47.079  14.833  27.653 0.0000000000
51639  -34.310  -6.231  50.363 0.0000000000
51654  -33.570  -6.270  49.502 0.0000000000
54015  -30.408  -4.201  46.862 0.0000000000
51527  -18.134  -7.029  57.257 0.0000000000
51547  -19.602  -6.640  55.685 0.0000000000
53872  -20.768  -3.207  57.432 0.0000000000
53887  -20.830  -3.692  56.375 0.0000000000
53901  -20.619  -4.835  54.968 0.0000000000
52753  -20.747  -5.560  54.714 0.0000000000
52769  -22.527  -5.229  53.445 0.0000000000
51583  -23.209  -5.873  53.661 0.0000000000
56055  -24.354  -2.538  53.474 0.0000000000
56070  -23.823  -2.814  52.953 0.0000000000
55067  -23.677  -3.459  52.392 0.0000000000
53970  -23.993  -4.212  51.804 0.0000000000
55084  -24.891  -3.684  51.538 0.0000000000
52794  -23.900  -4.780  51.981 0.0000000000
52784  -24.339  -5.418  52.142 0.0000000000
51620  -28.138  -6.698  51.370 0.0000000000
50581  -29.557  -6.995  51.006 0.0000000000
50592  -31.431  -6.897  50.009 0.0000000000
51637  -32.679  -6.689  50.288 0.0000000000
51638  -33.405  -6.529  50.389 0.0000000000
59547  -38.437  0.377  40.534 0.0000000000
59587  -38.346  1.138  37.999 0.0000000000
59588  -38.885  1.253  38.015 0.0000000000
64091  -37.680  4.639  35.598 0.0000000000
65163  -37.707  5.411  35.830 0.0000000000
63037  -39.932  3.566  35.166 0.0000000000
67230  -39.340  6.843  34.687 0.0000000000
64106  -39.627  5.048  34.656 0.0000000000
63058  -43.168  3.869  35.356 0.0000000000
71490  -46.802  11.448  28.318 0.0000000000
71488  -45.632  12.272  28.815 0.0000000000
71500  -46.622  12.238  28.035 0.0000000000
72639  -46.276  12.759  28.119 0.0000000000
74767  -46.125  14.414  28.132 0.0000000000
75764  -45.901  15.174  28.642 0.0000000000
76757  -45.948  15.842  29.187 0.0000000000
49376  -6.835  -9.200  68.276 0.0000000000
48333  -6.403  -9.682  68.242 0.0000000000
46184  -8.022  -10.968  66.021 0.0000000000
46169  -7.384  -11.231  66.502 0.0000000000
46168  -6.498  -11.224  66.901 0.0000000000
46154  -5.855  -11.388  67.279 0.0000000000
47220  -5.540  -10.982  67.739 0.0000000000
45165  -5.239  -12.661  67.939 0.0000000000
42766  -6.328  -14.392  68.731 0.0000000000
42765  -5.394  -14.508  68.840 0.0000000000
51655  -34.510  -5.906  49.517 0.0000000000
52826  -34.818  -5.442  48.371 0.0000000000
54008  -35.933  -4.283  48.272 0.0000000000
54036  -33.811  -3.810  45.885 0.0000000000
54037  -34.261  -3.666  46.088 0.0000000000
54027  -35.133  -3.755  46.862 0.0000000000
55147  -36.008  -2.762  47.617 0.0000000000
56127  -35.991  -2.253  47.552 0.0000000000
57159  -34.549  -1.940  45.856 0.0000000000
57130  -35.454  -1.484  46.919 0.0000000000
58262  -35.247  -0.729  47.116 0.0000000000
58277  -34.632  -0.419  46.659 0.0000000000
61797  -29.315  2.570  48.432 0.0000000000
60683  -29.458  1.574  48.132 0.0000000000
58257  -29.110  0.253  47.035 0.0000000000
58272  -29.352  -0.033  46.521 0.0000000000
58286  -29.776  0.104  45.883 0.0000000000
63946  -28.159  3.890  47.194 0.0000000000
61813  -28.234  2.527  46.865 0.0000000000
61832  -27.997  2.411  45.973 0.0000000000
58284  -28.706  0.619  46.235 0.0000000000
58285  -28.954  0.332  45.998 0.0000000000
59458  -32.216  0.560  45.468 0.0000000000
60725  -30.795  1.075  45.234 0.0000000000
60708  -34.361  1.111  47.088 0.0000000000
60788  -30.542  2.180  42.863 0.0000000000
60770  -32.063  2.104  43.343 0.0000000000
59545  -36.465  0.281  40.539 0.0000000000
59563  -35.822  0.304  39.649 0.0000000000
60864  -35.415  0.827  38.386 0.0000000000
60878  -35.091  1.571  37.829 0.0000000000
61958  -32.389  2.510  39.504 0.0000000000
61968  -32.951  2.307  39.117 0.0000000000
61969  -33.571  2.218  38.687 0.0000000000
62985  -33.055  3.468  39.213 0.0000000000
62995  -33.326  2.939  38.863 0.0000000000
61981  -34.739  1.868  37.852 0.0000000000
64058  -35.296  4.089  38.076 0.0000000000
64059  -36.192  4.936  38.460 0.0000000000
50476  -18.771  -7.616  57.009 0.0000000000
49478  -20.097  -8.731  57.468 0.0000000000
49461  -20.642  -8.962  57.994 0.0000000000
48463  -21.472  -9.194  58.395 0.0000000000
50498  -22.089  -7.486  55.449 0.0000000000
49505  -22.457  -8.419  56.793 0.0000000000
49481  -23.199  -8.921  57.731 0.0000000000
48486  -22.899  -9.190  58.250 0.0000000000
50521  -26.511  -7.605  54.542 0.0000000000
49394  -8.886  -9.313  65.579 0.0000000000
48350  -9.087  -9.734  65.298 0.0000000000
47292  -9.384  -10.387  65.100 0.0000000000
46200  -9.548  -11.000  65.191 0.0000000000
50420  -12.209  -7.809  62.663 0.0000000000
47322  -15.668  -10.203  63.919 0.0000000000
47321  -14.700  -10.292  63.890 0.0000000000
74773  -47.357  14.337  27.429 0.0000000000
42749  -3.471  -14.927  70.556 0.0000000000
44016  -3.149  -14.101  70.810 0.0000000000
44014  -0.761  -14.196  71.017 0.0000000000
43995  -0.756  -13.273  71.854 0.0000000000
45121  -1.647  -12.669  72.462 0.0000000000
41689  -6.374  -14.743  69.209 0.0000000000
44074  -5.452  -13.145  67.995 0.0000000000
45155  -5.184  -13.142  68.157 0.0000000000
46124  -3.887  -12.797  70.299 0.0000000000
46183  -7.685  -10.783  66.281 0.0000000000
48334  -6.989  -9.435  67.857 0.0000000000
48342  -7.207  -10.013  66.901 0.0000000000
50538  -26.962  -7.404  54.001 0.0000000000
51517  -16.460  -7.307  58.733 0.0000000000
52755  -22.194  -5.560  53.905 0.0000000000
52825  -34.102  -5.694  48.296 0.0000000000
52837  -34.820  -4.889  47.496 0.0000000000
54009  -36.510  -4.070  48.551 0.0000000000
54026  -34.525  -4.102  46.535 0.0000000000
55015  -22.276  -2.945  55.312 0.0000000000
55068  -24.483  -3.379  52.049 0.0000000000
55136  -35.795  -3.831  47.805 0.0000000000
56041  -23.271  -2.519  54.599 0.0000000000
56090  -25.829  -3.054  51.974 0.0000000000
56091  -26.489  -3.046  52.014 0.0000000000
56141  -34.599  -2.329  45.908 0.0000000000
57119  -36.398  -1.592  48.074 0.0000000000
59444  -28.596  0.971  46.506 0.0000000000
60722  -27.942  1.959  44.982 0.0000000000
60724  -28.873  1.418  44.910 0.0000000000
60743  -28.090  2.009  44.754 0.0000000000
61855  -27.835  2.381  45.474 0.0000000000
61873  -28.177  2.431  44.318 0.0000000000
61891  -28.190  2.822  43.877 0.0000000000
62870  -28.069  3.413  46.930 0.0000000000
62904  -27.568  2.808  45.134 0.0000000000
62936  -29.163  3.226  42.469 0.0000000000
63990  -29.370  4.759  42.295 0.0000000000
67240  -40.001  7.952  34.131 0.0000000000
69366  -39.977  9.054  34.338 0.0000000000
71466  -45.339  11.426  29.686 0.0000000000
73723  -47.144  13.575  27.568 0.0000000000
74758  -44.680  13.878  29.896 0.0000000000
