#!ascii label  , from subject sub-02 vox2ras=TkReg
1283
50564  -44.563  -7.527  53.469 0.0000000000
41736  -32.169  -14.581  63.360 0.0000000000
58338  -49.381  -0.380  39.513 0.0000000000
51721  -37.865  -6.914  42.654 0.0000000000
57124  -45.959  -1.182  48.543 0.0000000000
44227  -39.159  -13.104  58.826 0.0000000000
45318  -26.531  -12.125  52.858 0.0000000000
48582  -32.475  -9.713  47.298 0.0000000000
42774  -23.370  -14.389  68.374 0.0000000000
64011  -58.332  5.046  41.065 0.0000000000
45252  -20.904  -12.748  56.869 0.0000000000
50599  -41.578  -8.156  47.923 0.0000000000
56134  -41.661  -2.912  46.207 0.0000000000
56079  -43.716  -3.217  51.963 0.0000000000
47432  -41.863  -10.354  56.204 0.0000000000
46342  -35.412  -11.314  52.511 0.0000000000
48547  -38.580  -9.717  49.111 0.0000000000
49616  -35.755  -8.800  44.309 0.0000000000
68262  -57.554  8.592  38.878 0.0000000000
42834  -28.336  -14.284  65.796 0.0000000000
44154  -23.032  -13.537  62.447 0.0000000000
42971  -26.793  -14.608  59.753 0.0000000000
57184  -48.472  -1.545  43.387 0.0000000000
42956  -36.222  -14.473  60.648 0.0000000000
44218  -30.580  -13.904  58.283 0.0000000000
44285  -32.944  -12.776  55.803 0.0000000000
47490  -29.700  -11.305  49.995 0.0000000000
44045  -19.361  -13.965  69.833 0.0000000000
60663  -50.703  2.278  50.061 0.0000000000
59478  -53.209  0.512  45.454 0.0000000000
62916  -55.922  4.271  45.368 0.0000000000
61930  -53.815  2.166  41.024 0.0000000000
63015  -57.038  3.935  37.001 0.0000000000
42876  -19.385  -14.126  63.400 0.0000000000
44293  -23.937  -13.486  54.660 0.0000000000
50595  -42.968  -7.792  50.038 0.0000000000
52820  -42.910  -5.497  49.627 0.0000000000
52789  -44.642  -5.760  52.854 0.0000000000
48511  -43.317  -9.245  54.348 0.0000000000
47467  -40.852  -10.080  52.718 0.0000000000
48538  -42.232  -9.324  50.485 0.0000000000
48569  -41.212  -9.522  48.428 0.0000000000
59592  -48.998  0.023  36.935 0.0000000000
60890  -49.896  1.235  37.695 0.0000000000
41715  -30.021  -14.634  64.191 0.0000000000
42901  -27.857  -14.505  62.644 0.0000000000
41770  -29.579  -14.822  61.923 0.0000000000
55202  -38.091  -4.153  41.560 0.0000000000
57145  -43.785  -1.879  47.371 0.0000000000
56157  -42.808  -2.323  44.030 0.0000000000
57162  -45.535  -1.749  45.778 0.0000000000
57182  -46.560  -1.724  43.603 0.0000000000
57150  -48.045  -1.244  46.145 0.0000000000
44202  -37.357  -13.805  59.543 0.0000000000
44222  -34.394  -13.728  58.341 0.0000000000
45244  -35.991  -12.933  57.230 0.0000000000
47510  -34.589  -10.406  49.650 0.0000000000
46355  -33.136  -11.541  51.761 0.0000000000
47525  -31.052  -10.452  48.692 0.0000000000
49664  -37.767  -8.399  43.196 0.0000000000
59427  -52.044  1.313  48.144 0.0000000000
61903  -55.881  2.546  43.497 0.0000000000
62956  -56.040  2.873  41.449 0.0000000000
63002  -54.747  2.942  38.511 0.0000000000
64034  -57.541  4.169  39.643 0.0000000000
66174  -56.458  6.665  37.201 0.0000000000
42772  -21.181  -14.194  68.535 0.0000000000
42785  -19.381  -13.795  67.297 0.0000000000
42803  -21.065  -14.005  66.545 0.0000000000
45221  -22.267  -12.845  58.982 0.0000000000
44179  -20.885  -13.422  60.638 0.0000000000
44234  -19.474  -13.785  57.523 0.0000000000
45271  -28.646  -12.969  55.292 0.0000000000
44259  -26.867  -13.883  56.687 0.0000000000
44305  -25.062  -13.288  53.845 0.0000000000
50610  -39.600  -7.586  44.920 0.0000000000
54051  -39.464  -4.776  43.984 0.0000000000
54029  -41.188  -5.065  47.116 0.0000000000
56114  -42.881  -3.301  49.009 0.0000000000
57102  -44.689  -1.270  50.251 0.0000000000
46287  -40.466  -11.371  57.449 0.0000000000
45280  -37.192  -11.802  55.645 0.0000000000
46313  -38.916  -10.885  54.280 0.0000000000
47477  -36.881  -10.484  51.471 0.0000000000
48564  -36.339  -9.646  48.334 0.0000000000
49576  -34.946  -9.150  45.938 0.0000000000
48612  -38.130  -9.400  46.707 0.0000000000
48634  -39.451  -9.103  45.711 0.0000000000
66148  -58.617  6.615  39.618 0.0000000000
70314  -57.239  10.569  39.409 0.0000000000
42792  -25.925  -14.149  67.523 0.0000000000
42829  -23.583  -14.265  65.428 0.0000000000
44144  -26.174  -13.971  63.868 0.0000000000
44170  -25.965  -13.840  61.388 0.0000000000
44214  -23.863  -13.211  58.585 0.0000000000
56154  -40.711  -3.053  43.157 0.0000000000
57217  -47.719  -1.615  41.397 0.0000000000
57219  -49.124  -1.316  41.354 0.0000000000
41759  -34.966  -14.789  62.343 0.0000000000
42951  -31.371  -14.476  60.561 0.0000000000
42978  -33.420  -14.172  59.658 0.0000000000
44264  -31.579  -13.165  56.682 0.0000000000
45290  -29.752  -12.714  54.388 0.0000000000
45295  -34.705  -12.201  54.475 0.0000000000
45320  -31.053  -12.146  52.849 0.0000000000
46349  -27.496  -11.660  51.675 0.0000000000
52748  -45.842  -5.145  55.676 0.0000000000
42865  -34.615  -14.253  64.180 0.0000000000
44159  -38.666  -13.601  62.478 0.0000000000
44188  -40.019  -13.327  60.732 0.0000000000
56051  -45.699  -2.611  55.082 0.0000000000
58186  -45.076  -0.338  53.182 0.0000000000
59369  -46.501  1.168  51.715 0.0000000000
62802  -48.777  3.600  52.459 0.0000000000
58238  -48.100  0.063  48.986 0.0000000000
58267  -50.444  -0.243  47.386 0.0000000000
58291  -50.621  -1.081  45.065 0.0000000000
59510  -51.044  0.140  42.305 0.0000000000
61870  -55.101  2.377  45.116 0.0000000000
60801  -53.651  1.541  42.478 0.0000000000
60837  -51.570  1.226  40.664 0.0000000000
61990  -52.540  2.476  37.704 0.0000000000
65153  -58.377  5.783  38.092 0.0000000000
44082  -17.720  -13.600  67.817 0.0000000000
42918  -17.714  -14.558  61.413 0.0000000000
44152  -21.155  -14.013  62.484 0.0000000000
44177  -19.280  -14.200  60.541 0.0000000000
42994  -28.360  -14.462  58.886 0.0000000000
44238  -25.460  -14.156  57.271 0.0000000000
45266  -21.766  -12.702  55.629 0.0000000000
43039  -20.518  -13.896  52.979 0.0000000000
50576  -43.869  -8.097  51.639 0.0000000000
51643  -44.049  -6.829  51.324 0.0000000000
51610  -44.668  -6.698  52.993 0.0000000000
48521  -43.678  -9.079  53.189 0.0000000000
48519  -42.644  -9.457  52.417 0.0000000000
49554  -43.618  -8.538  51.784 0.0000000000
49557  -42.542  -8.872  50.197 0.0000000000
58337  -48.871  -1.123  39.640 0.0000000000
59582  -49.225  -0.026  38.366 0.0000000000
59590  -49.420  0.606  37.293 0.0000000000
59583  -49.561  0.500  38.307 0.0000000000
41717  -31.948  -14.442  64.082 0.0000000000
41734  -30.199  -14.704  63.382 0.0000000000
41755  -31.271  -14.647  62.661 0.0000000000
52891  -37.197  -5.756  41.600 0.0000000000
54059  -37.966  -5.112  42.490 0.0000000000
57134  -45.254  -1.389  47.726 0.0000000000
57161  -44.659  -1.828  46.074 0.0000000000
57147  -45.436  -1.565  46.757 0.0000000000
57163  -46.431  -1.592  45.556 0.0000000000
57136  -47.031  -1.127  47.260 0.0000000000
44226  -38.491  -13.307  58.811 0.0000000000
44225  -37.481  -13.354  58.589 0.0000000000
45233  -37.873  -13.098  58.105 0.0000000000
48542  -33.872  -10.115  48.618 0.0000000000
47508  -32.399  -10.647  49.440 0.0000000000
48559  -31.753  -10.080  47.992 0.0000000000
48558  -30.739  -10.158  47.919 0.0000000000
50650  -37.851  -7.922  42.847 0.0000000000
49688  -36.800  -7.986  41.777 0.0000000000
50670  -36.928  -7.437  41.510 0.0000000000
62942  -57.428  3.905  42.451 0.0000000000
62958  -57.643  3.829  41.351 0.0000000000
62975  -56.890  3.588  40.420 0.0000000000
64035  -58.105  4.527  39.982 0.0000000000
42773  -22.260  -14.362  68.223 0.0000000000
42787  -21.521  -14.198  67.457 0.0000000000
42788  -22.306  -14.420  67.209 0.0000000000
45230  -21.522  -12.863  58.339 0.0000000000
44213  -21.023  -13.048  58.728 0.0000000000
44235  -20.292  -13.160  57.331 0.0000000000
43018  -19.111  -14.590  56.614 0.0000000000
43026  -19.418  -14.569  55.665 0.0000000000
45288  -27.689  -12.649  54.611 0.0000000000
45287  -26.544  -13.024  54.803 0.0000000000
45303  -25.670  -12.956  53.855 0.0000000000
50608  -40.820  -7.983  46.702 0.0000000000
51684  -40.441  -6.875  46.291 0.0000000000
51679  -41.309  -6.743  47.599 0.0000000000
53993  -43.395  -4.509  50.739 0.0000000000
54002  -42.576  -4.832  49.200 0.0000000000
55113  -43.396  -3.455  50.688 0.0000000000
56115  -43.317  -2.655  49.323 0.0000000000
57074  -43.756  -2.153  51.697 0.0000000000
46288  -41.494  -10.732  57.080 0.0000000000
46295  -39.551  -11.426  56.477 0.0000000000
46305  -40.491  -10.783  55.411 0.0000000000
48526  -39.903  -10.010  50.821 0.0000000000
47479  -39.027  -10.099  51.619 0.0000000000
48524  -38.160  -9.948  50.630 0.0000000000
48532  -36.899  -9.928  49.852 0.0000000000
48546  -37.542  -9.702  49.179 0.0000000000
48587  -37.190  -9.390  47.551 0.0000000000
48566  -38.316  -9.640  48.299 0.0000000000
48591  -40.810  -9.481  47.308 0.0000000000
48613  -39.259  -9.527  46.452 0.0000000000
48615  -40.722  -9.123  46.703 0.0000000000
49596  -39.574  -8.449  45.121 0.0000000000
42809  -26.717  -14.349  66.686 0.0000000000
42831  -25.596  -14.291  65.480 0.0000000000
42857  -27.489  -14.414  64.691 0.0000000000
42922  -27.508  -14.522  61.527 0.0000000000
42921  -26.778  -14.196  61.698 0.0000000000
42945  -26.074  -14.188  60.314 0.0000000000
44197  -24.579  -13.466  59.359 0.0000000000
44198  -25.416  -14.007  59.112 0.0000000000
55173  -40.472  -3.841  45.079 0.0000000000
55182  -39.977  -3.915  43.828 0.0000000000
56147  -40.808  -3.154  44.118 0.0000000000
57194  -43.170  -2.221  43.089 0.0000000000
57193  -42.540  -2.362  42.626 0.0000000000
57213  -43.409  -1.997  41.824 0.0000000000
57183  -47.545  -1.616  43.488 0.0000000000
57216  -46.740  -1.583  41.488 0.0000000000
57198  -47.632  -1.583  42.444 0.0000000000
57218  -48.548  -1.515  41.345 0.0000000000
57185  -49.304  -1.487  43.304 0.0000000000
41777  -35.515  -14.719  61.817 0.0000000000
42927  -34.317  -14.526  61.146 0.0000000000
42955  -35.268  -14.473  60.569 0.0000000000
44245  -34.394  -13.347  57.447 0.0000000000
44244  -33.450  -13.447  57.379 0.0000000000
44265  -32.520  -13.104  56.617 0.0000000000
44282  -30.624  -13.067  55.930 0.0000000000
45274  -31.637  -12.754  55.142 0.0000000000
46311  -36.765  -11.664  54.590 0.0000000000
45296  -35.674  -12.097  54.751 0.0000000000
46325  -34.995  -11.916  53.564 0.0000000000
46368  -30.972  -11.510  50.749 0.0000000000
46339  -32.404  -11.901  52.586 0.0000000000
46352  -30.554  -11.846  51.397 0.0000000000
46336  -29.165  -12.128  52.179 0.0000000000
49593  -35.784  -9.008  45.248 0.0000000000
44173  -39.709  -13.455  61.832 0.0000000000
45226  -41.647  -11.225  59.423 0.0000000000
55024  -46.043  -3.462  55.654 0.0000000000
59349  -45.936  0.747  54.375 0.0000000000
60628  -45.898  1.522  53.918 0.0000000000
59368  -45.836  0.824  52.226 0.0000000000
61752  -46.553  2.590  52.989 0.0000000000
61765  -49.344  3.120  51.327 0.0000000000
60651  -48.499  2.247  50.932 0.0000000000
60674  -49.381  1.035  49.587 0.0000000000
59423  -49.156  -0.041  48.573 0.0000000000
59408  -50.354  1.108  49.076 0.0000000000
59450  -52.495  0.411  46.839 0.0000000000
58280  -51.380  -0.340  46.793 0.0000000000
58298  -52.004  -0.339  45.420 0.0000000000
58301  -51.344  -0.552  43.769 0.0000000000
59491  -52.329  0.222  43.856 0.0000000000
61871  -55.491  3.205  45.501 0.0000000000
61914  -55.029  2.273  42.247 0.0000000000
60784  -54.480  1.668  43.432 0.0000000000
60820  -53.468  1.785  41.531 0.0000000000
60819  -52.610  1.380  41.462 0.0000000000
61946  -52.727  1.829  40.100 0.0000000000
61975  -51.794  1.884  38.885 0.0000000000
61964  -53.405  2.295  39.327 0.0000000000
63003  -55.856  3.511  38.299 0.0000000000
63012  -54.100  2.886  37.427 0.0000000000
63014  -56.109  3.601  37.208 0.0000000000
67193  -58.228  7.409  39.098 0.0000000000
66161  -58.318  6.679  38.765 0.0000000000
66160  -57.891  6.746  38.245 0.0000000000
42825  -19.819  -13.807  65.391 0.0000000000
42824  -18.898  -13.803  65.199 0.0000000000
42849  -18.686  -13.925  64.199 0.0000000000
42896  -18.128  -14.434  62.292 0.0000000000
42897  -19.107  -14.365  62.430 0.0000000000
44141  -23.379  -13.728  63.352 0.0000000000
44140  -22.332  -13.963  63.423 0.0000000000
44153  -22.096  -13.791  62.399 0.0000000000
44178  -19.876  -13.823  60.507 0.0000000000
41800  -18.405  -15.630  57.933 0.0000000000
42996  -30.511  -14.193  58.962 0.0000000000
42974  -29.245  -14.392  59.847 0.0000000000
42995  -29.340  -14.159  58.839 0.0000000000
44277  -25.715  -13.827  55.723 0.0000000000
43027  -26.104  -14.104  56.552 0.0000000000
44275  -24.056  -13.539  55.764 0.0000000000
44256  -24.047  -13.474  56.702 0.0000000000
45268  -23.382  -13.231  55.131 0.0000000000
43038  -19.914  -14.335  53.197 0.0000000000
50594  -42.389  -7.869  49.275 0.0000000000
51657  -42.455  -7.060  49.173 0.0000000000
51658  -43.048  -6.436  49.799 0.0000000000
52800  -43.758  -5.541  51.155 0.0000000000
53965  -43.966  -4.573  52.077 0.0000000000
48505  -42.852  -9.471  54.794 0.0000000000
47447  -40.999  -10.326  54.393 0.0000000000
47469  -42.224  -9.685  53.083 0.0000000000
47482  -41.548  -9.780  52.078 0.0000000000
48536  -40.682  -9.923  50.041 0.0000000000
48549  -40.553  -9.878  49.115 0.0000000000
48550  -41.265  -9.667  49.400 0.0000000000
48570  -41.640  -9.247  49.109 0.0000000000
62021  -51.019  1.934  36.678 0.0000000000
42860  -29.712  -14.441  64.990 0.0000000000
42882  -28.166  -14.531  63.829 0.0000000000
41733  -29.400  -14.694  63.525 0.0000000000
41769  -28.822  -14.806  61.903 0.0000000000
41783  -28.134  -14.772  60.977 0.0000000000
56135  -42.378  -2.493  46.509 0.0000000000
56149  -42.204  -2.409  44.635 0.0000000000
56150  -42.973  -2.167  44.989 0.0000000000
57179  -43.674  -2.150  44.413 0.0000000000
57180  -44.531  -2.040  43.973 0.0000000000
57196  -45.583  -1.738  42.676 0.0000000000
57181  -45.552  -1.881  43.745 0.0000000000
57164  -47.338  -1.489  45.408 0.0000000000
57165  -48.245  -1.461  45.324 0.0000000000
42957  -37.138  -14.293  60.618 0.0000000000
42980  -35.394  -14.253  59.846 0.0000000000
44201  -36.316  -13.858  59.213 0.0000000000
44246  -35.419  -13.118  57.430 0.0000000000
44268  -34.892  -12.887  56.785 0.0000000000
47475  -34.988  -10.975  51.530 0.0000000000
46356  -34.093  -11.431  51.959 0.0000000000
47474  -33.906  -11.085  51.168 0.0000000000
47492  -31.702  -11.154  50.183 0.0000000000
47506  -30.362  -10.825  49.378 0.0000000000
47505  -29.354  -10.855  49.323 0.0000000000
47524  -30.042  -10.452  48.657 0.0000000000
49641  -36.608  -8.731  43.469 0.0000000000
49662  -36.306  -8.416  42.456 0.0000000000
61778  -51.315  2.992  50.401 0.0000000000
60676  -50.927  1.726  49.320 0.0000000000
61807  -52.141  2.245  48.965 0.0000000000
60690  -52.554  1.734  48.215 0.0000000000
60718  -53.554  1.605  46.622 0.0000000000
62932  -56.678  3.990  44.003 0.0000000000
61888  -55.927  3.000  44.569 0.0000000000
62941  -56.856  3.442  43.053 0.0000000000
61933  -56.087  2.799  42.283 0.0000000000
61949  -55.138  2.569  40.911 0.0000000000
62989  -54.983  2.827  39.786 0.0000000000
62990  -55.836  3.278  39.505 0.0000000000
62991  -56.725  3.865  39.111 0.0000000000
64052  -57.528  4.240  38.583 0.0000000000
68261  -56.608  8.654  38.294 0.0000000000
67191  -57.173  7.380  38.403 0.0000000000
67205  -55.895  7.336  37.614 0.0000000000
44046  -20.278  -14.117  69.717 0.0000000000
44084  -19.554  -13.950  68.365 0.0000000000
42786  -20.440  -13.948  67.674 0.0000000000
42802  -20.085  -13.834  66.451 0.0000000000
42851  -20.500  -13.948  64.534 0.0000000000
44181  -23.043  -13.046  60.434 0.0000000000
44180  -21.988  -13.189  60.677 0.0000000000
45212  -21.519  -13.078  59.978 0.0000000000
44212  -20.287  -13.322  58.475 0.0000000000
44233  -19.002  -14.122  57.946 0.0000000000
41803  -18.682  -15.569  57.226 0.0000000000
41804  -18.883  -15.555  56.633 0.0000000000
44262  -29.540  -13.430  56.824 0.0000000000
43022  -28.007  -13.897  57.321 0.0000000000
44279  -27.580  -13.331  56.139 0.0000000000
44295  -25.760  -13.362  54.685 0.0000000000
44304  -24.286  -13.390  53.805 0.0000000000
51709  -38.938  -6.853  43.917 0.0000000000
52868  -38.620  -5.901  43.529 0.0000000000
52861  -39.522  -5.833  44.829 0.0000000000
54038  -40.404  -4.889  45.791 0.0000000000
55158  -41.383  -4.051  46.904 0.0000000000
52828  -41.953  -5.567  48.453 0.0000000000
55148  -41.645  -4.455  47.577 0.0000000000
55159  -41.931  -3.170  46.984 0.0000000000
56129  -43.120  -2.342  47.779 0.0000000000
57122  -44.183  -1.746  48.739 0.0000000000
57113  -45.393  -1.162  49.482 0.0000000000
45235  -39.466  -12.594  58.377 0.0000000000
45247  -38.505  -12.339  57.400 0.0000000000
45262  -39.005  -11.688  56.696 0.0000000000
46303  -38.696  -11.237  55.416 0.0000000000
46327  -37.101  -11.151  53.419 0.0000000000
47445  -39.587  -10.653  53.958 0.0000000000
47452  -37.799  -10.846  52.969 0.0000000000
47462  -36.227  -10.891  52.067 0.0000000000
47496  -35.662  -10.472  50.670 0.0000000000
48544  -35.478  -10.033  49.023 0.0000000000
48562  -34.524  -9.818  48.099 0.0000000000
48607  -33.229  -9.451  46.574 0.0000000000
48585  -35.277  -9.550  47.419 0.0000000000
48610  -36.058  -9.293  46.628 0.0000000000
48655  -37.111  -9.173  45.349 0.0000000000
48589  -38.894  -9.726  47.357 0.0000000000
48633  -38.537  -9.168  45.585 0.0000000000
48656  -37.746  -9.078  44.928 0.0000000000
48677  -38.163  -8.800  44.089 0.0000000000
49644  -38.671  -8.346  43.964 0.0000000000
65135  -58.596  5.752  39.908 0.0000000000
67169  -58.530  7.491  40.175 0.0000000000
68251  -58.292  8.448  39.850 0.0000000000
69321  -57.578  9.882  39.039 0.0000000000
69320  -57.178  9.576  38.537 0.0000000000
70335  -56.255  10.213  37.148 0.0000000000
42790  -24.066  -14.498  67.504 0.0000000000
42805  -22.853  -14.484  66.440 0.0000000000
42830  -24.539  -14.272  65.724 0.0000000000
44127  -24.531  -13.917  64.297 0.0000000000
44142  -24.364  -13.661  63.438 0.0000000000
42880  -26.996  -14.242  63.280 0.0000000000
44156  -25.214  -13.541  62.500 0.0000000000
44169  -24.824  -13.405  61.412 0.0000000000
44182  -24.234  -13.260  60.405 0.0000000000
45222  -23.038  -12.882  58.778 0.0000000000
45241  -21.632  -12.704  57.477 0.0000000000
55193  -38.853  -4.328  42.602 0.0000000000
55204  -39.545  -3.382  41.820 0.0000000000
56155  -41.442  -2.708  43.468 0.0000000000
57235  -48.672  -1.488  40.342 0.0000000000
58332  -49.478  -0.768  40.497 0.0000000000
41738  -34.196  -14.586  63.184 0.0000000000
41773  -32.372  -14.548  61.995 0.0000000000
41774  -33.385  -14.521  61.898 0.0000000000
42952  -32.440  -14.355  60.438 0.0000000000
42997  -31.528  -14.202  58.916 0.0000000000
43000  -34.037  -13.939  58.839 0.0000000000
44220  -32.498  -13.760  58.179 0.0000000000
44241  -30.558  -13.605  57.532 0.0000000000
44281  -29.605  -13.184  55.994 0.0000000000
45272  -29.670  -12.934  55.194 0.0000000000
45305  -27.902  -12.304  53.847 0.0000000000
45259  -36.532  -12.411  56.398 0.0000000000
45277  -34.526  -12.506  55.496 0.0000000000
45294  -33.672  -12.396  54.625 0.0000000000
46340  -33.515  -11.767  52.585 0.0000000000
45310  -32.966  -12.225  53.860 0.0000000000
45292  -31.759  -12.506  54.396 0.0000000000
45308  -30.949  -12.386  53.593 0.0000000000
46320  -28.930  -12.298  52.925 0.0000000000
49574  -33.041  -9.161  45.771 0.0000000000
50551  -45.067  -7.243  54.334 0.0000000000
51592  -45.345  -6.394  54.043 0.0000000000
44027  -20.958  -13.978  70.353 0.0000000000
42761  -24.694  -13.958  69.070 0.0000000000
42777  -25.987  -13.812  68.253 0.0000000000
42793  -26.750  -14.094  67.527 0.0000000000
42836  -30.130  -14.209  65.741 0.0000000000
42862  -31.610  -14.323  64.844 0.0000000000
42863  -32.659  -14.287  64.737 0.0000000000
41719  -34.000  -14.516  63.878 0.0000000000
41720  -34.900  -14.566  63.579 0.0000000000
42883  -36.082  -14.517  62.944 0.0000000000
42904  -36.641  -14.481  62.283 0.0000000000
42885  -37.516  -13.769  62.834 0.0000000000
42931  -37.954  -14.292  61.249 0.0000000000
44171  -38.408  -14.205  61.188 0.0000000000
44187  -39.214  -13.880  60.640 0.0000000000
44205  -40.124  -13.094  59.933 0.0000000000
45224  -40.400  -12.475  59.443 0.0000000000
45225  -41.129  -11.625  59.248 0.0000000000
46280  -41.301  -11.152  58.396 0.0000000000
49544  -44.562  -8.269  55.023 0.0000000000
52776  -45.121  -5.633  53.838 0.0000000000
53950  -44.845  -4.598  54.034 0.0000000000
56062  -44.549  -2.606  53.622 0.0000000000
58170  -46.478  -0.657  55.687 0.0000000000
57057  -45.238  -1.395  54.337 0.0000000000
57065  -44.527  -1.370  52.955 0.0000000000
58194  -44.709  -0.681  51.793 0.0000000000
58202  -45.798  -0.130  51.015 0.0000000000
58219  -46.677  -0.077  50.039 0.0000000000
60640  -47.347  2.162  51.821 0.0000000000
59380  -47.411  1.067  50.727 0.0000000000
58237  -47.433  -0.207  49.069 0.0000000000
58265  -48.212  -0.862  47.453 0.0000000000
57138  -48.507  -1.109  46.773 0.0000000000
57152  -49.614  -1.319  45.875 0.0000000000
59437  -50.961  0.137  47.548 0.0000000000
58279  -50.333  -1.008  46.248 0.0000000000
57177  -50.023  -1.449  44.196 0.0000000000
57186  -50.017  -1.394  43.249 0.0000000000
58310  -50.116  -0.854  42.200 0.0000000000
58333  -50.032  -0.150  40.802 0.0000000000
61849  -54.149  2.339  46.591 0.0000000000
60739  -53.606  1.108  45.807 0.0000000000
61887  -55.288  2.098  44.059 0.0000000000
60763  -54.463  1.583  44.520 0.0000000000
59492  -53.099  0.524  44.627 0.0000000000
59511  -51.984  0.494  42.630 0.0000000000
59531  -51.312  0.727  41.468 0.0000000000
59572  -50.406  0.725  39.743 0.0000000000
60874  -51.164  1.635  38.889 0.0000000000
62007  -51.127  1.968  37.501 0.0000000000
62008  -51.721  2.296  37.084 0.0000000000
61978  -54.062  2.674  38.518 0.0000000000
61991  -53.313  2.687  37.501 0.0000000000
63027  -53.173  2.754  36.089 0.0000000000
64054  -58.424  5.132  39.455 0.0000000000
64065  -58.411  5.172  38.523 0.0000000000
64064  -58.140  4.612  38.052 0.0000000000
66176  -57.911  6.398  37.444 0.0000000000
64087  -58.520  5.171  36.520 0.0000000000
64073  -57.785  4.173  36.668 0.0000000000
44097  -18.433  -13.707  67.020 0.0000000000
42828  -22.552  -14.325  65.588 0.0000000000
42852  -21.381  -14.024  64.667 0.0000000000
42877  -20.266  -14.098  63.598 0.0000000000
44165  -20.919  -13.790  61.658 0.0000000000
44151  -20.645  -14.053  62.034 0.0000000000
42920  -19.600  -14.272  61.778 0.0000000000
42919  -18.806  -14.438  61.284 0.0000000000
41786  -30.219  -14.680  61.441 0.0000000000
42949  -29.136  -14.621  60.648 0.0000000000
42992  -26.854  -14.658  58.873 0.0000000000
43010  -27.538  -14.420  57.980 0.0000000000
43009  -26.849  -14.511  57.974 0.0000000000
43008  -26.164  -14.359  58.037 0.0000000000
44237  -24.734  -13.850  57.416 0.0000000000
45243  -23.257  -13.064  56.957 0.0000000000
45265  -20.970  -12.784  55.924 0.0000000000
44312  -23.033  -13.645  52.469 0.0000000000
44302  -22.327  -13.422  53.193 0.0000000000
45300  -22.297  -13.056  53.912 0.0000000000
44290  -20.888  -13.177  54.176 0.0000000000
44274  -20.453  -13.187  55.184 0.0000000000
44273  -19.799  -13.728  55.390 0.0000000000
50577  -44.193  -7.778  52.093 0.0000000000
49551  -44.078  -8.575  52.932 0.0000000000
49550  -43.753  -8.701  52.367 0.0000000000
49555  -43.942  -8.446  52.247 0.0000000000
58342  -48.859  -0.509  38.565 0.0000000000
58343  -49.362  -0.002  38.834 0.0000000000
41735  -31.130  -14.607  63.348 0.0000000000
51720  -37.430  -6.563  41.969 0.0000000000
52876  -37.603  -5.803  42.294 0.0000000000
57135  -46.142  -1.308  47.476 0.0000000000
57148  -46.321  -1.440  46.518 0.0000000000
57125  -46.637  -1.076  47.992 0.0000000000
45234  -38.541  -12.928  58.114 0.0000000000
48561  -33.662  -9.884  48.052 0.0000000000
47527  -33.047  -10.271  48.706 0.0000000000
50649  -37.383  -7.489  42.049 0.0000000000
51735  -37.012  -6.725  41.350 0.0000000000
63994  -58.095  4.698  41.912 0.0000000000
64010  -58.181  4.426  40.867 0.0000000000
42789  -23.084  -14.491  67.395 0.0000000000
45240  -21.001  -12.828  57.643 0.0000000000
44254  -19.635  -13.746  56.445 0.0000000000
44255  -20.266  -13.153  56.194 0.0000000000
45304  -26.800  -12.332  53.613 0.0000000000
45317  -25.894  -12.265  52.701 0.0000000000
50603  -41.400  -7.839  47.537 0.0000000000
50604  -41.547  -7.280  47.916 0.0000000000
55097  -43.595  -3.827  51.405 0.0000000000
56097  -43.573  -2.828  51.137 0.0000000000
46297  -41.382  -10.691  56.333 0.0000000000
46296  -40.712  -10.929  56.150 0.0000000000
47431  -41.387  -10.581  55.901 0.0000000000
48535  -39.797  -9.951  49.933 0.0000000000
48525  -38.949  -9.940  50.748 0.0000000000
48534  -38.817  -9.818  49.931 0.0000000000
49565  -41.462  -8.715  47.842 0.0000000000
49568  -41.119  -8.761  47.065 0.0000000000
49579  -40.405  -8.639  46.167 0.0000000000
42833  -27.520  -14.369  65.741 0.0000000000
42832  -26.635  -14.410  65.650 0.0000000000
42947  -27.379  -14.608  60.530 0.0000000000
42946  -26.606  -14.366  60.681 0.0000000000
42970  -26.089  -14.301  59.811 0.0000000000
42991  -26.133  -14.412  58.922 0.0000000000
55168  -41.070  -3.410  45.779 0.0000000000
55174  -40.998  -3.070  44.916 0.0000000000
57175  -48.375  -1.566  44.386 0.0000000000
57199  -48.513  -1.458  42.364 0.0000000000
42929  -35.996  -14.653  61.481 0.0000000000
42928  -35.112  -14.637  61.232 0.0000000000
44266  -33.416  -13.002  56.484 0.0000000000
44284  -32.442  -12.838  55.863 0.0000000000
45275  -32.491  -12.661  55.223 0.0000000000
46326  -36.066  -11.546  53.511 0.0000000000
46310  -35.818  -11.921  54.215 0.0000000000
46367  -30.082  -11.626  50.702 0.0000000000
46351  -29.588  -11.944  51.425 0.0000000000
46366  -29.089  -11.670  50.694 0.0000000000
60638  -45.964  1.655  53.007 0.0000000000
61777  -50.595  2.866  50.652 0.0000000000
61766  -50.019  3.212  51.264 0.0000000000
61776  -49.688  2.633  50.739 0.0000000000
60662  -50.161  2.061  50.144 0.0000000000
59407  -49.826  0.769  49.092 0.0000000000
59463  -52.649  0.088  45.903 0.0000000000
58302  -51.952  -0.309  44.591 0.0000000000
59477  -52.596  0.042  44.995 0.0000000000
65037  -55.790  5.037  45.327 0.0000000000
63973  -55.616  4.688  45.527 0.0000000000
62915  -55.574  3.958  45.727 0.0000000000
62924  -55.905  3.679  45.251 0.0000000000
61931  -54.711  2.352  41.352 0.0000000000
61913  -54.193  2.051  41.908 0.0000000000
61929  -53.029  1.842  40.784 0.0000000000
61947  -53.311  2.106  40.159 0.0000000000
63004  -56.806  3.933  37.980 0.0000000000
63013  -55.057  3.206  37.353 0.0000000000
67192  -57.929  7.470  38.824 0.0000000000
44065  -18.915  -13.977  69.003 0.0000000000
42850  -19.597  -13.902  64.382 0.0000000000
42875  -18.437  -14.181  63.235 0.0000000000
44217  -29.784  -13.932  58.379 0.0000000000
44276  -24.826  -13.744  55.634 0.0000000000
45285  -23.372  -13.298  54.600 0.0000000000
51627  -44.260  -6.583  51.805 0.0000000000
51626  -44.046  -6.090  51.384 0.0000000000
52801  -44.150  -5.513  51.888 0.0000000000
53981  -44.084  -5.021  52.005 0.0000000000
47458  -42.323  -9.692  53.889 0.0000000000
48510  -42.867  -9.454  54.064 0.0000000000
48529  -42.255  -9.510  51.583 0.0000000000
47483  -42.077  -9.657  52.391 0.0000000000
48528  -41.543  -9.706  51.166 0.0000000000
48527  -40.768  -9.891  50.947 0.0000000000
48537  -41.421  -9.685  50.255 0.0000000000
49562  -42.691  -8.570  50.108 0.0000000000
49561  -42.237  -8.689  49.517 0.0000000000
49566  -41.701  -8.847  48.628 0.0000000000
58347  -48.576  -0.447  37.474 0.0000000000
60903  -50.395  1.692  37.045 0.0000000000
41714  -29.297  -14.589  64.328 0.0000000000
41753  -29.480  -14.772  62.668 0.0000000000
41784  -28.890  -14.771  61.149 0.0000000000
54071  -37.692  -4.673  41.716 0.0000000000
56136  -43.078  -2.145  46.907 0.0000000000
56144  -43.049  -2.083  45.964 0.0000000000
57160  -43.830  -1.874  46.447 0.0000000000
57171  -44.651  -1.992  45.064 0.0000000000
57172  -45.556  -1.857  44.778 0.0000000000
57149  -47.185  -1.273  46.291 0.0000000000
57173  -46.500  -1.715  44.602 0.0000000000
57174  -47.450  -1.616  44.485 0.0000000000
44185  -37.528  -14.134  60.298 0.0000000000
42982  -36.944  -14.065  59.923 0.0000000000
44247  -36.509  -13.090  57.783 0.0000000000
44224  -36.416  -13.440  58.490 0.0000000000
47495  -34.714  -10.657  50.531 0.0000000000
47494  -33.724  -10.789  50.298 0.0000000000
47493  -32.737  -10.934  50.149 0.0000000000
47507  -31.366  -10.758  49.431 0.0000000000
49642  -37.602  -8.782  43.742 0.0000000000
49663  -37.274  -8.393  42.695 0.0000000000
62824  -51.483  3.745  50.729 0.0000000000
61789  -51.631  2.514  49.650 0.0000000000
61809  -53.453  2.848  48.390 0.0000000000
61808  -52.892  2.408  48.867 0.0000000000
60691  -53.097  2.206  48.346 0.0000000000
60701  -53.278  2.045  47.706 0.0000000000
63986  -57.467  4.817  42.996 0.0000000000
65052  -57.087  5.716  43.445 0.0000000000
63985  -56.898  4.929  43.861 0.0000000000
62957  -56.583  3.142  41.829 0.0000000000
61932  -55.669  2.653  41.699 0.0000000000
62974  -55.808  2.898  40.766 0.0000000000
68276  -56.195  9.088  37.869 0.0000000000
68260  -56.215  8.296  38.075 0.0000000000
42757  -20.887  -14.183  69.566 0.0000000000
42771  -20.326  -14.160  68.933 0.0000000000
42826  -20.744  -13.908  65.538 0.0000000000
45213  -22.219  -12.926  59.822 0.0000000000
44211  -19.469  -13.796  58.612 0.0000000000
43007  -18.953  -14.391  57.348 0.0000000000
41806  -19.210  -15.580  55.985 0.0000000000
44280  -28.575  -13.241  56.103 0.0000000000
44261  -28.437  -13.585  56.938 0.0000000000
45270  -27.660  -13.017  55.441 0.0000000000
44306  -25.452  -13.237  54.117 0.0000000000
44296  -26.245  -13.357  55.075 0.0000000000
44294  -24.919  -13.572  54.708 0.0000000000
50618  -39.254  -7.692  44.393 0.0000000000
51697  -39.347  -6.807  44.542 0.0000000000
51690  -39.704  -6.906  45.138 0.0000000000
52850  -41.030  -5.897  47.131 0.0000000000
52849  -40.592  -5.880  46.454 0.0000000000
54028  -40.839  -5.072  46.591 0.0000000000
55157  -41.042  -4.592  46.715 0.0000000000
52819  -42.410  -5.832  49.059 0.0000000000
51670  -41.975  -6.461  48.539 0.0000000000
55127  -42.775  -4.082  49.334 0.0000000000
54010  -42.137  -4.830  48.557 0.0000000000
55139  -42.460  -3.986  48.696 0.0000000000
55149  -41.991  -3.871  47.818 0.0000000000
56121  -42.603  -3.071  48.240 0.0000000000
56128  -42.441  -2.757  47.403 0.0000000000
57101  -44.059  -1.797  50.011 0.0000000000
57111  -43.834  -2.010  49.421 0.0000000000
57112  -44.523  -1.527  49.426 0.0000000000
45236  -40.295  -11.839  58.317 0.0000000000
45248  -39.390  -11.890  57.366 0.0000000000
46286  -39.840  -11.608  57.224 0.0000000000
46312  -37.838  -11.217  54.521 0.0000000000
46328  -38.111  -10.936  53.646 0.0000000000
47456  -40.902  -10.219  53.561 0.0000000000
47446  -40.177  -10.539  54.291 0.0000000000
47455  -40.128  -10.413  53.404 0.0000000000
47478  -37.953  -10.226  51.461 0.0000000000
47464  -38.239  -10.468  52.352 0.0000000000
47463  -37.162  -10.794  52.418 0.0000000000
47476  -35.980  -10.635  51.382 0.0000000000
47497  -36.664  -10.215  50.633 0.0000000000
48545  -36.464  -9.899  49.253 0.0000000000
48563  -35.400  -9.758  48.207 0.0000000000
48584  -34.365  -9.623  47.381 0.0000000000
48611  -37.011  -9.295  46.691 0.0000000000
49578  -36.262  -9.203  46.047 0.0000000000
48631  -36.760  -9.252  45.998 0.0000000000
48568  -40.323  -9.838  48.134 0.0000000000
48567  -39.337  -9.813  48.144 0.0000000000
48590  -39.896  -9.824  47.213 0.0000000000
48676  -37.921  -8.951  44.328 0.0000000000
48657  -38.318  -8.900  44.686 0.0000000000
49620  -38.992  -8.356  44.372 0.0000000000
50634  -38.759  -7.787  43.757 0.0000000000
68250  -57.923  8.927  39.408 0.0000000000
70324  -57.160  10.593  38.347 0.0000000000
69333  -56.629  9.854  37.892 0.0000000000
70336  -56.750  11.065  37.427 0.0000000000
42791  -25.037  -14.365  67.544 0.0000000000
42807  -24.801  -14.411  66.595 0.0000000000
42855  -25.924  -14.172  64.774 0.0000000000
44114  -25.009  -14.169  65.211 0.0000000000
44128  -25.403  -14.053  64.592 0.0000000000
44143  -25.368  -13.760  63.578 0.0000000000
42902  -28.093  -14.513  63.219 0.0000000000
42881  -27.573  -14.419  63.676 0.0000000000
44157  -26.317  -13.903  62.664 0.0000000000
44196  -23.623  -13.071  59.518 0.0000000000
45231  -22.344  -12.802  58.126 0.0000000000
45232  -23.162  -12.977  57.887 0.0000000000
54050  -38.982  -5.194  43.572 0.0000000000
54061  -39.122  -4.717  43.334 0.0000000000
55195  -40.104  -3.397  42.631 0.0000000000
56156  -42.131  -2.491  43.773 0.0000000000
57212  -42.208  -2.309  41.964 0.0000000000
57197  -46.638  -1.643  42.554 0.0000000000
57234  -47.812  -1.626  40.380 0.0000000000
58331  -49.096  -1.275  40.295 0.0000000000
57236  -49.199  -1.260  40.765 0.0000000000
41758  -34.271  -14.629  62.496 0.0000000000
41757  -33.332  -14.544  62.621 0.0000000000
41775  -34.293  -14.618  61.809 0.0000000000
42954  -34.344  -14.362  60.464 0.0000000000
42953  -33.430  -14.310  60.412 0.0000000000
42977  -32.476  -14.268  59.647 0.0000000000
42998  -32.492  -14.098  58.898 0.0000000000
44200  -35.420  -13.931  59.140 0.0000000000
44199  -34.712  -13.979  59.175 0.0000000000
44243  -32.521  -13.440  57.408 0.0000000000
44221  -33.388  -13.731  58.165 0.0000000000
44242  -31.563  -13.494  57.463 0.0000000000
44263  -30.583  -13.314  56.730 0.0000000000
45273  -30.684  -12.869  55.141 0.0000000000
45289  -28.734  -12.674  54.500 0.0000000000
45306  -28.845  -12.463  53.707 0.0000000000
45260  -37.566  -12.032  56.355 0.0000000000
45246  -37.539  -12.662  57.347 0.0000000000
45278  -35.566  -12.332  55.502 0.0000000000
45321  -31.667  -12.030  52.751 0.0000000000
46322  -32.593  -12.027  53.336 0.0000000000
45309  -31.994  -12.186  53.495 0.0000000000
45293  -32.714  -12.450  54.527 0.0000000000
46321  -29.676  -12.335  52.739 0.0000000000
46335  -28.193  -11.957  52.357 0.0000000000
48608  -34.181  -9.431  46.633 0.0000000000
49575  -34.012  -9.168  45.852 0.0000000000
44008  -20.721  -13.564  71.443 0.0000000000
44050  -25.928  -13.566  69.107 0.0000000000
42884  -36.901  -13.973  63.181 0.0000000000
44158  -37.909  -13.665  62.675 0.0000000000
42905  -37.671  -14.079  62.255 0.0000000000
42906  -38.358  -14.037  61.772 0.0000000000
44172  -38.795  -14.031  61.443 0.0000000000
44204  -39.363  -13.427  59.680 0.0000000000
45216  -41.105  -12.058  60.232 0.0000000000
46273  -41.595  -11.244  59.079 0.0000000000
46274  -42.031  -10.876  58.958 0.0000000000
46281  -42.042  -10.390  57.955 0.0000000000
49548  -44.772  -7.805  54.577 0.0000000000
51593  -45.468  -6.098  54.415 0.0000000000
52777  -45.390  -5.883  54.175 0.0000000000
52764  -45.521  -5.374  54.660 0.0000000000
55041  -45.715  -3.560  55.061 0.0000000000
55040  -45.233  -3.749  54.565 0.0000000000
55039  -44.711  -3.262  54.066 0.0000000000
56050  -44.937  -2.585  54.296 0.0000000000
58179  -45.589  -0.180  54.241 0.0000000000
57066  -44.879  -1.219  53.564 0.0000000000
57075  -44.064  -1.490  52.149 0.0000000000
58185  -44.840  -0.574  52.493 0.0000000000
59378  -45.855  0.370  51.584 0.0000000000
58195  -45.252  -0.015  52.023 0.0000000000
58203  -46.483  0.219  50.683 0.0000000000
61753  -47.299  2.672  52.316 0.0000000000
61763  -47.751  2.522  51.766 0.0000000000
59389  -48.248  0.991  50.027 0.0000000000
60660  -47.933  1.198  50.472 0.0000000000
59388  -47.484  0.596  50.128 0.0000000000
58220  -47.315  0.161  49.650 0.0000000000
59405  -47.791  0.250  49.404 0.0000000000
58250  -47.334  -0.808  48.150 0.0000000000
58252  -49.567  -0.268  48.007 0.0000000000
58266  -49.311  -0.884  47.124 0.0000000000
57151  -48.960  -1.296  46.154 0.0000000000
58278  -49.594  -1.166  46.373 0.0000000000
60689  -51.732  1.633  48.600 0.0000000000
60688  -51.234  1.262  48.542 0.0000000000
59438  -51.574  0.285  47.440 0.0000000000
58292  -51.317  -0.677  45.796 0.0000000000
57167  -49.861  -1.356  45.178 0.0000000000
58296  -50.701  -1.129  44.040 0.0000000000
58311  -50.818  -0.454  42.789 0.0000000000
58300  -50.485  -0.971  43.128 0.0000000000
59509  -50.474  -0.332  42.058 0.0000000000
58321  -50.002  -0.525  41.412 0.0000000000
61850  -54.743  2.868  46.250 0.0000000000
61829  -54.510  3.230  46.953 0.0000000000
60719  -54.184  2.154  46.269 0.0000000000
60740  -54.242  1.792  45.665 0.0000000000
60783  -53.409  1.032  43.731 0.0000000000
60782  -52.631  0.688  43.213 0.0000000000
60800  -52.758  0.994  42.569 0.0000000000
60818  -51.897  1.101  41.387 0.0000000000
59555  -51.066  0.911  40.762 0.0000000000
59554  -50.531  0.531  40.437 0.0000000000
60856  -50.845  1.116  39.746 0.0000000000
60855  -50.351  0.847  39.414 0.0000000000
61976  -52.592  2.217  38.611 0.0000000000
61988  -51.308  1.879  38.313 0.0000000000
61989  -51.807  2.205  38.013 0.0000000000
61965  -54.151  2.619  39.135 0.0000000000
62010  -53.447  2.791  36.799 0.0000000000
62009  -52.558  2.579  36.679 0.0000000000
65144  -58.582  5.854  39.031 0.0000000000
64075  -58.381  5.176  37.533 0.0000000000
66175  -57.271  6.580  37.476 0.0000000000
66159  -57.593  6.689  37.967 0.0000000000
65170  -58.592  5.789  35.984 0.0000000000
44083  -18.660  -13.813  68.047 0.0000000000
44124  -17.961  -13.839  65.007 0.0000000000
44111  -18.198  -13.724  66.000 0.0000000000
42848  -17.740  -13.872  64.015 0.0000000000
42895  -17.139  -14.397  62.257 0.0000000000
42942  -17.267  -14.802  60.711 0.0000000000
42854  -22.997  -14.214  64.991 0.0000000000
44139  -21.724  -14.043  62.975 0.0000000000
42879  -21.826  -14.092  64.081 0.0000000000
42878  -21.236  -14.104  63.613 0.0000000000
42899  -20.707  -14.130  63.067 0.0000000000
44166  -21.621  -13.587  61.571 0.0000000000
44164  -20.247  -13.951  61.481 0.0000000000
44163  -19.585  -14.157  61.121 0.0000000000
42898  -20.153  -14.190  62.542 0.0000000000
40825  -18.861  -16.074  56.891 0.0000000000
40822  -19.302  -16.966  57.156 0.0000000000
42924  -31.391  -14.541  61.387 0.0000000000
41772  -31.386  -14.619  62.047 0.0000000000
42973  -28.356  -14.610  59.966 0.0000000000
42993  -27.586  -14.638  58.893 0.0000000000
44260  -27.425  -13.689  56.752 0.0000000000
43021  -27.459  -14.085  57.288 0.0000000000
43019  -26.147  -14.253  57.207 0.0000000000
44216  -25.434  -14.151  58.153 0.0000000000
45255  -23.345  -13.122  56.020 0.0000000000
45254  -22.530  -12.767  56.290 0.0000000000
45253  -21.683  -12.644  56.576 0.0000000000
44303  -23.380  -13.432  53.548 0.0000000000
44311  -21.972  -13.808  52.106 0.0000000000
44301  -21.198  -13.602  53.014 0.0000000000
44291  -21.669  -13.121  53.725 0.0000000000
44300  -20.441  -13.684  53.522 0.0000000000
41810  -19.472  -15.379  53.803 0.0000000000
44289  -20.064  -13.684  54.321 0.0000000000
43033  -19.577  -14.478  54.554 0.0000000000
50586  -43.678  -7.870  51.182 0.0000000000
50587  -44.049  -7.177  51.400 0.0000000000
48517  -43.801  -8.951  53.775 0.0000000000
48516  -43.333  -9.277  53.523 0.0000000000
48530  -42.945  -9.167  51.676 0.0000000000
48539  -42.616  -9.236  51.093 0.0000000000
49558  -42.994  -8.766  50.756 0.0000000000
58341  -48.297  -1.087  38.899 0.0000000000
59589  -49.110  0.004  37.804 0.0000000000
41716  -30.915  -14.512  64.110 0.0000000000
41754  -30.320  -14.734  62.630 0.0000000000
41771  -30.417  -14.732  61.944 0.0000000000
57133  -44.411  -1.625  47.943 0.0000000000
57146  -44.570  -1.656  47.035 0.0000000000
44203  -38.398  -13.706  59.635 0.0000000000
44248  -37.197  -13.005  57.794 0.0000000000
47509  -33.556  -10.472  49.384 0.0000000000
47526  -32.053  -10.352  48.734 0.0000000000
48580  -30.395  -9.731  47.153 0.0000000000
62976  -57.762  4.040  40.481 0.0000000000
42758  -21.791  -14.244  69.257 0.0000000000
42804  -21.963  -14.325  66.478 0.0000000000
45220  -21.585  -12.973  59.225 0.0000000000
45229  -20.813  -13.016  58.113 0.0000000000
45302  -25.165  -13.089  53.536 0.0000000000
50611  -40.047  -7.882  45.470 0.0000000000
51691  -40.089  -6.933  45.631 0.0000000000
50607  -40.379  -7.708  46.058 0.0000000000
51685  -40.912  -6.881  47.031 0.0000000000
52839  -41.387  -5.852  47.610 0.0000000000
54003  -43.025  -4.698  49.848 0.0000000000
55128  -43.111  -3.592  49.898 0.0000000000
56106  -43.537  -2.566  50.187 0.0000000000
57086  -43.912  -1.918  50.757 0.0000000000
46304  -39.795  -10.906  55.208 0.0000000000
47480  -39.983  -10.132  51.702 0.0000000000
47466  -40.053  -10.290  52.572 0.0000000000
47498  -37.450  -10.131  50.861 0.0000000000
48533  -37.710  -9.821  50.059 0.0000000000
48565  -37.318  -9.549  48.399 0.0000000000
48588  -38.015  -9.512  47.653 0.0000000000
48614  -40.171  -9.409  46.399 0.0000000000
49595  -38.935  -8.839  44.932 0.0000000000
48635  -40.009  -8.966  45.738 0.0000000000
49597  -40.056  -8.571  45.596 0.0000000000
42808  -25.800  -14.405  66.625 0.0000000000
42856  -26.589  -14.245  64.500 0.0000000000
42900  -27.160  -14.281  62.343 0.0000000000
44184  -26.061  -14.074  60.624 0.0000000000
44183  -25.457  -13.784  60.273 0.0000000000
44215  -24.684  -13.700  58.355 0.0000000000
54044  -39.874  -4.693  44.788 0.0000000000
54052  -39.748  -4.409  44.201 0.0000000000
56171  -42.589  -2.388  43.421 0.0000000000
57200  -49.271  -1.296  42.328 0.0000000000
41760  -35.412  -14.752  62.191 0.0000000000
41776  -34.996  -14.734  61.774 0.0000000000
44283  -31.595  -12.930  55.893 0.0000000000
45291  -30.774  -12.644  54.358 0.0000000000
46301  -37.038  -11.750  55.293 0.0000000000
45279  -36.558  -12.004  55.404 0.0000000000
45297  -36.198  -11.964  54.721 0.0000000000
46309  -35.281  -12.059  54.241 0.0000000000
45312  -34.354  -12.105  53.789 0.0000000000
46354  -32.109  -11.631  51.433 0.0000000000
46353  -31.293  -11.701  51.293 0.0000000000
46338  -31.304  -11.942  52.064 0.0000000000
46337  -30.216  -12.159  52.211 0.0000000000
42866  -35.824  -14.126  63.786 0.0000000000
42842  -36.324  -13.512  64.293 0.0000000000
45217  -41.559  -11.453  60.011 0.0000000000
53914  -46.324  -4.079  56.172 0.0000000000
53913  -45.846  -4.491  55.424 0.0000000000
55025  -46.489  -3.367  56.230 0.0000000000
56036  -46.167  -2.620  55.759 0.0000000000
57048  -46.309  -1.771  55.746 0.0000000000
59357  -45.623  0.725  53.485 0.0000000000
62813  -49.628  3.586  51.828 0.0000000000
62812  -49.090  3.382  51.785 0.0000000000
61764  -48.506  2.857  51.525 0.0000000000
61775  -48.975  2.595  50.885 0.0000000000
60661  -48.910  1.667  50.249 0.0000000000
59406  -48.725  0.492  49.304 0.0000000000
59424  -49.676  0.279  48.517 0.0000000000
58253  -50.041  0.172  47.940 0.0000000000
59439  -52.216  0.958  47.688 0.0000000000
59449  -51.912  -0.032  46.992 0.0000000000
58281  -51.991  -0.120  46.744 0.0000000000
58293  -52.026  -0.254  46.279 0.0000000000
58297  -51.339  -0.705  44.804 0.0000000000
59490  -51.523  -0.065  43.085 0.0000000000
62901  -55.116  3.814  46.240 0.0000000000
61851  -55.261  3.473  45.918 0.0000000000
61902  -55.203  2.137  43.100 0.0000000000
60802  -54.547  1.906  42.646 0.0000000000
60838  -52.318  1.620  40.396 0.0000000000
60857  -51.700  1.598  39.601 0.0000000000
60858  -52.297  1.756  39.782 0.0000000000
61963  -52.616  1.949  39.449 0.0000000000
67180  -58.404  7.455  39.452 0.0000000000
66177  -58.194  6.189  37.714 0.0000000000
66186  -57.201  6.416  36.421 0.0000000000
66187  -57.900  6.382  36.519 0.0000000000
42801  -19.131  -13.775  66.223 0.0000000000
44126  -23.514  -13.986  64.355 0.0000000000
44125  -22.904  -13.960  63.932 0.0000000000
44194  -20.098  -13.538  59.554 0.0000000000
44193  -19.216  -14.059  59.609 0.0000000000
42944  -18.751  -14.387  60.194 0.0000000000
41797  -18.027  -15.699  58.641 0.0000000000
40818  -18.328  -16.450  58.210 0.0000000000
39924  -19.230  -17.120  57.474 0.0000000000
42975  -30.346  -14.338  59.791 0.0000000000
44258  -25.511  -14.029  56.471 0.0000000000
44257  -24.782  -13.851  56.524 0.0000000000
45267  -22.638  -12.856  55.341 0.0000000000
41814  -19.670  -15.409  52.567 0.0000000000
50600  -41.831  -7.790  48.436 0.0000000000
51642  -43.741  -6.678  50.891 0.0000000000
52810  -43.371  -5.577  50.312 0.0000000000
53980  -43.849  -4.759  51.734 0.0000000000
55078  -43.834  -4.164  52.056 0.0000000000
47441  -42.470  -9.797  55.530 0.0000000000
47440  -41.824  -10.145  55.388 0.0000000000
47448  -41.716  -10.007  54.570 0.0000000000
47457  -41.646  -9.947  53.726 0.0000000000
47468  -41.566  -9.870  52.911 0.0000000000
48515  -42.851  -9.511  53.249 0.0000000000
47481  -40.819  -9.952  51.849 0.0000000000
48548  -39.622  -9.853  49.037 0.0000000000
48551  -41.789  -9.376  49.717 0.0000000000
59593  -49.404  0.554  36.466 0.0000000000
42859  -28.961  -14.454  65.022 0.0000000000
42858  -28.313  -14.456  64.769 0.0000000000
41713  -28.849  -14.537  64.483 0.0000000000
41732  -28.782  -14.599  63.930 0.0000000000
41752  -28.599  -14.636  62.869 0.0000000000
41768  -28.240  -14.689  62.026 0.0000000000
56142  -41.562  -2.714  45.241 0.0000000000
56143  -42.281  -2.371  45.578 0.0000000000
57170  -43.817  -2.004  45.468 0.0000000000
57195  -44.474  -1.928  42.829 0.0000000000
57214  -44.563  -1.711  41.698 0.0000000000
42981  -36.269  -14.225  59.882 0.0000000000
44223  -35.393  -13.565  58.341 0.0000000000
44267  -34.367  -13.000  56.805 0.0000000000
45256  -33.867  -12.835  56.316 0.0000000000
46357  -34.703  -11.344  52.163 0.0000000000
47473  -32.942  -11.214  50.915 0.0000000000
47472  -32.206  -11.317  50.690 0.0000000000
46369  -31.638  -11.493  50.855 0.0000000000
47491  -30.685  -11.208  50.070 0.0000000000
47523  -29.019  -10.387  48.629 0.0000000000
48556  -28.664  -9.968  47.879 0.0000000000
48557  -29.704  -10.052  47.914 0.0000000000
49617  -36.867  -8.999  44.585 0.0000000000
49640  -35.558  -8.527  43.311 0.0000000000
49661  -35.262  -8.354  42.279 0.0000000000
62823  -51.013  3.375  50.844 0.0000000000
61788  -51.057  2.469  50.047 0.0000000000
60677  -51.610  2.051  49.115 0.0000000000
61790  -52.430  2.896  49.537 0.0000000000
60700  -52.846  1.282  47.309 0.0000000000
60717  -53.006  1.017  46.855 0.0000000000
59464  -53.160  0.703  46.241 0.0000000000
62925  -56.270  4.017  44.844 0.0000000000
61889  -56.348  3.503  44.295 0.0000000000
61904  -56.391  3.155  43.719 0.0000000000
61916  -56.302  2.880  42.852 0.0000000000
61915  -55.733  2.518  42.633 0.0000000000
61948  -54.308  2.497  40.282 0.0000000000
62973  -55.071  2.676  40.445 0.0000000000
67190  -56.318  7.845  38.107 0.0000000000
67206  -56.592  7.116  37.851 0.0000000000
44066  -19.662  -14.097  69.172 0.0000000000
44168  -23.658  -13.276  61.452 0.0000000000
44167  -22.584  -13.348  61.515 0.0000000000
44195  -20.903  -13.191  59.442 0.0000000000
43017  -18.768  -14.937  57.057 0.0000000000
44240  -29.498  -13.728  57.669 0.0000000000
45269  -27.031  -13.170  55.582 0.0000000000
44278  -26.575  -13.553  55.758 0.0000000000
51708  -38.425  -6.863  43.334 0.0000000000
52877  -38.072  -5.885  42.969 0.0000000000
52869  -39.099  -5.878  44.089 0.0000000000
52862  -39.733  -5.311  44.983 0.0000000000
52855  -39.820  -6.354  45.305 0.0000000000
52856  -40.047  -5.819  45.531 0.0000000000
55167  -40.780  -4.253  46.188 0.0000000000
51680  -41.619  -6.657  48.039 0.0000000000
52840  -41.681  -5.752  48.043 0.0000000000
54019  -41.787  -4.915  48.006 0.0000000000
54018  -41.496  -5.014  47.556 0.0000000000
57132  -43.716  -2.001  48.199 0.0000000000
56122  -43.197  -2.553  48.561 0.0000000000
57123  -44.947  -1.354  48.643 0.0000000000
57114  -45.951  -1.069  49.197 0.0000000000
45261  -38.521  -11.894  56.714 0.0000000000
46293  -38.085  -11.753  56.214 0.0000000000
46294  -38.585  -11.601  56.195 0.0000000000
46302  -37.695  -11.612  55.545 0.0000000000
46343  -36.450  -11.144  52.786 0.0000000000
47438  -40.475  -10.626  54.938 0.0000000000
46314  -39.586  -10.750  54.455 0.0000000000
47465  -39.173  -10.342  52.465 0.0000000000
47453  -38.522  -10.705  53.058 0.0000000000
46344  -36.877  -11.047  52.863 0.0000000000
47461  -35.628  -10.949  51.869 0.0000000000
47512  -36.232  -10.182  50.053 0.0000000000
47511  -35.517  -10.292  49.861 0.0000000000
48543  -34.571  -10.109  48.830 0.0000000000
48583  -33.441  -9.683  47.342 0.0000000000
48609  -35.098  -9.376  46.676 0.0000000000
48586  -36.214  -9.453  47.481 0.0000000000
49577  -35.768  -9.161  46.022 0.0000000000
49594  -36.440  -9.143  45.531 0.0000000000
48632  -37.587  -9.235  45.844 0.0000000000
49618  -37.586  -8.968  44.365 0.0000000000
49619  -38.550  -8.620  44.274 0.0000000000
49643  -38.254  -8.358  43.584 0.0000000000
50633  -38.255  -7.610  43.211 0.0000000000
65121  -58.451  5.560  40.590 0.0000000000
66137  -58.522  6.419  40.572 0.0000000000
67179  -58.108  8.061  39.266 0.0000000000
70325  -57.242  10.937  38.841 0.0000000000
69342  -55.618  9.815  36.545 0.0000000000
42775  -24.363  -14.298  68.403 0.0000000000
42806  -23.802  -14.465  66.524 0.0000000000
44113  -24.507  -14.122  65.006 0.0000000000
44112  -24.024  -14.059  64.775 0.0000000000
44155  -24.102  -13.426  62.450 0.0000000000
45214  -22.852  -12.897  59.520 0.0000000000
54060  -38.617  -4.835  42.891 0.0000000000
55203  -38.557  -4.052  42.001 0.0000000000
55194  -39.357  -4.185  42.927 0.0000000000
55212  -38.996  -3.270  40.937 0.0000000000
56148  -41.505  -2.705  44.339 0.0000000000
56170  -42.177  -2.481  42.890 0.0000000000
56169  -41.365  -2.650  42.646 0.0000000000
56168  -40.710  -2.831  42.285 0.0000000000
57248  -48.475  -1.388  39.705 0.0000000000
41737  -33.222  -14.524  63.329 0.0000000000
41756  -32.301  -14.604  62.681 0.0000000000
42925  -32.405  -14.428  61.246 0.0000000000
42926  -33.417  -14.429  61.155 0.0000000000
42976  -31.454  -14.379  59.691 0.0000000000
42979  -34.363  -14.131  59.656 0.0000000000
42999  -33.372  -14.003  58.891 0.0000000000
44219  -31.551  -13.844  58.216 0.0000000000
46318  -27.435  -12.139  53.323 0.0000000000
45245  -36.542  -12.813  57.180 0.0000000000
45258  -35.478  -12.726  56.537 0.0000000000
45257  -34.402  -12.753  56.272 0.0000000000
45276  -33.476  -12.665  55.597 0.0000000000
46341  -34.433  -11.664  52.663 0.0000000000
46324  -34.023  -11.977  53.285 0.0000000000
45311  -33.795  -12.193  53.876 0.0000000000
46323  -33.180  -11.983  53.279 0.0000000000
45319  -30.328  -12.340  52.965 0.0000000000
45307  -29.873  -12.516  53.504 0.0000000000
46319  -28.047  -12.101  53.157 0.0000000000
46334  -27.110  -11.925  52.680 0.0000000000
49615  -34.701  -8.618  44.200 0.0000000000
50565  -44.928  -6.794  53.748 0.0000000000
50552  -45.462  -6.536  54.502 0.0000000000
44026  -20.012  -13.805  70.609 0.0000000000
42744  -21.086  -14.122  69.963 0.0000000000
44028  -21.966  -13.786  70.584 0.0000000000
42746  -22.324  -14.082  69.941 0.0000000000
42759  -22.758  -14.274  69.209 0.0000000000
42760  -23.779  -14.133  69.329 0.0000000000
42776  -25.228  -14.072  68.321 0.0000000000
42810  -27.559  -14.211  66.714 0.0000000000
42811  -28.437  -14.021  66.643 0.0000000000
42835  -29.181  -14.213  65.806 0.0000000000
42861  -30.601  -14.400  64.914 0.0000000000
41718  -33.011  -14.461  64.040 0.0000000000
42864  -33.637  -14.288  64.513 0.0000000000
41739  -34.942  -14.813  62.954 0.0000000000
41721  -35.473  -14.597  63.213 0.0000000000
41740  -35.488  -14.728  62.668 0.0000000000
42903  -35.877  -14.672  62.250 0.0000000000
42930  -37.000  -14.488  61.433 0.0000000000
42958  -37.763  -14.252  60.700 0.0000000000
44186  -38.235  -14.127  60.592 0.0000000000
45223  -39.746  -13.001  59.247 0.0000000000
45215  -40.617  -12.708  60.561 0.0000000000
46279  -40.725  -11.482  58.224 0.0000000000
47425  -42.007  -10.271  56.812 0.0000000000
47421  -42.446  -9.922  57.674 0.0000000000
47426  -42.321  -9.977  57.102 0.0000000000
47433  -42.377  -9.954  56.323 0.0000000000
47442  -42.731  -9.710  55.898 0.0000000000
48506  -43.187  -9.402  55.425 0.0000000000
48512  -43.905  -8.899  54.684 0.0000000000
49547  -44.434  -8.126  54.093 0.0000000000
51611  -45.025  -6.330  53.626 0.0000000000
52790  -44.914  -6.118  53.330 0.0000000000
52775  -44.799  -5.556  53.370 0.0000000000
53933  -45.669  -4.292  54.948 0.0000000000
53932  -45.314  -4.899  54.422 0.0000000000
53949  -44.640  -5.080  53.347 0.0000000000
55058  -44.411  -3.855  53.386 0.0000000000
55079  -43.994  -3.739  52.540 0.0000000000
57058  -45.783  -1.686  55.065 0.0000000000
58169  -46.101  0.040  55.001 0.0000000000
57047  -45.888  -0.935  55.036 0.0000000000
56063  -44.790  -1.818  53.762 0.0000000000
56080  -44.028  -2.617  52.698 0.0000000000
57087  -44.293  -1.303  51.225 0.0000000000
58201  -45.032  -0.793  50.758 0.0000000000
58217  -45.197  -1.005  50.305 0.0000000000
58218  -45.747  -0.814  50.077 0.0000000000
58236  -46.454  -0.786  49.139 0.0000000000
62800  -47.124  3.076  52.845 0.0000000000
60639  -46.733  1.760  52.082 0.0000000000
60649  -46.875  1.343  51.520 0.0000000000
60650  -47.654  1.747  51.208 0.0000000000
59379  -46.648  0.762  51.119 0.0000000000
59387  -46.803  0.382  50.492 0.0000000000
58249  -46.608  -0.955  48.459 0.0000000000
58264  -47.618  -0.933  47.438 0.0000000000
57137  -47.798  -1.035  46.886 0.0000000000
58251  -48.520  -0.409  48.370 0.0000000000
57166  -49.090  -1.460  45.232 0.0000000000
59425  -50.657  0.667  48.250 0.0000000000
58268  -51.118  -0.093  47.285 0.0000000000
57176  -49.236  -1.530  44.293 0.0000000000
57201  -49.920  -1.213  42.576 0.0000000000
58309  -49.543  -1.093  41.997 0.0000000000
58320  -49.523  -0.971  41.387 0.0000000000
59553  -49.848  -0.086  40.135 0.0000000000
60762  -53.744  1.025  44.990 0.0000000000
59532  -52.130  0.928  41.899 0.0000000000
59530  -50.521  0.090  41.442 0.0000000000
59571  -49.932  0.416  39.402 0.0000000000
60873  -50.294  1.102  38.784 0.0000000000
60891  -50.639  1.662  38.031 0.0000000000
61977  -53.420  2.523  38.397 0.0000000000
63001  -53.925  2.719  38.061 0.0000000000
64036  -58.353  5.045  40.303 0.0000000000
64053  -58.134  4.566  39.043 0.0000000000
64063  -57.622  4.227  37.567 0.0000000000
66188  -58.293  6.120  36.693 0.0000000000
65161  -58.397  5.697  37.051 0.0000000000
64074  -58.181  4.635  37.071 0.0000000000
42873  -16.471  -14.119  63.046 0.0000000000
42874  -17.456  -14.123  63.102 0.0000000000
42827  -21.663  -14.141  65.581 0.0000000000
42853  -22.385  -14.107  64.587 0.0000000000
42943  -18.047  -14.570  60.495 0.0000000000
40821  -18.842  -16.496  57.397 0.0000000000
41785  -29.702  -14.713  61.341 0.0000000000
42950  -30.230  -14.568  60.839 0.0000000000
41793  -28.391  -14.674  60.621 0.0000000000
42972  -27.616  -14.676  59.881 0.0000000000
43012  -29.074  -13.973  58.079 0.0000000000
43011  -28.312  -14.172  57.963 0.0000000000
43020  -26.758  -14.174  57.132 0.0000000000
44236  -23.988  -13.351  57.635 0.0000000000
45242  -22.440  -12.754  57.226 0.0000000000
45316  -24.862  -12.902  52.960 0.0000000000
44314  -24.518  -13.225  53.351 0.0000000000
44313  -23.990  -13.238  52.817 0.0000000000
45301  -22.819  -13.307  53.843 0.0000000000
45284  -22.827  -13.096  54.492 0.0000000000
45283  -21.852  -12.823  54.582 0.0000000000
45282  -21.124  -12.854  55.091 0.0000000000
41751  -28.281  -14.615  62.465 0.0000000000
41792  -28.111  -14.698  60.354 0.0000000000
42745  -21.479  -14.092  69.951 0.0000000000
42756  -20.474  -14.192  69.412 0.0000000000
42923  -30.692  -14.637  61.552 0.0000000000
42932  -38.426  -14.137  61.392 0.0000000000
42948  -28.652  -14.649  60.615 0.0000000000
43028  -26.379  -13.947  56.370 0.0000000000
44047  -20.686  -14.124  69.875 0.0000000000
44129  -26.045  -14.093  64.454 0.0000000000
44239  -28.626  -13.881  57.600 0.0000000000
44292  -23.284  -13.345  54.206 0.0000000000
45237  -40.870  -11.529  58.598 0.0000000000
45249  -39.997  -11.678  57.587 0.0000000000
45286  -25.956  -13.141  54.430 0.0000000000
46329  -38.682  -10.809  53.581 0.0000000000
47439  -41.067  -10.486  55.284 0.0000000000
47449  -42.369  -9.710  54.701 0.0000000000
47454  -39.278  -10.612  53.337 0.0000000000
48520  -43.398  -9.123  52.613 0.0000000000
49580  -40.802  -8.729  46.671 0.0000000000
50550  -44.654  -7.585  54.004 0.0000000000
51573  -45.587  -6.035  54.933 0.0000000000
52763  -45.334  -5.367  54.309 0.0000000000
53966  -44.194  -4.739  52.426 0.0000000000
54043  -39.627  -5.107  44.655 0.0000000000
54072  -38.182  -4.612  42.296 0.0000000000
55059  -44.742  -3.910  54.100 0.0000000000
55181  -39.601  -4.265  43.567 0.0000000000
56049  -44.706  -2.801  54.022 0.0000000000
57103  -45.274  -1.093  50.056 0.0000000000
57121  -43.641  -2.159  48.841 0.0000000000
58235  -45.911  -0.999  49.497 0.0000000000
58336  -48.392  -1.293  39.425 0.0000000000
59426  -51.595  1.003  48.095 0.0000000000
59451  -53.072  0.899  46.642 0.0000000000
60675  -49.960  1.346  49.617 0.0000000000
60836  -50.973  0.986  40.411 0.0000000000
60875  -51.548  1.704  39.107 0.0000000000
61754  -47.995  3.088  52.128 0.0000000000
61779  -51.840  3.145  50.109 0.0000000000
61962  -52.100  1.802  39.419 0.0000000000
61974  -51.416  1.798  38.673 0.0000000000
