#!ascii label  , from subject sub-02 vox2ras=TkReg
1612
53802  -36.986  -2.958  61.852 0.0000000000
69262  -47.755  9.294  44.604 0.0000000000
72307  -36.308  12.350  55.788 0.0000000000
54895  -5.096  -3.886  66.868 0.0000000000
53703  -23.725  -2.561  67.448 0.0000000000
60524  -4.322  1.095  62.118 0.0000000000
62615  -4.868  2.996  68.915 0.0000000000
70188  -42.021  11.156  50.901 0.0000000000
57060  -3.176  -0.975  53.302 0.0000000000
52420  -2.050  -5.820  73.928 0.0000000000
59345  -35.076  -0.085  55.456 0.0000000000
52628  -32.116  -3.787  61.542 0.0000000000
52533  -30.601  -4.666  65.332 0.0000000000
70298  -49.668  11.016  42.054 0.0000000000
71239  -39.243  11.725  53.541 0.0000000000
52525  -17.858  -3.452  65.562 0.0000000000
60614  -7.169  1.861  54.483 0.0000000000
58083  -1.505  -1.314  64.191 0.0000000000
55992  -1.709  -2.569  60.769 0.0000000000
54928  -5.974  -4.323  62.874 0.0000000000
53572  -9.846  -2.657  75.915 0.0000000000
58006  -5.828  -1.395  75.155 0.0000000000
70122  -34.366  10.293  58.016 0.0000000000
54888  -29.019  -2.910  68.705 0.0000000000
53759  -25.305  -2.745  63.435 0.0000000000
62647  -3.639  3.438  65.552 0.0000000000
58075  -2.964  -0.899  67.925 0.0000000000
69235  -44.262  10.291  47.594 0.0000000000
53609  -13.805  -3.313  71.806 0.0000000000
53674  -15.473  -3.876  68.480 0.0000000000
58146  -4.282  0.009  57.574 0.0000000000
53865  -2.875  -4.128  56.810 0.0000000000
59166  -7.021  0.821  70.540 0.0000000000
58044  -2.836  -0.692  71.951 0.0000000000
53645  -2.452  -4.793  70.447 0.0000000000
57011  -38.088  -0.848  60.886 0.0000000000
53858  -35.212  -3.096  59.236 0.0000000000
57032  -36.641  -0.983  58.496 0.0000000000
51496  -34.421  -4.154  61.747 0.0000000000
52700  -33.381  -4.260  57.914 0.0000000000
51465  -34.527  -5.482  63.524 0.0000000000
69269  -49.384  9.896  43.322 0.0000000000
67129  -45.483  8.124  43.165 0.0000000000
68236  -45.887  8.477  41.005 0.0000000000
70308  -47.234  10.569  39.990 0.0000000000
71222  -38.055  11.633  54.331 0.0000000000
70164  -33.323  10.587  53.697 0.0000000000
71252  -34.693  11.351  52.979 0.0000000000
70182  -35.989  10.961  51.587 0.0000000000
55959  -3.253  -1.910  65.623 0.0000000000
55981  -3.151  -2.936  63.664 0.0000000000
54905  -5.422  -3.456  65.124 0.0000000000
52556  -6.654  -5.566  63.743 0.0000000000
51437  -5.699  -6.102  65.442 0.0000000000
51374  -9.787  -3.900  73.264 0.0000000000
50350  -7.425  -4.915  74.583 0.0000000000
68075  -35.020  8.377  57.814 0.0000000000
62763  -35.449  3.322  57.537 0.0000000000
60615  -33.807  1.498  55.271 0.0000000000
64904  -34.824  5.347  56.431 0.0000000000
65956  -34.195  6.699  55.972 0.0000000000
54873  -31.874  -3.016  69.093 0.0000000000
53778  -28.118  -3.674  62.414 0.0000000000
53748  -28.233  -3.596  64.241 0.0000000000
73625  -49.042  14.109  38.136 0.0000000000
74691  -49.407  15.469  37.106 0.0000000000
62632  -3.847  3.349  67.372 0.0000000000
59220  -3.329  0.717  66.604 0.0000000000
60411  -3.546  1.159  68.387 0.0000000000
70228  -43.287  10.722  49.606 0.0000000000
70240  -39.654  9.917  48.783 0.0000000000
69231  -40.485  9.251  47.463 0.0000000000
68170  -41.767  8.769  46.130 0.0000000000
56922  -14.677  -0.899  74.685 0.0000000000
54834  -16.267  -1.861  72.788 0.0000000000
60544  -6.186  1.916  61.235 0.0000000000
59301  -5.997  0.828  59.001 0.0000000000
59298  -3.737  0.169  59.886 0.0000000000
53807  -3.268  -4.747  60.208 0.0000000000
54974  -1.700  -3.343  58.540 0.0000000000
53847  -4.009  -4.787  58.570 0.0000000000
59149  -9.271  0.304  71.589 0.0000000000
54825  -3.570  -3.967  74.600 0.0000000000
58027  -3.564  -1.118  73.990 0.0000000000
55903  -2.880  -3.003  72.891 0.0000000000
55920  -2.021  -2.657  71.526 0.0000000000
53615  -1.464  -4.904  71.695 0.0000000000
60603  -36.042  1.206  57.527 0.0000000000
52454  -32.675  -4.324  68.062 0.0000000000
51432  -34.155  -5.843  66.332 0.0000000000
52590  -31.053  -4.538  62.833 0.0000000000
73587  -51.052  13.294  40.993 0.0000000000
71386  -47.739  12.022  39.059 0.0000000000
71275  -40.793  11.531  51.735 0.0000000000
70223  -38.487  10.428  49.962 0.0000000000
52547  -21.297  -3.103  64.206 0.0000000000
52508  -20.956  -2.588  66.206 0.0000000000
59351  -5.374  0.191  53.914 0.0000000000
59264  -2.457  -0.020  62.702 0.0000000000
58119  -2.601  -0.962  61.058 0.0000000000
57000  -1.343  -1.635  62.657 0.0000000000
54924  -2.639  -3.406  62.086 0.0000000000
53787  -5.600  -4.437  61.264 0.0000000000
59084  -11.005  0.184  75.018 0.0000000000
58031  -8.379  -0.632  74.924 0.0000000000
54811  -7.727  -2.028  76.538 0.0000000000
52391  -5.878  -4.306  75.631 0.0000000000
72291  -34.847  12.141  57.079 0.0000000000
68097  -32.987  8.501  54.900 0.0000000000
53685  -26.788  -2.734  67.843 0.0000000000
52491  -30.623  -4.477  66.821 0.0000000000
52509  -27.830  -3.178  66.657 0.0000000000
53731  -23.754  -2.430  65.634 0.0000000000
61611  -5.578  2.891  63.573 0.0000000000
63713  -5.744  4.310  64.969 0.0000000000
61596  -3.891  2.578  63.983 0.0000000000
60483  -2.896  0.817  64.440 0.0000000000
58080  -2.622  -0.829  65.927 0.0000000000
55952  -3.158  -1.610  67.263 0.0000000000
69250  -46.740  9.713  46.265 0.0000000000
68200  -43.381  8.323  44.492 0.0000000000
59076  -12.591  0.070  75.357 0.0000000000
53591  -11.831  -3.014  74.236 0.0000000000
52430  -11.259  -4.109  71.423 0.0000000000
52466  -19.339  -2.672  68.148 0.0000000000
53652  -18.096  -3.214  68.752 0.0000000000
53621  -17.287  -2.581  70.720 0.0000000000
53629  -14.799  -3.806  70.444 0.0000000000
52450  -12.675  -3.743  69.958 0.0000000000
60596  -8.204  1.903  57.453 0.0000000000
58158  -6.123  0.407  56.604 0.0000000000
58163  -3.750  -1.048  56.012 0.0000000000
58136  -2.497  -0.932  59.199 0.0000000000
57037  -2.773  -1.837  56.719 0.0000000000
56038  -2.453  -2.657  54.668 0.0000000000
60390  -6.064  1.830  69.695 0.0000000000
59113  -6.795  -0.207  73.099 0.0000000000
59128  -4.543  0.319  72.080 0.0000000000
60365  -3.936  1.197  70.274 0.0000000000
58062  -2.715  -0.644  70.347 0.0000000000
55942  -2.646  -1.786  69.238 0.0000000000
53671  -4.027  -4.748  68.961 0.0000000000
49360  -0.557  -8.572  71.753 0.0000000000
50382  -1.192  -7.486  70.071 0.0000000000
51424  -4.179  -6.574  66.995 0.0000000000
54954  -37.248  -2.306  61.311 0.0000000000
54922  -37.535  -2.716  62.699 0.0000000000
53839  -36.096  -3.193  60.552 0.0000000000
54969  -36.723  -2.460  60.489 0.0000000000
52611  -35.914  -4.035  61.835 0.0000000000
52657  -35.195  -3.589  60.537 0.0000000000
52574  -36.681  -4.124  63.007 0.0000000000
52592  -35.672  -4.873  62.934 0.0000000000
69268  -48.713  9.503  43.570 0.0000000000
68208  -46.440  8.447  43.365 0.0000000000
67156  -45.833  8.175  41.879 0.0000000000
68219  -47.056  8.769  42.840 0.0000000000
69290  -47.393  9.294  41.968 0.0000000000
72308  -37.284  12.213  55.801 0.0000000000
72295  -37.884  12.562  56.608 0.0000000000
73407  -37.383  12.809  57.324 0.0000000000
71251  -34.005  11.125  53.404 0.0000000000
71219  -35.468  11.857  54.389 0.0000000000
71236  -36.421  11.542  53.498 0.0000000000
55954  -4.082  -2.583  66.157 0.0000000000
55960  -4.263  -2.572  65.134 0.0000000000
54899  -5.346  -3.673  66.147 0.0000000000
52518  -6.021  -5.405  65.246 0.0000000000
53710  -5.480  -4.561  66.477 0.0000000000
51394  -9.477  -4.571  71.320 0.0000000000
50368  -8.087  -4.798  73.032 0.0000000000
63811  -35.978  4.668  57.986 0.0000000000
63844  -35.118  4.453  57.030 0.0000000000
65947  -35.514  5.958  57.272 0.0000000000
65946  -35.139  6.500  56.952 0.0000000000
74665  -49.797  14.522  38.782 0.0000000000
74679  -49.434  14.875  37.707 0.0000000000
75696  -50.746  15.992  38.681 0.0000000000
62623  -4.127  3.305  67.963 0.0000000000
61559  -3.880  2.446  68.017 0.0000000000
61560  -4.339  2.369  68.814 0.0000000000
70227  -42.584  10.622  49.663 0.0000000000
71292  -43.525  11.497  50.909 0.0000000000
70225  -40.990  10.298  49.586 0.0000000000
69214  -40.026  9.591  48.239 0.0000000000
69200  -41.399  10.092  48.960 0.0000000000
69216  -41.819  9.884  48.341 0.0000000000
58035  -17.121  -0.316  73.788 0.0000000000
55900  -17.669  -1.102  73.327 0.0000000000
53683  -24.590  -2.615  68.118 0.0000000000
53682  -23.646  -2.641  68.126 0.0000000000
58188  -3.009  -0.105  52.680 0.0000000000
60525  -4.958  1.453  62.025 0.0000000000
60561  -4.856  1.277  60.545 0.0000000000
59279  -3.972  0.661  61.277 0.0000000000
53808  -4.267  -4.880  60.263 0.0000000000
53826  -3.234  -4.574  59.298 0.0000000000
52640  -5.084  -5.097  58.641 0.0000000000
59169  -10.030  0.635  70.678 0.0000000000
59150  -10.246  0.578  71.642 0.0000000000
52412  -3.070  -5.422  74.408 0.0000000000
55904  -3.204  -3.131  73.512 0.0000000000
53601  -1.974  -4.689  73.414 0.0000000000
53608  -1.607  -4.736  72.578 0.0000000000
52427  -1.148  -5.601  72.349 0.0000000000
58139  -37.244  -0.323  59.150 0.0000000000
58149  -36.272  -0.124  57.686 0.0000000000
59313  -36.813  1.104  58.575 0.0000000000
61710  -36.691  2.483  58.426 0.0000000000
51482  -33.305  -4.553  62.338 0.0000000000
51473  -32.984  -4.969  63.049 0.0000000000
52609  -31.715  -4.038  62.029 0.0000000000
52607  -30.172  -4.133  62.034 0.0000000000
72510  -50.485  12.446  41.298 0.0000000000
70301  -48.194  10.821  40.777 0.0000000000
71374  -47.574  11.514  39.382 0.0000000000
71370  -48.533  11.507  40.342 0.0000000000
72526  -48.949  12.441  39.548 0.0000000000
71258  -40.449  11.744  52.650 0.0000000000
71241  -41.055  12.097  53.531 0.0000000000
71225  -40.562  12.236  54.145 0.0000000000
71272  -37.902  10.953  52.167 0.0000000000
70203  -37.730  10.581  50.769 0.0000000000
71273  -38.791  11.284  51.949 0.0000000000
71291  -39.496  11.156  51.042 0.0000000000
60632  -6.460  1.738  53.420 0.0000000000
60631  -6.000  1.430  53.106 0.0000000000
59352  -6.405  0.982  53.874 0.0000000000
58094  -1.719  -0.682  63.768 0.0000000000
58112  -1.383  -1.036  62.449 0.0000000000
56992  -1.199  -1.642  63.495 0.0000000000
54919  -4.568  -3.479  63.494 0.0000000000
54917  -2.752  -3.200  62.933 0.0000000000
54926  -4.205  -3.838  62.600 0.0000000000
54936  -3.864  -4.140  61.768 0.0000000000
53767  -5.861  -4.258  62.089 0.0000000000
53768  -6.680  -4.668  62.263 0.0000000000
57995  -10.178  -1.101  76.162 0.0000000000
56916  -9.460  -0.903  76.173 0.0000000000
54794  -8.968  -2.292  76.178 0.0000000000
49340  -6.611  -5.732  74.047 0.0000000000
51354  -6.917  -4.677  75.279 0.0000000000
51362  -6.142  -5.413  75.005 0.0000000000
52405  -4.778  -5.635  75.067 0.0000000000
71169  -34.367  11.251  57.525 0.0000000000
69138  -34.077  9.081  56.592 0.0000000000
67031  -33.514  7.519  55.504 0.0000000000
69128  -34.095  9.749  56.877 0.0000000000
70147  -33.797  10.630  56.198 0.0000000000
55936  -28.689  -1.989  69.693 0.0000000000
54878  -27.422  -2.158  69.334 0.0000000000
53661  -27.567  -2.675  68.471 0.0000000000
51429  -31.699  -5.174  66.439 0.0000000000
52492  -31.569  -4.574  67.309 0.0000000000
52513  -30.451  -4.728  66.059 0.0000000000
53746  -26.240  -2.898  64.329 0.0000000000
52530  -28.420  -3.543  65.705 0.0000000000
53733  -26.129  -2.681  65.371 0.0000000000
53719  -26.033  -2.607  66.402 0.0000000000
53745  -25.084  -2.582  64.437 0.0000000000
53757  -22.921  -2.865  63.637 0.0000000000
63703  -4.489  4.125  65.760 0.0000000000
62649  -4.753  3.895  65.197 0.0000000000
61597  -4.867  2.954  64.163 0.0000000000
62655  -3.817  3.247  64.809 0.0000000000
60484  -3.324  1.697  64.265 0.0000000000
60468  -3.228  1.668  65.138 0.0000000000
59209  -3.121  -0.402  67.593 0.0000000000
59219  -3.001  -0.144  66.548 0.0000000000
58077  -2.905  -0.837  67.053 0.0000000000
56969  -2.886  -1.156  66.616 0.0000000000
56967  -2.971  -1.139  67.850 0.0000000000
70258  -45.872  10.239  47.208 0.0000000000
70245  -46.879  10.805  48.034 0.0000000000
71318  -46.304  11.410  48.868 0.0000000000
68157  -43.330  9.684  46.990 0.0000000000
68186  -42.394  8.435  45.085 0.0000000000
68172  -43.767  9.479  46.264 0.0000000000
68188  -44.956  9.030  45.363 0.0000000000
60330  -13.979  0.798  73.873 0.0000000000
53599  -13.704  -2.441  73.528 0.0000000000
54820  -13.112  -2.056  74.242 0.0000000000
53603  -12.957  -2.718  72.780 0.0000000000
52424  -11.806  -3.438  72.658 0.0000000000
52437  -12.671  -3.676  71.411 0.0000000000
52526  -18.834  -3.228  65.435 0.0000000000
52486  -20.394  -2.312  66.975 0.0000000000
52506  -18.580  -3.196  66.496 0.0000000000
53698  -16.588  -3.788  67.268 0.0000000000
53676  -17.365  -3.613  68.061 0.0000000000
53651  -17.083  -3.429  69.013 0.0000000000
53632  -17.722  -2.766  69.737 0.0000000000
53631  -16.692  -3.281  70.010 0.0000000000
53620  -16.147  -3.021  70.913 0.0000000000
53649  -15.196  -3.905  69.492 0.0000000000
52480  -12.659  -4.054  67.704 0.0000000000
60578  -8.147  2.148  59.513 0.0000000000
59310  -5.481  0.570  58.451 0.0000000000
59320  -6.342  0.691  57.399 0.0000000000
58147  -5.108  0.231  57.222 0.0000000000
58165  -5.205  -0.135  55.805 0.0000000000
58155  -3.730  -0.581  56.691 0.0000000000
57010  -2.179  -1.446  60.653 0.0000000000
58127  -2.648  -0.991  60.139 0.0000000000
57017  -1.918  -1.449  59.695 0.0000000000
54988  -2.271  -3.385  57.354 0.0000000000
56011  -1.903  -2.505  57.853 0.0000000000
56018  -2.501  -2.519  56.825 0.0000000000
56019  -2.730  -2.064  56.227 0.0000000000
55013  -2.513  -3.749  55.236 0.0000000000
53915  -2.793  -4.268  54.789 0.0000000000
59186  -6.885  1.378  69.753 0.0000000000
58020  -7.036  -0.823  75.178 0.0000000000
59095  -7.139  -0.338  73.994 0.0000000000
58019  -5.970  -0.828  74.838 0.0000000000
59108  -3.072  -0.820  72.739 0.0000000000
59110  -4.075  -0.080  72.735 0.0000000000
59127  -3.818  0.232  71.938 0.0000000000
59144  -4.275  0.816  71.451 0.0000000000
59143  -3.668  0.618  71.071 0.0000000000
59164  -3.455  0.589  70.177 0.0000000000
58051  -2.796  -0.618  71.185 0.0000000000
54862  -2.453  -3.873  70.876 0.0000000000
55923  -2.392  -2.593  70.671 0.0000000000
54875  -2.972  -3.828  70.379 0.0000000000
55934  -3.425  -3.103  69.487 0.0000000000
53670  -3.438  -4.627  69.501 0.0000000000
48325  -0.406  -9.532  71.396 0.0000000000
50377  -0.529  -7.504  70.913 0.0000000000
59304  -38.205  0.540  60.589 0.0000000000
53878  -34.877  -3.113  58.100 0.0000000000
55010  -35.277  -2.503  56.819 0.0000000000
54996  -36.145  -2.051  58.869 0.0000000000
57018  -37.635  -0.920  59.851 0.0000000000
51495  -33.745  -4.102  61.700 0.0000000000
52655  -33.948  -3.376  60.024 0.0000000000
52702  -34.550  -3.428  58.260 0.0000000000
51475  -34.600  -4.967  62.774 0.0000000000
70286  -49.930  10.447  42.885 0.0000000000
67174  -44.787  8.133  40.075 0.0000000000
69304  -45.435  9.212  39.747 0.0000000000
70318  -45.505  10.296  38.758 0.0000000000
69296  -46.949  9.670  40.813 0.0000000000
70296  -48.019  9.841  41.779 0.0000000000
71223  -38.993  11.903  54.291 0.0000000000
72325  -39.599  12.302  55.007 0.0000000000
72310  -39.242  12.552  55.795 0.0000000000
73409  -39.215  13.410  57.327 0.0000000000
68104  -32.290  8.780  53.331 0.0000000000
69166  -32.776  10.106  52.599 0.0000000000
70170  -33.236  10.310  51.734 0.0000000000
70180  -33.658  10.305  51.204 0.0000000000
70200  -34.431  10.281  50.494 0.0000000000
70173  -35.733  11.134  52.199 0.0000000000
71254  -36.726  11.224  52.875 0.0000000000
56981  -2.215  -1.470  64.431 0.0000000000
55970  -1.948  -1.884  63.972 0.0000000000
55971  -2.892  -2.043  64.440 0.0000000000
55973  -4.752  -3.167  64.279 0.0000000000
54914  -5.856  -4.259  63.811 0.0000000000
53752  -6.485  -4.797  63.247 0.0000000000
53738  -6.218  -4.761  64.115 0.0000000000
52537  -6.326  -5.505  64.499 0.0000000000
52402  -10.202  -3.246  74.868 0.0000000000
52400  -8.761  -3.833  75.232 0.0000000000
51372  -8.323  -4.525  73.911 0.0000000000
69130  -34.860  9.050  58.083 0.0000000000
60608  -35.270  0.950  56.487 0.0000000000
60625  -34.689  0.064  55.127 0.0000000000
61732  -34.432  1.870  56.045 0.0000000000
62770  -34.206  3.700  56.012 0.0000000000
63856  -34.074  4.542  55.697 0.0000000000
65957  -34.690  6.114  56.329 0.0000000000
67016  -34.689  7.584  56.801 0.0000000000
54881  -30.314  -2.954  69.194 0.0000000000
52588  -29.692  -3.914  63.413 0.0000000000
52550  -29.209  -3.857  64.824 0.0000000000
53762  -28.452  -3.706  63.339 0.0000000000
53761  -27.411  -3.413  63.164 0.0000000000
74689  -47.947  14.365  36.638 0.0000000000
74704  -48.014  14.995  36.174 0.0000000000
75731  -48.410  15.817  36.050 0.0000000000
76716  -49.107  17.025  35.825 0.0000000000
62640  -3.569  3.426  66.466 0.0000000000
61579  -3.306  2.603  65.827 0.0000000000
61570  -3.521  2.511  66.820 0.0000000000
60431  -3.536  1.461  67.203 0.0000000000
59200  -3.231  0.106  68.349 0.0000000000
69218  -43.492  10.368  48.519 0.0000000000
71303  -44.448  11.446  50.028 0.0000000000
69245  -39.728  8.911  46.813 0.0000000000
68168  -40.039  8.546  46.119 0.0000000000
68185  -41.302  8.296  45.411 0.0000000000
68154  -41.203  9.033  46.855 0.0000000000
69233  -42.330  9.599  47.713 0.0000000000
60331  -14.946  0.652  73.756 0.0000000000
58034  -16.128  -0.265  74.066 0.0000000000
54823  -15.193  -1.765  73.893 0.0000000000
53605  -14.793  -2.636  72.838 0.0000000000
53713  -15.731  -3.820  66.490 0.0000000000
53696  -14.737  -3.854  67.655 0.0000000000
60545  -6.965  2.190  60.951 0.0000000000
60577  -7.362  1.434  59.167 0.0000000000
60562  -5.669  1.331  60.174 0.0000000000
59300  -5.262  0.785  59.296 0.0000000000
58138  -3.875  -0.145  58.552 0.0000000000
53783  -2.147  -3.747  60.702 0.0000000000
54960  -1.181  -3.171  59.379 0.0000000000
54961  -1.826  -3.592  59.588 0.0000000000
53846  -3.322  -4.447  58.297 0.0000000000
53866  -3.447  -4.494  57.277 0.0000000000
59205  -10.329  0.716  68.727 0.0000000000
59189  -9.740  0.622  69.677 0.0000000000
59167  -7.958  0.439  70.556 0.0000000000
55881  -4.631  -2.747  74.938 0.0000000000
58018  -5.012  -1.165  74.582 0.0000000000
58016  -3.790  -1.671  74.473 0.0000000000
58026  -3.313  -1.482  73.390 0.0000000000
56939  -2.495  -1.928  72.508 0.0000000000
58050  -2.267  -1.103  71.559 0.0000000000
55912  -2.132  -2.784  72.245 0.0000000000
54852  -1.967  -4.329  71.337 0.0000000000
53626  -1.862  -4.928  70.863 0.0000000000
58176  -35.329  -0.881  55.254 0.0000000000
56023  -35.609  -1.695  57.201 0.0000000000
58159  -35.829  -0.314  56.902 0.0000000000
59337  -35.452  0.191  56.295 0.0000000000
61725  -35.550  1.479  57.167 0.0000000000
62752  -36.341  3.291  58.239 0.0000000000
51442  -32.569  -5.696  65.691 0.0000000000
51453  -33.568  -5.818  64.595 0.0000000000
51452  -32.729  -5.528  64.791 0.0000000000
51461  -31.401  -4.895  64.297 0.0000000000
53780  -29.736  -4.089  62.396 0.0000000000
71396  -46.284  12.049  38.082 0.0000000000
73611  -48.464  13.072  38.578 0.0000000000
74654  -49.976  13.965  39.591 0.0000000000
71276  -41.689  11.561  51.692 0.0000000000
71261  -42.889  11.907  52.213 0.0000000000
71242  -41.760  12.168  53.227 0.0000000000
70236  -35.711  10.033  49.533 0.0000000000
70239  -38.766  9.991  49.035 0.0000000000
70206  -40.589  10.688  50.258 0.0000000000
53730  -22.761  -2.584  65.771 0.0000000000
53715  -22.031  -2.610  66.685 0.0000000000
52528  -21.044  -2.897  65.162 0.0000000000
52527  -19.947  -3.024  65.301 0.0000000000
59360  -3.898  0.680  52.579 0.0000000000
58181  -4.084  -0.341  53.617 0.0000000000
59265  -3.291  0.446  62.522 0.0000000000
59278  -3.400  0.054  61.510 0.0000000000
59277  -2.820  -0.184  62.038 0.0000000000
57006  -2.166  -1.202  61.303 0.0000000000
55989  -1.863  -2.439  61.947 0.0000000000
55985  -1.571  -2.226  63.048 0.0000000000
55986  -2.153  -2.857  62.596 0.0000000000
54933  -2.033  -3.178  61.080 0.0000000000
53784  -2.651  -4.345  60.886 0.0000000000
59116  -9.839  -0.127  73.389 0.0000000000
59082  -9.470  -0.233  74.897 0.0000000000
58009  -8.478  -0.966  75.814 0.0000000000
55884  -6.971  -2.115  75.902 0.0000000000
52394  -8.041  -3.802  75.823 0.0000000000
53576  -7.026  -3.462  75.720 0.0000000000
55870  -5.899  -2.876  75.408 0.0000000000
53583  -4.750  -4.200  75.462 0.0000000000
52403  -3.462  -5.506  74.660 0.0000000000
51367  -3.182  -6.335  74.314 0.0000000000
72292  -35.499  12.473  56.825 0.0000000000
73391  -36.741  12.998  57.926 0.0000000000
73371  -35.888  13.057  58.465 0.0000000000
60635  -33.701  0.150  54.012 0.0000000000
67038  -32.579  7.859  53.993 0.0000000000
71217  -33.918  11.184  55.136 0.0000000000
53660  -26.437  -2.457  68.692 0.0000000000
53704  -24.727  -2.543  67.436 0.0000000000
53643  -32.277  -3.568  68.736 0.0000000000
53689  -31.343  -3.936  68.290 0.0000000000
52469  -29.911  -3.883  67.470 0.0000000000
52531  -29.186  -3.926  65.661 0.0000000000
52489  -28.780  -3.711  66.796 0.0000000000
53686  -28.070  -3.183  67.565 0.0000000000
53706  -27.314  -2.896  67.049 0.0000000000
53705  -25.874  -2.624  67.298 0.0000000000
53717  -23.750  -2.437  66.635 0.0000000000
53743  -22.626  -2.842  64.669 0.0000000000
77639  -48.760  17.666  35.162 0.0000000000
78573  -48.916  18.529  34.706 0.0000000000
79490  -49.419  19.327  34.706 0.0000000000
61629  -6.199  2.401  62.446 0.0000000000
61628  -5.232  2.076  62.711 0.0000000000
62670  -5.630  3.518  64.185 0.0000000000
61610  -4.640  2.351  63.373 0.0000000000
61609  -3.958  1.939  62.992 0.0000000000
60504  -3.448  1.373  63.322 0.0000000000
59253  -2.409  0.101  63.631 0.0000000000
59240  -2.409  -0.092  64.512 0.0000000000
60467  -2.907  0.679  65.263 0.0000000000
59231  -2.615  -0.195  65.459 0.0000000000
58084  -2.123  -1.041  64.515 0.0000000000
56972  -2.643  -1.285  65.409 0.0000000000
55953  -3.496  -2.125  66.690 0.0000000000
55949  -4.117  -2.727  66.977 0.0000000000
69261  -47.186  9.161  44.934 0.0000000000
67098  -41.539  7.991  44.724 0.0000000000
67126  -42.613  7.551  43.450 0.0000000000
67127  -43.381  7.604  43.257 0.0000000000
67114  -44.837  8.165  43.674 0.0000000000
68202  -45.706  8.449  44.116 0.0000000000
59075  -11.814  0.017  75.414 0.0000000000
56900  -11.379  -1.248  75.864 0.0000000000
58014  -13.651  -0.523  75.260 0.0000000000
55876  -11.974  -1.990  75.242 0.0000000000
53585  -10.724  -2.978  74.913 0.0000000000
51390  -10.324  -4.221  71.812 0.0000000000
53701  -21.583  -2.393  67.313 0.0000000000
53680  -21.504  -2.213  68.191 0.0000000000
53654  -20.156  -2.114  69.006 0.0000000000
52483  -17.532  -3.679  67.278 0.0000000000
52452  -18.460  -3.151  68.457 0.0000000000
53634  -19.928  -1.989  69.689 0.0000000000
53623  -19.743  -1.795  70.419 0.0000000000
53614  -18.573  -1.685  71.280 0.0000000000
54836  -18.286  -1.473  72.444 0.0000000000
53612  -16.730  -2.282  71.733 0.0000000000
53611  -15.517  -2.836  71.818 0.0000000000
53618  -14.348  -3.608  71.242 0.0000000000
53673  -14.524  -3.847  68.624 0.0000000000
53647  -13.375  -3.735  69.727 0.0000000000
52444  -13.276  -3.650  71.176 0.0000000000
52442  -11.998  -3.912  70.354 0.0000000000
60601  -7.558  1.618  56.081 0.0000000000
59312  -6.894  1.042  58.144 0.0000000000
59321  -7.041  1.130  57.250 0.0000000000
59335  -6.953  1.183  55.555 0.0000000000
58174  -5.578  0.103  55.348 0.0000000000
58172  -4.537  -0.772  54.560 0.0000000000
57052  -3.969  -1.117  54.352 0.0000000000
59287  -3.581  0.160  60.565 0.0000000000
58128  -3.180  -0.375  59.764 0.0000000000
58137  -3.139  -0.493  58.790 0.0000000000
57023  -1.179  -2.145  58.891 0.0000000000
58144  -2.675  -1.006  58.365 0.0000000000
57030  -3.149  -0.888  57.046 0.0000000000
57038  -3.150  -1.364  56.357 0.0000000000
56028  -2.825  -1.968  55.480 0.0000000000
57050  -2.720  -1.872  53.865 0.0000000000
56052  -2.399  -2.656  53.521 0.0000000000
59115  -8.834  -0.155  73.387 0.0000000000
59131  -7.478  0.049  72.362 0.0000000000
59130  -6.444  0.222  72.237 0.0000000000
59093  -5.356  -0.411  73.560 0.0000000000
59129  -5.437  0.317  72.149 0.0000000000
59146  -6.097  0.831  71.303 0.0000000000
60352  -5.493  1.228  70.927 0.0000000000
60366  -4.605  1.415  70.262 0.0000000000
60388  -4.376  1.745  69.481 0.0000000000
60387  -3.690  1.225  69.455 0.0000000000
59184  -3.315  0.450  69.252 0.0000000000
59183  -2.964  -0.359  69.024 0.0000000000
58061  -2.343  -1.131  70.721 0.0000000000
56963  -2.432  -1.427  69.451 0.0000000000
56964  -2.571  -1.291  68.853 0.0000000000
55947  -3.047  -1.690  68.342 0.0000000000
54893  -3.928  -3.200  68.395 0.0000000000
54894  -4.468  -3.577  67.589 0.0000000000
50362  -2.716  -7.383  73.581 0.0000000000
49354  -1.385  -8.705  72.852 0.0000000000
50369  -1.475  -7.247  72.782 0.0000000000
51391  -0.884  -6.458  72.085 0.0000000000
51396  -0.472  -6.487  71.161 0.0000000000
52445  -1.151  -5.999  69.830 0.0000000000
50383  -1.993  -7.455  69.443 0.0000000000
52457  -2.767  -6.125  69.340 0.0000000000
51408  -3.678  -6.296  68.605 0.0000000000
52476  -4.524  -5.822  67.954 0.0000000000
52477  -4.869  -5.559  67.425 0.0000000000
51436  -5.009  -6.380  65.857 0.0000000000
50405  -4.989  -7.092  65.235 0.0000000000
54943  -37.411  -2.597  61.951 0.0000000000
54944  -37.764  -2.232  61.996 0.0000000000
54931  -37.487  -2.680  62.444 0.0000000000
53818  -36.341  -3.326  61.172 0.0000000000
53819  -36.703  -2.918  61.271 0.0000000000
52594  -36.403  -3.928  62.154 0.0000000000
52631  -35.850  -3.667  61.216 0.0000000000
53781  -36.828  -3.519  62.355 0.0000000000
53765  -37.267  -3.241  62.897 0.0000000000
69267  -47.942  9.322  43.899 0.0000000000
69263  -48.850  9.535  44.446 0.0000000000
70272  -49.296  9.863  45.160 0.0000000000
68204  -47.426  9.100  44.105 0.0000000000
68209  -47.249  8.927  43.614 0.0000000000
69278  -47.828  9.221  43.105 0.0000000000
72294  -36.919  12.513  56.517 0.0000000000
72321  -35.541  12.105  55.215 0.0000000000
71234  -34.637  11.593  53.861 0.0000000000
72322  -36.498  12.023  54.915 0.0000000000
54898  -4.688  -3.210  66.617 0.0000000000
54904  -4.785  -3.057  65.849 0.0000000000
51393  -8.447  -5.029  71.853 0.0000000000
64892  -35.714  5.194  57.534 0.0000000000
62624  -4.579  3.285  68.598 0.0000000000
70208  -42.328  10.845  50.259 0.0000000000
70189  -42.754  11.203  50.926 0.0000000000
70207  -41.526  10.725  50.224 0.0000000000
70226  -41.846  10.454  49.609 0.0000000000
58039  -18.638  -0.242  73.209 0.0000000000
58036  -17.971  -0.318  73.477 0.0000000000
56929  -18.347  -0.640  73.261 0.0000000000
53702  -22.767  -2.528  67.398 0.0000000000
57068  -2.695  -0.820  52.477 0.0000000000
60542  -4.554  1.196  61.227 0.0000000000
53828  -5.145  -5.076  59.294 0.0000000000
59151  -11.129  0.952  71.670 0.0000000000
52411  -2.524  -5.673  74.196 0.0000000000
53594  -2.194  -4.930  74.071 0.0000000000
52410  -1.967  -5.361  73.888 0.0000000000
52419  -1.615  -5.688  73.353 0.0000000000
59314  -37.186  0.593  59.098 0.0000000000
60592  -37.490  1.366  59.533 0.0000000000
60591  -37.022  1.735  58.889 0.0000000000
51481  -32.366  -4.439  62.359 0.0000000000
52627  -31.435  -3.656  61.093 0.0000000000
71366  -50.289  11.841  41.644 0.0000000000
71365  -49.078  11.233  41.221 0.0000000000
71371  -49.217  11.914  40.579 0.0000000000
71257  -39.498  11.593  52.716 0.0000000000
71240  -40.134  11.937  53.494 0.0000000000
71224  -39.849  12.124  54.228 0.0000000000
71256  -38.569  11.323  52.828 0.0000000000
61737  -7.128  2.406  54.072 0.0000000000
60622  -6.753  1.743  53.815 0.0000000000
60621  -6.426  1.472  53.553 0.0000000000
59344  -6.864  1.284  54.706 0.0000000000
58103  -0.930  -0.908  63.133 0.0000000000
58093  -1.366  -1.244  63.904 0.0000000000
54920  -5.481  -3.987  63.428 0.0000000000
54927  -5.180  -4.013  62.759 0.0000000000
55866  -10.049  -1.948  76.194 0.0000000000
56897  -8.928  -2.025  76.897 0.0000000000
54795  -9.260  -2.541  76.238 0.0000000000
50357  -5.977  -5.954  74.156 0.0000000000
70121  -34.236  10.803  57.493 0.0000000000
71170  -34.499  11.390  58.211 0.0000000000
58183  -35.148  -1.045  54.236 0.0000000000
70139  -34.048  10.487  56.789 0.0000000000
54880  -29.619  -2.633  69.265 0.0000000000
54879  -28.403  -2.452  69.079 0.0000000000
53662  -28.427  -2.932  68.368 0.0000000000
51440  -31.160  -4.996  65.883 0.0000000000
51428  -31.088  -4.789  66.429 0.0000000000
53758  -24.107  -2.673  63.494 0.0000000000
63702  -4.013  3.843  65.657 0.0000000000
62648  -4.148  3.679  65.245 0.0000000000
61588  -3.487  2.609  64.917 0.0000000000
69236  -45.190  10.055  47.176 0.0000000000
70249  -45.461  10.459  47.792 0.0000000000
70243  -45.418  10.935  48.476 0.0000000000
69247  -43.748  9.943  46.974 0.0000000000
69248  -44.624  9.781  46.653 0.0000000000
53604  -13.613  -2.870  72.607 0.0000000000
52426  -13.077  -2.875  72.536 0.0000000000
52432  -12.605  -3.371  72.067 0.0000000000
52438  -13.247  -3.417  71.644 0.0000000000
53675  -16.414  -3.746  68.266 0.0000000000
53650  -16.140  -3.748  69.288 0.0000000000
59309  -4.710  0.306  58.529 0.0000000000
59318  -5.035  0.353  57.883 0.0000000000
58156  -4.655  -0.136  56.573 0.0000000000
57009  -1.638  -1.995  60.279 0.0000000000
55001  -2.529  -3.512  56.300 0.0000000000
53883  -2.911  -4.328  55.851 0.0000000000
59187  -7.720  0.826  69.667 0.0000000000
58007  -6.718  -1.267  75.452 0.0000000000
59079  -6.564  -0.530  74.510 0.0000000000
58038  -2.897  -0.838  72.470 0.0000000000
59109  -3.347  -0.431  72.513 0.0000000000
59126  -3.282  -0.140  71.596 0.0000000000
59142  -3.186  -0.043  70.765 0.0000000000
55924  -2.719  -3.194  70.501 0.0000000000
54876  -3.359  -3.747  69.809 0.0000000000
53646  -2.974  -4.706  70.002 0.0000000000
47155  -0.404  -10.446  71.100 0.0000000000
58131  -38.026  -0.296  60.278 0.0000000000
53879  -35.341  -2.690  58.673 0.0000000000
54982  -35.908  -2.392  59.146 0.0000000000
56000  -37.394  -1.718  60.624 0.0000000000
56007  -36.983  -1.605  59.708 0.0000000000
58130  -37.643  -0.119  59.629 0.0000000000
51509  -33.480  -3.596  60.827 0.0000000000
51511  -34.653  -3.853  61.291 0.0000000000
52681  -35.215  -3.383  59.864 0.0000000000
52680  -34.834  -3.409  59.540 0.0000000000
52703  -34.880  -3.264  58.994 0.0000000000
51476  -35.172  -4.737  62.548 0.0000000000
51484  -34.727  -4.469  62.157 0.0000000000
51483  -34.094  -4.621  62.273 0.0000000000
70285  -49.108  10.123  42.611 0.0000000000
70277  -50.253  10.173  43.921 0.0000000000
67128  -44.383  7.737  42.877 0.0000000000
66094  -43.927  7.370  42.073 0.0000000000
66095  -44.563  7.520  41.885 0.0000000000
67155  -45.268  7.800  41.426 0.0000000000
68235  -45.457  8.396  40.492 0.0000000000
68245  -45.096  8.613  39.861 0.0000000000
68246  -45.606  8.657  40.427 0.0000000000
69305  -45.994  9.262  40.305 0.0000000000
69295  -46.589  9.072  41.286 0.0000000000
69279  -48.573  9.742  42.691 0.0000000000
69291  -48.177  9.777  42.084 0.0000000000
70297  -48.701  10.342  41.934 0.0000000000
72324  -38.699  12.071  55.063 0.0000000000
73408  -38.355  12.989  57.465 0.0000000000
72296  -38.810  12.828  56.588 0.0000000000
73393  -38.628  13.579  58.301 0.0000000000
69159  -32.724  9.832  53.317 0.0000000000
70171  -33.586  10.686  52.395 0.0000000000
70172  -35.046  11.041  52.199 0.0000000000
70181  -34.664  10.689  51.380 0.0000000000
71221  -37.040  11.700  54.238 0.0000000000
71237  -37.381  11.393  53.576 0.0000000000
71238  -38.339  11.431  53.600 0.0000000000
56973  -2.834  -1.501  65.032 0.0000000000
55961  -4.801  -3.082  64.584 0.0000000000
54913  -5.259  -3.491  64.144 0.0000000000
54906  -5.800  -4.060  64.430 0.0000000000
51448  -6.003  -6.447  64.766 0.0000000000
52407  -9.755  -3.634  74.062 0.0000000000
51365  -8.973  -4.101  74.406 0.0000000000
51373  -9.227  -4.161  73.697 0.0000000000
61724  -35.046  2.309  56.975 0.0000000000
61733  -34.881  1.230  56.209 0.0000000000
64905  -35.273  5.402  56.958 0.0000000000
62771  -34.669  3.583  56.690 0.0000000000
63843  -34.536  4.517  56.244 0.0000000000
63842  -34.318  4.324  55.955 0.0000000000
63857  -34.453  5.162  55.933 0.0000000000
64921  -34.480  5.637  55.985 0.0000000000
67017  -35.065  7.524  57.276 0.0000000000
55929  -30.581  -2.021  69.634 0.0000000000
54872  -31.152  -2.723  69.338 0.0000000000
53779  -29.184  -3.899  62.700 0.0000000000
53763  -29.132  -3.775  63.506 0.0000000000
73624  -48.172  13.524  37.955 0.0000000000
73635  -47.399  13.668  37.004 0.0000000000
73636  -48.137  14.139  37.161 0.0000000000
74690  -48.676  14.867  36.856 0.0000000000
74705  -48.546  15.344  36.394 0.0000000000
76702  -48.951  16.411  36.082 0.0000000000
75714  -49.606  16.076  37.009 0.0000000000
63686  -3.954  4.142  67.053 0.0000000000
59210  -3.361  0.452  67.431 0.0000000000
69203  -43.255  10.533  49.109 0.0000000000
70229  -44.000  10.933  49.568 0.0000000000
70210  -43.775  11.076  50.080 0.0000000000
69213  -39.031  9.627  48.288 0.0000000000
69230  -39.402  9.279  47.565 0.0000000000
69246  -40.480  8.855  46.696 0.0000000000
68169  -40.871  8.632  46.120 0.0000000000
69232  -41.484  9.474  47.613 0.0000000000
69202  -42.852  10.425  49.072 0.0000000000
69217  -42.610  10.037  48.411 0.0000000000
59105  -16.810  0.098  73.746 0.0000000000
55899  -16.694  -1.188  73.626 0.0000000000
55895  -15.742  -1.337  73.983 0.0000000000
54828  -15.899  -1.707  73.431 0.0000000000
54827  -14.986  -2.208  73.537 0.0000000000
54833  -15.577  -2.218  73.055 0.0000000000
53712  -14.806  -3.849  66.732 0.0000000000
60563  -6.728  1.670  60.241 0.0000000000
59288  -4.227  0.733  60.396 0.0000000000
59289  -4.798  1.042  59.913 0.0000000000
59299  -4.326  0.338  59.439 0.0000000000
53806  -2.412  -4.085  60.070 0.0000000000
54948  -1.974  -3.567  60.092 0.0000000000
53867  -4.052  -4.724  57.641 0.0000000000
59168  -8.997  0.425  70.612 0.0000000000
59148  -8.229  0.217  71.519 0.0000000000
54817  -4.038  -3.161  74.948 0.0000000000
56908  -3.987  -2.454  74.885 0.0000000000
55891  -3.762  -3.046  74.657 0.0000000000
55896  -3.302  -2.518  73.480 0.0000000000
56931  -3.185  -1.969  72.956 0.0000000000
58037  -2.952  -1.262  72.761 0.0000000000
54851  -1.931  -3.808  71.902 0.0000000000
53625  -1.340  -5.210  71.113 0.0000000000
57053  -35.351  -1.425  54.647 0.0000000000
57054  -35.381  -1.274  55.135 0.0000000000
56012  -35.982  -1.587  57.950 0.0000000000
57031  -36.190  -0.972  57.731 0.0000000000
59322  -36.537  0.561  58.189 0.0000000000
59330  -35.948  0.425  57.236 0.0000000000
60609  -35.600  0.836  56.960 0.0000000000
52699  -32.509  -4.261  57.740 0.0000000000
51431  -33.240  -5.699  66.394 0.0000000000
51430  -32.412  -5.537  66.476 0.0000000000
51454  -34.461  -5.931  64.408 0.0000000000
51472  -32.024  -4.905  63.147 0.0000000000
51463  -32.845  -5.216  63.891 0.0000000000
51471  -31.475  -4.829  63.565 0.0000000000
51462  -32.072  -5.015  64.097 0.0000000000
52571  -30.855  -4.629  63.644 0.0000000000
53817  -29.492  -3.827  61.280 0.0000000000
70307  -46.228  10.110  39.674 0.0000000000
70319  -46.452  10.865  39.083 0.0000000000
71384  -46.626  11.651  38.624 0.0000000000
71385  -47.255  12.081  38.691 0.0000000000
72529  -47.407  12.474  38.393 0.0000000000
72540  -47.654  13.014  37.998 0.0000000000
72530  -47.985  12.560  38.662 0.0000000000
73586  -50.342  12.976  40.761 0.0000000000
73600  -49.922  13.249  40.147 0.0000000000
73601  -50.586  13.828  40.201 0.0000000000
71259  -41.341  11.874  52.568 0.0000000000
72327  -41.223  12.649  54.527 0.0000000000
72336  -41.694  12.423  53.831 0.0000000000
72311  -40.108  12.874  55.724 0.0000000000
70201  -35.486  10.516  50.647 0.0000000000
70220  -35.168  10.202  49.944 0.0000000000
70202  -36.616  10.498  50.759 0.0000000000
70238  -37.612  10.082  49.198 0.0000000000
70186  -40.251  11.143  50.982 0.0000000000
70205  -39.581  10.767  50.418 0.0000000000
70187  -41.172  11.141  50.922 0.0000000000
53729  -21.937  -2.802  65.933 0.0000000000
52545  -19.026  -3.274  64.366 0.0000000000
61744  -5.147  2.052  52.192 0.0000000000
59362  -5.771  0.811  53.468 0.0000000000
59361  -5.139  0.787  53.082 0.0000000000
59350  -4.629  0.310  53.285 0.0000000000
58189  -3.535  0.002  53.035 0.0000000000
57005  -1.780  -1.635  61.529 0.0000000000
55980  -2.170  -2.494  63.515 0.0000000000
55979  -1.559  -1.942  63.690 0.0000000000
54925  -3.283  -3.693  62.365 0.0000000000
55990  -2.271  -3.109  61.797 0.0000000000
54934  -2.398  -3.706  61.354 0.0000000000
54935  -2.979  -4.031  61.580 0.0000000000
53786  -4.560  -4.502  61.107 0.0000000000
52557  -7.060  -5.652  63.032 0.0000000000
51458  -6.906  -6.445  63.340 0.0000000000
59083  -10.213  0.018  74.988 0.0000000000
55887  -8.184  -1.593  76.816 0.0000000000
56915  -8.691  -1.150  76.298 0.0000000000
56914  -7.931  -1.451  76.156 0.0000000000
56913  -7.256  -1.650  75.899 0.0000000000
55885  -7.695  -1.947  76.356 0.0000000000
52395  -8.665  -3.573  75.678 0.0000000000
51353  -8.117  -4.031  75.465 0.0000000000
52399  -6.148  -4.818  75.477 0.0000000000
52392  -6.908  -4.077  75.681 0.0000000000
53575  -6.322  -3.734  75.627 0.0000000000
54800  -6.596  -3.244  75.639 0.0000000000
53574  -5.455  -3.933  75.591 0.0000000000
54810  -4.974  -3.465  75.267 0.0000000000
52390  -5.148  -4.449  75.642 0.0000000000
51361  -4.139  -6.098  74.896 0.0000000000
52404  -4.016  -5.348  75.083 0.0000000000
51360  -3.627  -6.009  74.730 0.0000000000
51359  -3.386  -5.945  74.581 0.0000000000
72305  -34.898  12.055  56.265 0.0000000000
72277  -35.360  12.562  57.662 0.0000000000
60616  -34.545  0.882  55.544 0.0000000000
60624  -34.090  0.464  54.808 0.0000000000
68098  -33.336  8.222  55.550 0.0000000000
67030  -33.016  7.719  54.814 0.0000000000
71202  -34.395  11.556  56.537 0.0000000000
71209  -33.974  11.131  55.921 0.0000000000
71210  -34.432  11.633  55.692 0.0000000000
53684  -25.607  -2.568  68.034 0.0000000000
52471  -31.834  -4.366  67.819 0.0000000000
52470  -30.953  -4.145  67.693 0.0000000000
53688  -30.238  -3.463  68.424 0.0000000000
52549  -28.630  -3.665  65.100 0.0000000000
52529  -27.877  -3.270  66.077 0.0000000000
52510  -28.433  -3.499  66.440 0.0000000000
52467  -28.517  -3.511  67.108 0.0000000000
52488  -28.128  -3.309  66.979 0.0000000000
53707  -27.853  -3.151  67.181 0.0000000000
53732  -24.930  -2.488  65.524 0.0000000000
53718  -24.834  -2.466  66.564 0.0000000000
52548  -22.006  -3.230  63.737 0.0000000000
77628  -49.466  17.667  35.974 0.0000000000
79489  -48.996  19.047  34.111 0.0000000000
79479  -49.747  19.323  35.685 0.0000000000
61612  -6.563  3.188  63.202 0.0000000000
62658  -5.945  4.026  64.527 0.0000000000
60503  -3.018  0.901  63.787 0.0000000000
60450  -3.259  1.472  66.100 0.0000000000
55958  -3.043  -1.560  66.323 0.0000000000
55948  -3.676  -2.437  67.758 0.0000000000
69256  -46.899  9.285  45.462 0.0000000000
69251  -47.635  9.618  46.086 0.0000000000
70260  -47.553  10.120  46.851 0.0000000000
68187  -43.635  8.772  45.330 0.0000000000
68199  -42.725  8.161  44.376 0.0000000000
67112  -43.029  7.931  43.896 0.0000000000
67113  -43.943  8.017  43.788 0.0000000000
69255  -45.965  9.343  45.763 0.0000000000
68189  -46.226  8.895  45.014 0.0000000000
59085  -11.875  0.251  74.964 0.0000000000
59070  -11.784  -0.338  75.666 0.0000000000
58002  -11.846  -0.683  75.808 0.0000000000
58025  -14.736  -0.425  74.650 0.0000000000
59088  -14.260  0.033  74.781 0.0000000000
58015  -14.238  -0.656  74.945 0.0000000000
53592  -12.646  -2.433  74.241 0.0000000000
54815  -12.669  -1.993  74.778 0.0000000000
53587  -12.287  -2.325  74.840 0.0000000000
54806  -11.613  -1.917  75.442 0.0000000000
53590  -11.185  -3.122  74.415 0.0000000000
52409  -11.402  -3.189  74.168 0.0000000000
52431  -11.958  -3.750  71.785 0.0000000000
52423  -11.051  -3.822  72.261 0.0000000000
51395  -10.457  -4.385  70.962 0.0000000000
52485  -19.377  -2.677  67.476 0.0000000000
53700  -20.584  -2.223  67.665 0.0000000000
53679  -20.191  -2.267  68.285 0.0000000000
52504  -17.057  -3.757  66.563 0.0000000000
52451  -18.193  -3.390  68.269 0.0000000000
53653  -19.064  -2.721  68.867 0.0000000000
53633  -18.848  -2.407  69.642 0.0000000000
53622  -18.622  -1.954  70.653 0.0000000000
53613  -17.864  -1.905  71.300 0.0000000000
54843  -18.485  -1.582  71.768 0.0000000000
54842  -17.704  -1.786  71.945 0.0000000000
53630  -15.742  -3.672  70.266 0.0000000000
53619  -15.196  -3.435  71.118 0.0000000000
53610  -14.537  -3.143  71.891 0.0000000000
53695  -13.761  -3.866  67.695 0.0000000000
52462  -12.686  -3.686  68.948 0.0000000000
53627  -13.181  -3.742  70.311 0.0000000000
52443  -12.807  -3.770  70.749 0.0000000000
61706  -8.630  2.440  57.997 0.0000000000
60602  -8.095  1.939  56.468 0.0000000000
60595  -7.635  1.522  56.924 0.0000000000
60576  -6.400  1.191  59.503 0.0000000000
59302  -6.601  1.021  58.829 0.0000000000
58148  -5.758  0.274  57.116 0.0000000000
59328  -6.609  0.853  56.725 0.0000000000
59329  -7.055  1.189  56.414 0.0000000000
59334  -6.452  0.730  56.001 0.0000000000
59343  -6.077  0.468  54.928 0.0000000000
58166  -5.840  0.234  55.862 0.0000000000
58164  -4.434  -0.774  55.630 0.0000000000
58173  -5.219  -0.173  54.845 0.0000000000
57044  -4.208  -1.149  54.950 0.0000000000
58114  -2.821  -0.472  61.453 0.0000000000
58120  -3.101  -0.462  60.725 0.0000000000
54973  -1.141  -2.939  58.878 0.0000000000
56005  -0.970  -2.564  59.133 0.0000000000
56006  -1.321  -2.533  58.617 0.0000000000
57029  -2.666  -1.514  57.457 0.0000000000
56027  -2.511  -2.752  55.782 0.0000000000
56039  -2.901  -1.803  54.687 0.0000000000
61548  -5.589  2.561  69.247 0.0000000000
59097  -9.198  -0.235  74.209 0.0000000000
59114  -7.807  -0.220  73.287 0.0000000000
58028  -4.260  -0.725  74.122 0.0000000000
58029  -5.111  -0.653  74.158 0.0000000000
59111  -4.907  -0.179  72.772 0.0000000000
59145  -5.054  0.869  71.523 0.0000000000
60353  -5.949  1.181  70.812 0.0000000000
60350  -4.169  1.176  70.867 0.0000000000
60389  -5.140  1.899  69.675 0.0000000000
59163  -3.090  -0.161  69.886 0.0000000000
58067  -2.560  -0.757  69.488 0.0000000000
56952  -2.106  -1.788  71.102 0.0000000000
55932  -2.563  -1.822  69.768 0.0000000000
55941  -2.522  -1.588  69.430 0.0000000000
58071  -2.316  -1.105  69.226 0.0000000000
54886  -3.749  -3.667  69.127 0.0000000000
54887  -4.198  -3.976  68.467 0.0000000000
49355  -2.314  -8.820  73.313 0.0000000000
48321  -0.937  -9.683  72.418 0.0000000000
50373  -0.719  -7.494  71.964 0.0000000000
51401  -0.822  -6.561  70.268 0.0000000000
51402  -1.536  -6.583  69.742 0.0000000000
51406  -2.462  -6.671  69.425 0.0000000000
52458  -3.290  -5.629  69.189 0.0000000000
51407  -3.186  -6.627  68.910 0.0000000000
51414  -3.986  -6.488  67.822 0.0000000000
51415  -4.491  -6.153  67.413 0.0000000000
51425  -4.734  -6.175  66.797 0.0000000000
52498  -5.266  -5.493  66.692 0.0000000000
55994  -37.778  -1.674  61.343 0.0000000000
57007  -38.519  -0.855  61.793 0.0000000000
55991  -38.214  -1.664  62.140 0.0000000000
55987  -38.360  -1.677  62.745 0.0000000000
53838  -35.635  -3.130  59.852 0.0000000000
54968  -36.234  -2.662  59.866 0.0000000000
51498  -35.219  -4.028  61.662 0.0000000000
52629  -34.910  -3.857  61.079 0.0000000000
52630  -35.400  -3.883  61.432 0.0000000000
52658  -35.615  -3.506  60.691 0.0000000000
52573  -36.001  -4.833  63.489 0.0000000000
52593  -36.075  -4.467  62.606 0.0000000000
52610  -35.557  -4.385  62.233 0.0000000000
53750  -37.068  -3.592  63.505 0.0000000000
69264  -49.485  9.747  43.994 0.0000000000
68207  -45.977  8.274  43.436 0.0000000000
67143  -45.147  7.797  42.227 0.0000000000
67144  -45.927  8.163  42.749 0.0000000000
68218  -46.441  8.466  42.534 0.0000000000
68229  -46.845  8.783  42.327 0.0000000000
69289  -46.826  9.033  41.714 0.0000000000
72323  -37.675  11.899  55.057 0.0000000000
72309  -38.320  12.272  55.851 0.0000000000
73392  -37.726  13.232  58.219 0.0000000000
71253  -35.743  11.374  52.762 0.0000000000
71220  -36.171  11.774  54.102 0.0000000000
53725  -6.046  -4.539  64.877 0.0000000000
53724  -5.796  -4.453  65.678 0.0000000000
52517  -5.662  -5.416  65.952 0.0000000000
51389  -9.346  -4.395  72.237 0.0000000000
51388  -8.601  -4.672  72.716 0.0000000000
50376  -8.029  -5.318  72.207 0.0000000000
63827  -35.601  4.354  57.638 0.0000000000
62772  -35.036  3.433  57.123 0.0000000000
65958  -35.123  5.864  56.734 0.0000000000
65936  -35.527  6.713  57.716 0.0000000000
55931  -31.903  -2.649  69.141 0.0000000000
74678  -48.661  14.305  37.543 0.0000000000
75695  -50.101  15.282  38.326 0.0000000000
75697  -51.369  16.376  39.223 0.0000000000
60412  -3.926  1.820  68.858 0.0000000000
70209  -43.171  11.060  50.378 0.0000000000
70190  -43.171  11.310  50.920 0.0000000000
70224  -39.828  10.296  49.538 0.0000000000
69199  -40.507  10.011  48.878 0.0000000000
69215  -40.966  9.751  48.250 0.0000000000
69201  -42.165  10.256  49.020 0.0000000000
59106  -17.823  0.008  73.513 0.0000000000
56928  -17.389  -0.711  73.606 0.0000000000
54829  -16.904  -1.442  73.099 0.0000000000
53659  -25.352  -2.477  68.669 0.0000000000
59359  -2.872  0.521  52.060 0.0000000000
59358  -2.529  0.519  51.593 0.0000000000
58187  -2.448  -0.086  51.802 0.0000000000
60543  -5.274  1.556  61.174 0.0000000000
53827  -4.067  -4.934  59.414 0.0000000000
52639  -4.675  -4.992  58.700 0.0000000000
53596  -3.318  -4.758  74.522 0.0000000000
55898  -3.600  -3.477  74.544 0.0000000000
54824  -3.194  -4.115  74.264 0.0000000000
54832  -2.941  -3.813  73.708 0.0000000000
54831  -2.512  -3.984  73.250 0.0000000000
54841  -2.177  -3.855  72.665 0.0000000000
59323  -36.908  0.089  58.771 0.0000000000
60597  -36.541  1.566  58.164 0.0000000000
52701  -34.120  -3.935  58.047 0.0000000000
51474  -33.849  -5.016  62.938 0.0000000000
51464  -33.687  -5.450  63.699 0.0000000000
52591  -31.642  -4.444  62.547 0.0000000000
52608  -31.054  -4.030  61.982 0.0000000000
72522  -50.587  12.777  41.101 0.0000000000
70309  -47.964  11.229  39.970 0.0000000000
71375  -48.204  11.932  39.516 0.0000000000
72525  -48.358  12.302  39.229 0.0000000000
71376  -48.696  11.949  39.994 0.0000000000
72521  -49.906  12.552  40.763 0.0000000000
70183  -37.228  10.736  51.504 0.0000000000
70184  -38.180  10.880  51.454 0.0000000000
70185  -38.682  11.117  51.396 0.0000000000
70204  -38.739  10.926  50.881 0.0000000000
71290  -39.093  11.246  51.380 0.0000000000
71274  -39.782  11.356  51.787 0.0000000000
61745  -5.650  2.222  52.423 0.0000000000
58104  -1.648  -0.482  62.944 0.0000000000
55982  -3.842  -3.180  63.620 0.0000000000
54918  -3.583  -3.431  63.140 0.0000000000
54937  -4.894  -4.162  61.939 0.0000000000
58011  -10.231  -0.564  75.874 0.0000000000
59073  -10.246  -0.242  75.490 0.0000000000
57999  -9.138  -0.773  76.282 0.0000000000
56903  -8.979  -1.393  76.461 0.0000000000
54803  -8.139  -2.126  76.559 0.0000000000
50352  -7.059  -5.357  74.358 0.0000000000
50349  -6.993  -5.091  74.987 0.0000000000
50351  -6.715  -5.342  74.682 0.0000000000
52406  -5.513  -5.463  75.180 0.0000000000
52398  -5.320  -4.973  75.587 0.0000000000
52414  -5.190  -5.782  74.910 0.0000000000
51369  -4.645  -6.473  74.433 0.0000000000
71187  -34.511  11.628  57.375 0.0000000000
72276  -34.829  12.182  57.903 0.0000000000
61731  -33.881  2.726  55.729 0.0000000000
67024  -34.240  7.539  56.348 0.0000000000
68091  -33.785  8.328  56.121 0.0000000000
69146  -33.535  9.081  56.017 0.0000000000
69145  -33.199  9.561  55.345 0.0000000000
69137  -33.637  9.861  56.237 0.0000000000
71186  -34.205  11.153  57.039 0.0000000000
55935  -28.108  -1.985  69.564 0.0000000000
51412  -32.731  -4.989  67.448 0.0000000000
52472  -32.448  -4.732  67.687 0.0000000000
51420  -32.239  -5.007  67.159 0.0000000000
51418  -31.063  -4.657  66.676 0.0000000000
53747  -27.242  -3.282  64.210 0.0000000000
53735  -27.981  -3.456  64.915 0.0000000000
53734  -27.311  -3.137  65.262 0.0000000000
53720  -27.132  -2.863  66.173 0.0000000000
53744  -23.862  -2.525  64.554 0.0000000000
75729  -46.895  15.538  35.281 0.0000000000
62657  -5.240  3.773  64.665 0.0000000000
62656  -4.417  3.390  64.646 0.0000000000
60449  -3.015  0.490  65.969 0.0000000000
69249  -45.735  9.824  46.563 0.0000000000
70259  -46.611  10.217  46.991 0.0000000000
70250  -46.423  10.522  47.660 0.0000000000
70244  -46.328  10.857  48.244 0.0000000000
68156  -42.886  9.416  47.016 0.0000000000
68171  -42.749  9.002  46.170 0.0000000000
68201  -44.449  8.432  44.476 0.0000000000
68173  -44.618  9.465  46.042 0.0000000000
69254  -45.176  9.470  46.053 0.0000000000
59102  -13.436  0.534  74.514 0.0000000000
55893  -14.210  -1.810  74.359 0.0000000000
55889  -13.678  -1.567  74.720 0.0000000000
54821  -13.805  -2.100  74.189 0.0000000000
53598  -12.657  -2.719  73.362 0.0000000000
52418  -12.299  -3.042  73.418 0.0000000000
52417  -11.735  -3.246  73.624 0.0000000000
52425  -12.537  -3.024  72.832 0.0000000000
52507  -19.653  -2.774  66.322 0.0000000000
52484  -18.271  -3.392  67.387 0.0000000000
53699  -17.153  -3.714  67.539 0.0000000000
52461  -11.817  -3.955  68.276 0.0000000000
52449  -11.899  -3.743  69.383 0.0000000000
60590  -8.185  1.892  58.515 0.0000000000
59311  -6.184  0.745  58.264 0.0000000000
59319  -5.657  0.445  57.724 0.0000000000
58157  -5.440  0.115  56.536 0.0000000000
59081  -7.999  -0.726  74.790 0.0000000000
59096  -8.189  -0.433  74.290 0.0000000000
59080  -7.458  -0.625  74.708 0.0000000000
59094  -6.212  -0.351  73.753 0.0000000000
59091  -3.744  -0.499  73.394 0.0000000000
54861  -2.127  -3.421  71.279 0.0000000000
55933  -3.043  -2.687  69.951 0.0000000000
49364  -0.692  -8.484  70.569 0.0000000000
50390  -3.322  -7.151  68.386 0.0000000000
53894  -35.100  -3.320  56.835 0.0000000000
53895  -35.137  -2.726  57.688 0.0000000000
54995  -35.654  -2.107  58.152 0.0000000000
56013  -36.434  -1.558  58.680 0.0000000000
54983  -36.473  -2.150  59.455 0.0000000000
57025  -37.065  -1.001  59.016 0.0000000000
51494  -32.879  -3.842  61.470 0.0000000000
51508  -32.915  -3.484  60.608 0.0000000000
52654  -33.144  -3.307  59.836 0.0000000000
52678  -33.602  -3.456  58.810 0.0000000000
52656  -34.720  -3.624  60.518 0.0000000000
52679  -34.317  -3.364  59.124 0.0000000000
53877  -34.822  -3.661  57.356 0.0000000000
51455  -35.236  -5.707  64.218 0.0000000000
51467  -35.694  -5.082  63.551 0.0000000000
51466  -35.327  -5.199  63.364 0.0000000000
71353  -50.487  11.153  42.455 0.0000000000
70287  -51.030  10.972  43.036 0.0000000000
66119  -44.823  7.585  41.570 0.0000000000
67154  -44.744  7.614  40.972 0.0000000000
67162  -43.741  7.818  39.939 0.0000000000
67173  -44.155  8.288  39.543 0.0000000000
70306  -45.633  9.653  39.556 0.0000000000
69306  -46.610  9.899  40.197 0.0000000000
70300  -47.745  10.084  41.210 0.0000000000
72297  -39.571  13.085  56.458 0.0000000000
69174  -33.567  10.088  50.749 0.0000000000
70199  -33.858  10.152  50.672 0.0000000000
71271  -36.951  10.959  52.232 0.0000000000
71255  -37.652  11.113  52.902 0.0000000000
61729  -7.621  2.419  54.909 0.0000000000
56980  -1.583  -1.524  63.985 0.0000000000
55972  -4.124  -2.943  64.175 0.0000000000
54912  -4.709  -3.235  64.040 0.0000000000
54921  -5.959  -4.351  63.360 0.0000000000
51457  -6.465  -6.431  64.009 0.0000000000
53584  -10.014  -3.209  75.122 0.0000000000
53579  -9.119  -3.231  75.764 0.0000000000
52401  -9.466  -3.559  75.028 0.0000000000
51358  -8.743  -4.035  74.914 0.0000000000
51371  -8.082  -4.572  73.930 0.0000000000
50360  -7.951  -4.758  73.422 0.0000000000
50359  -7.626  -5.066  73.759 0.0000000000
50353  -7.470  -5.043  74.257 0.0000000000
49341  -6.910  -5.630  73.988 0.0000000000
69129  -34.540  9.234  57.469 0.0000000000
70105  -34.571  10.581  59.066 0.0000000000
69113  -34.676  9.604  58.437 0.0000000000
60617  -35.011  0.529  55.783 0.0000000000
61723  -34.369  2.871  56.317 0.0000000000
62778  -33.463  3.627  55.408 0.0000000000
63867  -33.094  4.571  55.059 0.0000000000
64920  -34.006  5.459  55.521 0.0000000000
65972  -34.302  6.039  55.769 0.0000000000
65945  -34.666  6.954  56.624 0.0000000000
68082  -34.652  8.295  56.965 0.0000000000
54871  -30.408  -2.631  69.423 0.0000000000
52552  -30.755  -4.643  64.496 0.0000000000
52551  -30.076  -4.224  64.732 0.0000000000
52569  -29.570  -3.856  64.095 0.0000000000
53749  -28.888  -3.696  64.022 0.0000000000
53760  -26.348  -3.049  63.366 0.0000000000
73647  -47.496  14.402  36.338 0.0000000000
74703  -47.209  14.950  35.867 0.0000000000
75730  -47.682  15.718  35.514 0.0000000000
76714  -47.694  16.360  35.012 0.0000000000
76703  -49.608  16.788  36.609 0.0000000000
75705  -50.384  16.354  37.979 0.0000000000
63694  -3.987  4.000  66.170 0.0000000000
59199  -3.001  -0.597  68.346 0.0000000000
69219  -44.169  10.518  48.260 0.0000000000
70248  -44.715  10.586  48.175 0.0000000000
70242  -44.376  10.855  48.820 0.0000000000
71293  -44.099  11.583  50.602 0.0000000000
68184  -40.420  8.208  45.464 0.0000000000
68155  -42.079  9.150  46.986 0.0000000000
69234  -43.202  9.847  47.646 0.0000000000
60332  -15.465  0.540  73.677 0.0000000000
59104  -15.460  0.236  74.060 0.0000000000
56926  -15.461  -0.621  74.344 0.0000000000
56927  -16.327  -0.786  74.010 0.0000000000
56923  -15.419  -1.034  74.319 0.0000000000
55894  -14.718  -1.459  74.396 0.0000000000
54822  -14.557  -1.982  74.044 0.0000000000
53600  -14.455  -2.414  73.437 0.0000000000
52542  -16.550  -3.681  64.856 0.0000000000
52523  -16.554  -3.731  65.822 0.0000000000
52522  -16.087  -3.776  66.005 0.0000000000
52502  -16.185  -3.793  66.476 0.0000000000
53697  -15.654  -3.853  67.479 0.0000000000
53711  -14.045  -3.859  66.939 0.0000000000
60564  -7.580  2.164  60.320 0.0000000000
60575  -5.842  1.055  59.491 0.0000000000
54947  -1.564  -3.358  60.260 0.0000000000
55999  -1.175  -2.630  59.882 0.0000000000
53825  -2.478  -4.055  58.973 0.0000000000
53845  -2.646  -4.009  57.881 0.0000000000
53884  -3.554  -4.833  56.232 0.0000000000
59204  -9.365  0.730  68.772 0.0000000000
59188  -8.693  0.573  69.639 0.0000000000
56910  -4.986  -1.854  74.903 0.0000000000
58005  -5.202  -1.614  74.882 0.0000000000
56921  -4.654  -1.567  74.705 0.0000000000
55897  -3.358  -3.252  74.137 0.0000000000
56925  -3.498  -2.112  74.076 0.0000000000
59090  -3.238  -0.866  73.173 0.0000000000
58043  -2.370  -1.136  72.312 0.0000000000
56946  -1.941  -1.814  71.944 0.0000000000
52440  -1.873  -5.298  70.386 0.0000000000
58175  -35.130  -0.720  54.904 0.0000000000
55009  -35.282  -3.004  56.086 0.0000000000
56034  -35.408  -2.024  55.876 0.0000000000
57039  -35.618  -1.102  56.562 0.0000000000
57045  -35.446  -1.221  55.640 0.0000000000
58167  -35.463  -0.559  56.006 0.0000000000
59346  -35.243  -0.360  55.542 0.0000000000
61716  -35.461  2.618  57.445 0.0000000000
61717  -35.908  2.354  57.701 0.0000000000
62764  -35.880  3.189  57.906 0.0000000000
52473  -33.237  -4.907  67.735 0.0000000000
51441  -31.827  -5.399  65.795 0.0000000000
51450  -31.302  -4.970  65.144 0.0000000000
51443  -33.434  -5.918  65.554 0.0000000000
51451  -31.987  -5.223  64.992 0.0000000000
52570  -30.247  -4.203  63.890 0.0000000000
52589  -30.175  -4.168  62.963 0.0000000000
53800  -29.445  -4.081  62.009 0.0000000000
70320  -47.046  11.324  39.138 0.0000000000
71383  -45.945  11.290  38.364 0.0000000000
71395  -45.543  11.776  37.594 0.0000000000
73623  -47.549  13.223  37.649 0.0000000000
72531  -48.648  12.829  38.871 0.0000000000
73612  -49.178  13.390  38.864 0.0000000000
74655  -50.778  14.579  39.746 0.0000000000
71277  -42.488  11.557  51.624 0.0000000000
71260  -42.223  11.945  52.554 0.0000000000
72326  -40.382  12.494  54.826 0.0000000000
72312  -40.764  12.927  55.284 0.0000000000
53716  -22.817  -2.506  66.647 0.0000000000
52546  -20.114  -3.124  64.271 0.0000000000
52544  -18.028  -3.471  64.491 0.0000000000
52543  -17.204  -3.656  64.652 0.0000000000
60630  -4.930  1.574  52.384 0.0000000000
58180  -3.416  -0.350  53.143 0.0000000000
59266  -3.862  0.579  62.044 0.0000000000
58113  -2.091  -0.691  61.914 0.0000000000
53785  -3.515  -4.574  61.003 0.0000000000
59098  -10.093  -0.143  74.259 0.0000000000
58032  -8.828  -0.428  74.774 0.0000000000
58010  -9.398  -0.674  75.863 0.0000000000
58022  -8.892  -0.578  75.342 0.0000000000
58021  -8.013  -0.935  75.196 0.0000000000
58008  -7.634  -1.252  75.648 0.0000000000
56912  -6.474  -1.780  75.595 0.0000000000
53571  -9.118  -3.035  76.084 0.0000000000
53570  -8.313  -3.133  76.331 0.0000000000
53569  -7.863  -3.138  76.344 0.0000000000
52393  -7.642  -3.932  75.675 0.0000000000
52387  -7.753  -3.613  75.971 0.0000000000
55862  -7.340  -2.854  76.148 0.0000000000
55872  -7.005  -2.331  75.932 0.0000000000
55871  -6.790  -2.717  75.734 0.0000000000
55883  -6.261  -2.378  75.546 0.0000000000
55882  -5.417  -2.614  75.176 0.0000000000
54819  -4.450  -3.996  75.276 0.0000000000
54818  -4.036  -3.743  75.029 0.0000000000
52397  -4.635  -4.865  75.434 0.0000000000
53588  -3.751  -4.658  74.877 0.0000000000
51366  -2.713  -6.164  74.167 0.0000000000
72306  -35.529  12.290  56.002 0.0000000000
72293  -36.110  12.569  56.496 0.0000000000
73405  -35.999  12.684  56.946 0.0000000000
73390  -35.967  12.805  57.464 0.0000000000
72262  -35.272  12.604  58.304 0.0000000000
59354  -34.405  -0.270  54.372 0.0000000000
68105  -32.689  8.904  53.972 0.0000000000
69151  -32.955  9.654  54.317 0.0000000000
70158  -33.341  10.522  54.706 0.0000000000
70153  -33.532  10.528  55.586 0.0000000000
72320  -34.981  11.971  55.583 0.0000000000
54877  -26.562  -2.082  69.387 0.0000000000
53640  -25.910  -2.244  69.181 0.0000000000
52453  -32.193  -4.288  68.029 0.0000000000
53665  -31.986  -3.899  68.488 0.0000000000
53642  -31.562  -3.323  69.029 0.0000000000
53664  -30.899  -3.395  68.985 0.0000000000
54889  -29.516  -3.110  68.635 0.0000000000
52532  -29.874  -4.304  65.524 0.0000000000
52512  -29.723  -4.342  66.215 0.0000000000
52511  -29.054  -3.849  66.286 0.0000000000
52490  -29.472  -4.074  66.800 0.0000000000
52468  -28.968  -3.679  67.256 0.0000000000
53687  -29.147  -3.373  68.068 0.0000000000
53742  -21.934  -2.903  65.145 0.0000000000
77638  -48.269  17.198  34.900 0.0000000000
78562  -49.362  18.474  35.426 0.0000000000
77657  -48.564  18.076  34.547 0.0000000000
79507  -49.502  19.595  33.677 0.0000000000
60526  -5.597  1.804  61.953 0.0000000000
61627  -4.488  1.755  62.655 0.0000000000
61598  -5.324  3.262  64.185 0.0000000000
61626  -4.111  1.537  62.599 0.0000000000
60523  -3.823  1.187  62.599 0.0000000000
59254  -2.946  0.525  63.216 0.0000000000
69257  -47.706  9.376  45.363 0.0000000000
69252  -48.270  9.696  45.806 0.0000000000
73406  -36.511  12.710  57.107 0.0000000000
67110  -41.127  7.615  44.205 0.0000000000
66058  -41.326  7.410  43.660 0.0000000000
67111  -42.083  7.771  44.081 0.0000000000
66070  -41.833  7.255  43.179 0.0000000000
66071  -42.703  7.284  42.841 0.0000000000
66093  -42.863  7.115  42.101 0.0000000000
66072  -43.472  7.396  42.625 0.0000000000
68203  -46.854  8.867  44.338 0.0000000000
59074  -10.984  -0.065  75.460 0.0000000000
58012  -10.829  -0.206  75.632 0.0000000000
56899  -10.548  -1.419  76.047 0.0000000000
54797  -10.465  -2.014  75.859 0.0000000000
59103  -14.243  0.427  74.336 0.0000000000
59087  -13.403  0.295  74.962 0.0000000000
59077  -13.218  -0.009  75.369 0.0000000000
55878  -13.528  -1.154  75.123 0.0000000000
56906  -13.056  -1.018  75.360 0.0000000000
58003  -12.595  -0.719  75.583 0.0000000000
55868  -11.738  -1.485  75.644 0.0000000000
54805  -10.937  -1.964  75.634 0.0000000000
53581  -10.552  -2.405  75.574 0.0000000000
52408  -10.658  -3.294  74.318 0.0000000000
52415  -9.831  -3.756  73.596 0.0000000000
52416  -10.619  -3.600  73.323 0.0000000000
51384  -10.080  -4.005  72.660 0.0000000000
53681  -22.630  -2.455  68.114 0.0000000000
53635  -21.277  -1.669  69.980 0.0000000000
52505  -17.691  -3.567  66.546 0.0000000000
52464  -17.923  -3.617  67.903 0.0000000000
52465  -18.713  -3.115  68.160 0.0000000000
53678  -19.412  -2.580  68.501 0.0000000000
53624  -20.621  -1.637  70.463 0.0000000000
54854  -20.605  -1.577  71.114 0.0000000000
54853  -19.771  -1.567  71.060 0.0000000000
54837  -19.075  -1.264  72.103 0.0000000000
54830  -17.768  -1.412  72.940 0.0000000000
54835  -17.134  -1.682  72.445 0.0000000000
53607  -16.461  -2.015  72.331 0.0000000000
53606  -15.883  -2.351  72.452 0.0000000000
53648  -14.241  -3.807  69.632 0.0000000000
53672  -13.556  -3.759  68.719 0.0000000000
53617  -13.738  -3.599  71.330 0.0000000000
52436  -12.054  -4.052  71.101 0.0000000000
52441  -11.168  -4.059  69.783 0.0000000000
52435  -11.285  -4.179  70.668 0.0000000000
60607  -7.891  1.945  55.870 0.0000000000
60606  -7.541  1.865  55.309 0.0000000000
60589  -7.607  1.437  57.914 0.0000000000
59342  -5.550  0.170  54.543 0.0000000000
58182  -4.834  -0.346  54.190 0.0000000000
57061  -3.674  -1.009  53.824 0.0000000000
57051  -3.362  -1.417  54.183 0.0000000000
58129  -3.622  -0.132  59.286 0.0000000000
58145  -3.245  -0.524  57.735 0.0000000000
57016  -1.237  -1.993  59.401 0.0000000000
57024  -1.838  -1.726  58.656 0.0000000000
57043  -3.598  -1.376  55.215 0.0000000000
55042  -2.785  -3.352  53.152 0.0000000000
55026  -2.679  -3.872  54.169 0.0000000000
62616  -5.159  3.108  68.999 0.0000000000
59134  -10.537  0.310  72.499 0.0000000000
59133  -9.545  0.093  72.505 0.0000000000
59132  -8.521  -0.014  72.462 0.0000000000
59147  -7.188  0.428  71.442 0.0000000000
59092  -4.514  -0.411  73.474 0.0000000000
59112  -5.827  -0.190  72.910 0.0000000000
59165  -6.353  1.173  70.499 0.0000000000
60368  -5.902  1.362  70.398 0.0000000000
60351  -4.769  1.274  70.954 0.0000000000
60367  -5.317  1.465  70.316 0.0000000000
61547  -4.861  2.574  69.128 0.0000000000
56959  -2.353  -1.636  70.220 0.0000000000
58066  -2.358  -1.132  69.845 0.0000000000
58072  -2.606  -0.924  68.685 0.0000000000
55943  -3.390  -2.565  68.932 0.0000000000
51377  -2.957  -6.907  73.895 0.0000000000
50361  -2.118  -7.144  73.378 0.0000000000
48308  -1.527  -9.934  73.047 0.0000000000
49347  -2.161  -7.974  73.290 0.0000000000
51375  -1.763  -6.575  73.252 0.0000000000
51385  -1.319  -6.311  72.772 0.0000000000
52434  -0.918  -5.683  71.459 0.0000000000
52439  -1.117  -5.638  70.487 0.0000000000
49368  -1.367  -8.396  69.296 0.0000000000
52446  -2.205  -5.673  69.838 0.0000000000
52447  -2.988  -5.206  69.661 0.0000000000
52459  -4.130  -5.705  68.570 0.0000000000
53693  -4.545  -4.855  68.093 0.0000000000
53694  -5.053  -4.641  67.256 0.0000000000
50409  -5.313  -7.699  64.449 0.0000000000
49346  -6.748  -5.797  73.638 0.0000000000
50348  -7.027  -4.958  75.003 0.0000000000
50358  -7.164  -5.469  73.963 0.0000000000
50372  -8.062  -5.098  72.609 0.0000000000
51350  -7.027  -4.124  75.650 0.0000000000
51351  -7.408  -4.211  75.487 0.0000000000
51352  -7.770  -4.142  75.464 0.0000000000
51355  -7.369  -4.586  75.147 0.0000000000
51356  -7.872  -4.544  74.823 0.0000000000
51363  -7.857  -4.564  74.569 0.0000000000
51364  -8.312  -4.363  74.528 0.0000000000
51370  -5.411  -5.920  74.601 0.0000000000
51376  -2.388  -6.440  73.862 0.0000000000
51382  -8.558  -4.555  73.332 0.0000000000
51383  -9.262  -4.288  73.016 0.0000000000
51392  -8.130  -5.375  71.663 0.0000000000
51411  -32.515  -4.889  67.441 0.0000000000
51413  -3.556  -6.833  68.265 0.0000000000
51419  -31.424  -4.769  66.792 0.0000000000
51422  -33.784  -5.519  66.941 0.0000000000
51485  -35.169  -4.242  61.938 0.0000000000
51497  -34.974  -3.976  61.523 0.0000000000
51510  -34.208  -3.740  61.084 0.0000000000
52386  -7.378  -3.708  75.744 0.0000000000
52388  -8.223  -3.445  76.151 0.0000000000
52389  -8.808  -3.421  75.867 0.0000000000
52396  -9.204  -3.345  75.559 0.0000000000
52413  -5.006  -5.956  74.731 0.0000000000
52433  -13.176  -3.100  72.205 0.0000000000
52463  -17.418  -3.695  67.633 0.0000000000
52481  -16.755  -3.810  67.041 0.0000000000
52482  -17.026  -3.781  67.172 0.0000000000
52487  -27.798  -3.134  66.963 0.0000000000
52493  -32.073  -4.682  67.516 0.0000000000
52555  -36.843  -3.897  63.402 0.0000000000
52572  -35.681  -5.036  63.358 0.0000000000
52575  -36.966  -3.722  63.067 0.0000000000
52612  -36.187  -3.660  61.491 0.0000000000
52632  -36.079  -3.502  61.059 0.0000000000
52659  -36.055  -3.468  60.772 0.0000000000
53568  -7.419  -3.330  75.974 0.0000000000
53573  -10.150  -2.280  75.925 0.0000000000
53577  -7.972  -2.949  76.921 0.0000000000
53578  -7.944  -3.022  76.428 0.0000000000
53580  -9.727  -3.051  75.537 0.0000000000
53582  -11.163  -2.124  75.474 0.0000000000
53586  -11.635  -2.463  75.057 0.0000000000
53589  -4.227  -4.486  75.216 0.0000000000
53593  -13.323  -2.247  73.995 0.0000000000
53595  -2.779  -4.728  74.226 0.0000000000
53597  -12.177  -3.073  73.694 0.0000000000
53602  -2.444  -4.426  73.766 0.0000000000
53616  -1.610  -4.842  71.228 0.0000000000
53641  -31.023  -3.065  69.278 0.0000000000
53663  -30.288  -3.127  68.986 0.0000000000
53677  -17.914  -3.521  68.211 0.0000000000
53690  -31.891  -4.136  68.162 0.0000000000
53714  -16.290  -3.805  66.724 0.0000000000
53764  -37.009  -3.506  62.914 0.0000000000
53782  -37.170  -3.056  62.445 0.0000000000
53801  -36.581  -3.410  61.701 0.0000000000
53805  -2.065  -3.574  60.357 0.0000000000
53840  -36.466  -3.015  60.914 0.0000000000
53859  -35.704  -2.879  59.631 0.0000000000
54789  -9.209  -2.631  77.231 0.0000000000
54790  -9.044  -2.110  76.698 0.0000000000
54791  -9.359  -2.224  76.369 0.0000000000
54792  -7.479  -3.061  76.166 0.0000000000
54793  -7.623  -2.940  76.440 0.0000000000
54796  -9.990  -2.097  75.941 0.0000000000
54798  -11.097  -1.762  75.688 0.0000000000
54799  -5.880  -3.502  75.527 0.0000000000
54801  -7.088  -2.936  75.867 0.0000000000
54802  -7.805  -2.779  76.458 0.0000000000
54804  -8.342  -1.690  76.793 0.0000000000
54807  -12.356  -2.069  75.034 0.0000000000
54808  -4.188  -2.970  74.950 0.0000000000
54809  -4.319  -3.171  74.988 0.0000000000
54812  -7.908  -1.663  76.824 0.0000000000
54813  -7.937  -1.522  76.958 0.0000000000
54814  -12.091  -2.160  75.132 0.0000000000
54816  -13.254  -1.840  74.502 0.0000000000
54826  -14.318  -2.267  73.766 0.0000000000
54844  -19.287  -1.476  71.498 0.0000000000
54870  -29.918  -2.405  69.599 0.0000000000
54882  -32.168  -2.837  69.024 0.0000000000
54932  -37.824  -2.258  62.499 0.0000000000
54955  -37.550  -2.215  61.667 0.0000000000
55859  -9.396  -2.438  77.151 0.0000000000
55860  -9.180  -2.131  76.497 0.0000000000
55861  -9.813  -2.218  76.097 0.0000000000
55863  -7.823  -2.922  76.394 0.0000000000
55864  -8.842  -2.379  77.300 0.0000000000
55865  -9.553  -2.025  76.517 0.0000000000
55867  -10.850  -1.619  75.866 0.0000000000
55869  -12.242  -1.257  75.613 0.0000000000
55873  -7.707  -2.487  76.397 0.0000000000
55874  -8.921  -1.933  76.964 0.0000000000
55875  -8.325  -1.453  76.778 0.0000000000
55877  -12.842  -1.586  75.046 0.0000000000
55879  -13.901  -1.111  75.065 0.0000000000
55880  -4.069  -2.758  74.921 0.0000000000
55886  -7.963  -1.681  76.525 0.0000000000
55888  -13.044  -1.666  74.789 0.0000000000
55890  -14.088  -1.138  74.894 0.0000000000
55892  -3.741  -3.588  74.719 0.0000000000
55939  -32.131  -2.284  69.066 0.0000000000
55969  -1.732  -1.917  64.006 0.0000000000
55993  -37.461  -1.902  61.103 0.0000000000
56001  -37.782  -1.190  60.565 0.0000000000
56046  -35.422  -1.628  55.204 0.0000000000
56894  -9.181  -1.980  77.191 0.0000000000
56895  -9.430  -1.761  77.276 0.0000000000
56896  -9.114  -2.214  77.145 0.0000000000
56898  -9.833  -1.660  76.292 0.0000000000
56901  -11.964  -1.175  75.767 0.0000000000
56902  -9.118  -1.891  77.078 0.0000000000
56904  -8.896  -0.890  76.258 0.0000000000
56905  -12.487  -1.062  75.602 0.0000000000
56907  -13.743  -1.035  75.147 0.0000000000
56909  -4.218  -2.331  74.872 0.0000000000
56911  -5.660  -1.941  75.270 0.0000000000
56917  -13.550  -0.894  75.258 0.0000000000
56918  -13.997  -0.894  75.057 0.0000000000
56919  -3.862  -2.285  74.728 0.0000000000
56920  -4.201  -1.817  74.756 0.0000000000
56924  -3.342  -1.950  73.461 0.0000000000
56982  -2.560  -1.402  64.777 0.0000000000
57019  -37.927  -0.832  60.326 0.0000000000
57994  -9.272  -1.018  76.419 0.0000000000
57996  -11.139  -0.963  76.017 0.0000000000
57997  -12.138  -0.865  76.085 0.0000000000
57998  -12.283  -0.916  75.734 0.0000000000
58000  -9.750  -0.918  76.168 0.0000000000
58001  -10.838  -0.708  75.957 0.0000000000
58004  -13.110  -0.707  75.410 0.0000000000
58013  -13.086  -0.427  75.436 0.0000000000
58017  -4.176  -1.283  74.500 0.0000000000
58023  -9.655  -0.343  75.380 0.0000000000
58024  -14.153  -0.346  74.978 0.0000000000
58030  -5.803  -0.516  74.211 0.0000000000
58033  -15.371  -0.236  74.330 0.0000000000
58150  -36.698  -0.400  58.467 0.0000000000
59071  -12.574  -0.295  75.516 0.0000000000
59072  -12.934  -0.319  75.470 0.0000000000
59078  -13.850  -0.081  75.152 0.0000000000
59089  -14.973  -0.088  74.469 0.0000000000
59120  -15.758  0.476  73.604 0.0000000000
59336  -35.220  0.376  55.989 0.0000000000
59353  -6.814  1.472  54.211 0.0000000000
61720  -7.780  2.255  55.301 0.0000000000
61722  -34.161  3.106  56.042 0.0000000000
61746  -6.540  2.308  53.221 0.0000000000
62751  -35.904  3.896  58.051 0.0000000000
67130  -46.019  8.211  43.168 0.0000000000
67142  -44.545  7.592  42.246 0.0000000000
67163  -44.500  7.887  40.308 0.0000000000
67164  -45.229  8.012  40.645 0.0000000000
67165  -45.566  8.061  41.248 0.0000000000
68090  -33.295  8.715  55.611 0.0000000000
68190  -46.787  9.034  44.928 0.0000000000
68228  -46.541  8.727  41.833 0.0000000000
69158  -32.414  9.608  52.744 0.0000000000
69186  -33.812  10.023  50.231 0.0000000000
69258  -48.476  9.598  45.182 0.0000000000
69280  -49.253  10.022  42.883 0.0000000000
69317  -45.030  9.369  39.194 0.0000000000
70241  -43.627  10.650  49.147 0.0000000000
71201  -34.027  11.022  56.493 0.0000000000
71235  -35.491  11.651  53.565 0.0000000000
71397  -46.785  12.166  38.326 0.0000000000
73370  -35.396  12.765  58.708 0.0000000000
