#!ascii label  , from subject sub-02 vox2ras=TkReg
745
43986  -15.073  -12.985  71.884 0.0000000000
52635  -43.629  -5.835  59.587 0.0000000000
63846  -44.084  4.185  55.301 0.0000000000
65012  -52.794  5.370  48.643 0.0000000000
50430  -40.204  -8.025  60.498 0.0000000000
66017  -47.837  6.600  52.370 0.0000000000
66120  -54.979  6.298  41.476 0.0000000000
70312  -55.751  10.934  39.773 0.0000000000
50454  -45.594  -6.636  58.217 0.0000000000
57035  -47.462  -1.546  56.846 0.0000000000
59315  -44.304  0.275  57.972 0.0000000000
48294  -18.732  -10.313  74.633 0.0000000000
47136  -22.859  -11.281  72.022 0.0000000000
47196  -27.038  -11.268  69.053 0.0000000000
45172  -31.546  -12.482  66.758 0.0000000000
45186  -36.239  -13.084  64.665 0.0000000000
45198  -40.117  -12.409  63.360 0.0000000000
47385  -42.516  -9.878  60.764 0.0000000000
61743  -46.358  2.887  53.971 0.0000000000
71388  -55.897  12.396  38.581 0.0000000000
52636  -44.856  -5.707  59.905 0.0000000000
55998  -45.711  -2.767  59.078 0.0000000000
56002  -44.492  -2.543  58.562 0.0000000000
47147  -18.755  -10.383  71.630 0.0000000000
47117  -20.717  -10.502  73.784 0.0000000000
46223  -36.742  -11.672  63.300 0.0000000000
44132  -38.391  -12.691  63.642 0.0000000000
47339  -38.335  -10.998  62.820 0.0000000000
50432  -41.871  -7.363  60.537 0.0000000000
49417  -41.322  -8.822  61.798 0.0000000000
50434  -43.529  -7.310  60.978 0.0000000000
49453  -44.210  -8.327  59.685 0.0000000000
62743  -45.428  2.604  57.244 0.0000000000
60613  -46.432  1.475  55.888 0.0000000000
64896  -46.087  4.576  55.781 0.0000000000
64982  -50.154  5.982  50.539 0.0000000000
63883  -49.956  4.705  52.188 0.0000000000
63910  -51.984  4.299  50.424 0.0000000000
61809  -53.453  2.848  48.390 0.0000000000
66098  -57.209  6.492  42.761 0.0000000000
65051  -56.244  5.718  44.229 0.0000000000
48432  -38.205  -8.840  61.029 0.0000000000
63941  -48.871  5.124  48.018 0.0000000000
68238  -55.790  8.731  40.835 0.0000000000
68233  -57.918  7.986  41.147 0.0000000000
70336  -56.750  11.065  37.427 0.0000000000
50512  -45.379  -7.329  55.589 0.0000000000
53881  -47.099  -3.938  57.487 0.0000000000
58134  -46.133  -0.880  58.225 0.0000000000
45073  -17.107  -11.561  75.076 0.0000000000
44011  -23.463  -13.299  71.019 0.0000000000
47173  -25.692  -11.191  70.604 0.0000000000
44032  -25.468  -13.166  70.031 0.0000000000
44085  -27.618  -13.630  67.914 0.0000000000
44099  -30.005  -13.403  67.029 0.0000000000
42815  -32.495  -13.578  65.703 0.0000000000
45183  -33.245  -12.688  65.313 0.0000000000
42884  -36.901  -13.973  63.181 0.0000000000
48389  -39.999  -9.938  62.277 0.0000000000
46241  -41.238  -11.232  61.823 0.0000000000
45216  -41.105  -12.058  60.232 0.0000000000
46275  -42.487  -10.182  58.539 0.0000000000
48497  -43.996  -8.803  57.393 0.0000000000
64927  -48.161  5.209  53.944 0.0000000000
65034  -54.038  5.661  45.649 0.0000000000
65021  -54.502  4.702  46.938 0.0000000000
45095  -15.221  -12.503  73.646 0.0000000000
52615  -44.176  -5.654  60.037 0.0000000000
54957  -44.787  -3.994  59.180 0.0000000000
53803  -44.382  -4.894  59.133 0.0000000000
47358  -36.025  -10.894  62.036 0.0000000000
46239  -37.076  -11.135  62.725 0.0000000000
47382  -36.800  -10.199  61.633 0.0000000000
51501  -42.563  -6.552  59.885 0.0000000000
50433  -42.594  -7.518  60.947 0.0000000000
51488  -43.458  -6.506  60.458 0.0000000000
51489  -44.228  -6.441  60.557 0.0000000000
63816  -45.642  3.731  56.662 0.0000000000
64894  -45.250  4.772  55.944 0.0000000000
64999  -50.955  5.851  49.589 0.0000000000
64984  -51.734  5.008  50.526 0.0000000000
65001  -52.546  4.763  49.456 0.0000000000
62843  -52.783  3.560  49.519 0.0000000000
63943  -53.424  4.152  48.781 0.0000000000
66099  -57.819  6.182  42.255 0.0000000000
65052  -57.087  5.716  43.445 0.0000000000
63994  -58.095  4.698  41.912 0.0000000000
68249  -54.332  8.495  40.011 0.0000000000
69298  -55.495  9.667  40.326 0.0000000000
68231  -56.641  8.697  41.109 0.0000000000
69300  -57.437  9.286  40.627 0.0000000000
69312  -58.155  8.923  40.210 0.0000000000
70313  -56.637  10.877  39.710 0.0000000000
71389  -56.684  11.776  38.339 0.0000000000
50493  -45.634  -6.834  56.659 0.0000000000
51539  -45.807  -6.140  56.488 0.0000000000
52684  -46.247  -5.296  58.108 0.0000000000
58124  -44.938  -1.032  58.764 0.0000000000
57015  -45.974  -1.899  58.681 0.0000000000
59306  -44.751  0.238  58.443 0.0000000000
61690  -44.896  1.728  57.819 0.0000000000
60593  -43.934  1.199  57.477 0.0000000000
45098  -18.425  -12.600  73.930 0.0000000000
46093  -19.359  -11.539  74.702 0.0000000000
47135  -22.246  -11.011  72.553 0.0000000000
47216  -26.521  -10.715  69.152 0.0000000000
47174  -26.479  -11.293  69.963 0.0000000000
45132  -25.633  -11.973  70.761 0.0000000000
45151  -26.787  -12.089  69.536 0.0000000000
44051  -26.545  -13.200  69.038 0.0000000000
45152  -27.505  -12.077  68.861 0.0000000000
44089  -31.119  -12.685  67.156 0.0000000000
42814  -31.598  -13.645  66.165 0.0000000000
44101  -31.813  -13.007  66.561 0.0000000000
46209  -35.270  -12.281  64.176 0.0000000000
46196  -33.850  -12.528  64.927 0.0000000000
45185  -35.145  -13.107  64.492 0.0000000000
42817  -34.171  -13.707  64.744 0.0000000000
44116  -35.975  -13.439  64.371 0.0000000000
42866  -35.824  -14.126  63.786 0.0000000000
42843  -36.587  -13.549  64.302 0.0000000000
45197  -39.348  -12.343  63.577 0.0000000000
44147  -38.803  -12.862  63.345 0.0000000000
44160  -39.691  -13.136  62.973 0.0000000000
45203  -40.367  -12.758  62.562 0.0000000000
48411  -39.136  -9.279  61.773 0.0000000000
49416  -40.408  -9.043  61.671 0.0000000000
48392  -42.359  -9.364  61.868 0.0000000000
48391  -41.606  -9.501  62.075 0.0000000000
46242  -41.639  -10.825  61.335 0.0000000000
46252  -41.369  -11.314  61.150 0.0000000000
46253  -41.785  -10.823  60.610 0.0000000000
46254  -42.360  -10.227  60.064 0.0000000000
50445  -44.993  -7.225  59.352 0.0000000000
48481  -44.206  -8.338  58.610 0.0000000000
49498  -44.916  -7.867  57.336 0.0000000000
49523  -45.009  -7.878  56.456 0.0000000000
48304  -17.482  -9.793  73.765 0.0000000000
48286  -17.455  -10.398  75.052 0.0000000000
46080  -16.602  -11.093  75.662 0.0000000000
55012  -46.908  -3.358  56.638 0.0000000000
57049  -46.855  -1.846  56.304 0.0000000000
61736  -46.307  2.485  55.032 0.0000000000
66004  -46.450  6.591  53.150 0.0000000000
65975  -46.997  6.007  54.448 0.0000000000
65991  -48.141  6.013  53.547 0.0000000000
62814  -50.598  3.847  51.495 0.0000000000
62803  -49.649  4.204  52.371 0.0000000000
65044  -55.956  5.293  45.080 0.0000000000
65043  -55.471  5.637  44.978 0.0000000000
65036  -55.410  5.133  45.473 0.0000000000
65029  -54.703  4.961  46.284 0.0000000000
63966  -55.177  4.454  45.978 0.0000000000
62900  -54.714  3.709  46.805 0.0000000000
70323  -54.563  11.374  38.462 0.0000000000
71377  -55.389  11.668  39.008 0.0000000000
71387  -55.015  12.548  38.356 0.0000000000
73626  -54.981  13.442  37.606 0.0000000000
52662  -45.473  -6.158  59.205 0.0000000000
52638  -45.890  -5.150  58.995 0.0000000000
53823  -45.398  -4.692  59.564 0.0000000000
55996  -45.164  -2.858  59.006 0.0000000000
57020  -44.405  -1.512  58.505 0.0000000000
48318  -18.911  -9.863  73.323 0.0000000000
48295  -19.919  -10.030  74.343 0.0000000000
47151  -22.683  -10.648  71.904 0.0000000000
46210  -36.370  -12.249  63.980 0.0000000000
45193  -36.887  -12.893  64.049 0.0000000000
46211  -37.386  -12.144  63.686 0.0000000000
46212  -38.312  -12.014  63.497 0.0000000000
46226  -39.555  -11.589  63.351 0.0000000000
50431  -41.024  -7.765  60.572 0.0000000000
50423  -41.170  -8.324  61.120 0.0000000000
50424  -41.848  -8.148  61.253 0.0000000000
49429  -42.474  -8.119  61.537 0.0000000000
48412  -42.990  -9.132  61.348 0.0000000000
48413  -43.395  -9.070  60.628 0.0000000000
49441  -44.206  -8.234  60.309 0.0000000000
50444  -44.887  -7.381  60.040 0.0000000000
47146  -17.707  -10.431  71.505 0.0000000000
59326  -46.431  0.378  57.235 0.0000000000
58161  -46.858  -0.504  56.355 0.0000000000
60605  -46.301  1.440  56.765 0.0000000000
61728  -46.367  2.549  56.169 0.0000000000
63860  -46.810  4.304  55.055 0.0000000000
64968  -48.873  6.372  51.520 0.0000000000
66007  -49.002  6.118  52.387 0.0000000000
64969  -50.072  5.724  51.271 0.0000000000
63896  -51.007  4.550  51.353 0.0000000000
66097  -56.402  6.719  42.785 0.0000000000
66073  -55.746  6.280  43.557 0.0000000000
66075  -56.577  6.231  43.428 0.0000000000
63985  -56.898  4.929  43.861 0.0000000000
52661  -42.982  -5.507  59.003 0.0000000000
51513  -41.716  -6.259  59.157 0.0000000000
64924  -44.725  5.770  54.510 0.0000000000
64980  -47.825  5.917  50.533 0.0000000000
64997  -48.663  5.807  49.588 0.0000000000
64998  -49.848  5.995  49.606 0.0000000000
65010  -50.616  5.690  48.360 0.0000000000
66136  -55.488  7.571  41.163 0.0000000000
66122  -56.395  7.345  42.049 0.0000000000
67159  -57.530  7.405  41.646 0.0000000000
67160  -58.225  7.394  40.978 0.0000000000
71379  -56.945  11.277  39.107 0.0000000000
70325  -57.242  10.937  38.841 0.0000000000
51554  -45.666  -6.026  55.675 0.0000000000
52749  -46.351  -4.662  56.465 0.0000000000
56017  -47.603  -2.753  57.341 0.0000000000
53844  -46.684  -3.891  58.386 0.0000000000
56009  -47.233  -2.647  58.115 0.0000000000
58142  -46.949  -1.005  57.777 0.0000000000
60594  -45.672  1.217  57.738 0.0000000000
62741  -44.667  2.759  57.213 0.0000000000
54985  -44.004  -3.570  58.341 0.0000000000
57034  -43.749  -1.489  57.864 0.0000000000
59324  -43.378  0.909  57.065 0.0000000000
45096  -16.305  -12.421  73.750 0.0000000000
45113  -17.803  -12.878  73.325 0.0000000000
42747  -23.100  -14.057  69.911 0.0000000000
47191  -22.608  -10.515  69.913 0.0000000000
47171  -23.822  -10.576  71.055 0.0000000000
46118  -24.053  -11.366  71.456 0.0000000000
44031  -24.614  -13.307  70.272 0.0000000000
42811  -28.437  -14.021  66.643 0.0000000000
42812  -29.434  -13.813  66.613 0.0000000000
46179  -31.292  -11.272  66.299 0.0000000000
46181  -32.878  -12.574  65.518 0.0000000000
45178  -32.162  -12.673  66.201 0.0000000000
44102  -32.729  -13.183  65.710 0.0000000000
42840  -34.025  -13.997  64.723 0.0000000000
44146  -37.689  -13.397  63.238 0.0000000000
48387  -38.158  -9.979  62.059 0.0000000000
48371  -39.272  -10.449  62.474 0.0000000000
47341  -39.987  -10.718  62.931 0.0000000000
48390  -40.817  -9.653  62.160 0.0000000000
47364  -41.050  -10.474  62.254 0.0000000000
46228  -40.827  -11.430  62.570 0.0000000000
45204  -40.795  -12.102  62.175 0.0000000000
45215  -40.617  -12.708  60.561 0.0000000000
46289  -41.975  -10.338  57.272 0.0000000000
47413  -43.211  -9.389  59.218 0.0000000000
47422  -42.797  -9.662  57.921 0.0000000000
47434  -42.805  -9.662  56.364 0.0000000000
48507  -43.960  -8.936  55.631 0.0000000000
45072  -15.985  -11.475  75.289 0.0000000000
65959  -45.811  5.908  55.026 0.0000000000
64911  -47.062  5.076  54.726 0.0000000000
62782  -47.705  4.310  54.277 0.0000000000
63873  -48.956  4.795  53.076 0.0000000000
62791  -48.919  4.313  53.067 0.0000000000
62801  -47.738  3.357  52.808 0.0000000000
63951  -50.315  5.153  47.414 0.0000000000
65018  -51.755  5.485  47.448 0.0000000000
65049  -54.713  5.694  44.148 0.0000000000
63979  -54.336  5.402  44.343 0.0000000000
63963  -53.028  5.320  46.135 0.0000000000
65019  -52.813  5.699  47.628 0.0000000000
65020  -53.787  4.995  47.490 0.0000000000
62885  -54.299  3.605  47.398 0.0000000000
52614  -43.807  -5.817  59.804 0.0000000000
53821  -44.048  -5.105  58.992 0.0000000000
46250  -35.123  -11.105  61.658 0.0000000000
47359  -36.573  -10.794  62.129 0.0000000000
47399  -36.167  -10.155  61.242 0.0000000000
52613  -43.389  -6.142  59.795 0.0000000000
51487  -42.877  -6.616  60.131 0.0000000000
63830  -44.757  4.173  56.266 0.0000000000
64882  -44.777  4.158  56.452 0.0000000000
64893  -44.664  4.575  55.728 0.0000000000
65000  -51.877  5.482  49.618 0.0000000000
65002  -53.153  4.491  49.105 0.0000000000
63995  -58.311  5.197  41.531 0.0000000000
65068  -58.206  5.604  41.906 0.0000000000
69310  -55.233  10.283  39.930 0.0000000000
70302  -55.694  10.374  40.150 0.0000000000
69299  -56.539  9.374  40.755 0.0000000000
70303  -56.229  10.334  40.278 0.0000000000
70304  -57.091  10.127  40.232 0.0000000000
50473  -45.640  -6.865  57.422 0.0000000000
51530  -45.865  -6.353  57.151 0.0000000000
51522  -45.831  -6.270  57.815 0.0000000000
59295  -44.910  -0.630  58.886 0.0000000000
59297  -45.104  -0.088  58.703 0.0000000000
59305  -44.433  0.056  58.592 0.0000000000
60585  -44.557  1.093  57.890 0.0000000000
47096  -18.176  -10.839  74.800 0.0000000000
47097  -19.098  -10.728  74.718 0.0000000000
47195  -26.512  -10.975  69.709 0.0000000000
47175  -26.697  -11.364  69.552 0.0000000000
46130  -26.560  -11.581  69.864 0.0000000000
46138  -26.955  -11.603  69.223 0.0000000000
46150  -31.060  -12.058  67.241 0.0000000000
45171  -31.085  -12.305  67.208 0.0000000000
44090  -31.361  -12.618  66.943 0.0000000000
45192  -35.889  -12.751  64.433 0.0000000000
45191  -34.751  -12.697  64.550 0.0000000000
44115  -35.056  -13.457  64.393 0.0000000000
42842  -36.324  -13.512  64.293 0.0000000000
44117  -36.526  -13.560  64.515 0.0000000000
44148  -39.561  -12.719  63.361 0.0000000000
49427  -39.380  -8.688  61.250 0.0000000000
49428  -40.455  -8.422  61.018 0.0000000000
47366  -42.380  -9.850  61.412 0.0000000000
47384  -41.992  -10.338  61.183 0.0000000000
50453  -45.263  -7.103  58.561 0.0000000000
50463  -45.577  -6.868  57.992 0.0000000000
50472  -45.387  -7.392  56.975 0.0000000000
48293  -17.636  -10.011  74.726 0.0000000000
47095  -17.253  -10.663  75.181 0.0000000000
57041  -47.271  -1.895  56.756 0.0000000000
56037  -46.695  -2.604  56.294 0.0000000000
61742  -46.129  2.141  54.320 0.0000000000
61751  -46.087  2.189  53.627 0.0000000000
61752  -46.553  2.590  52.989 0.0000000000
66016  -47.057  6.583  52.595 0.0000000000
66005  -47.404  6.626  53.201 0.0000000000
65092  -54.747  5.588  42.064 0.0000000000
63974  -56.044  4.787  45.226 0.0000000000
65030  -55.239  4.827  45.748 0.0000000000
52637  -45.471  -5.675  59.441 0.0000000000
54956  -44.618  -3.776  58.811 0.0000000000
55995  -44.703  -2.637  58.682 0.0000000000
57012  -44.655  -1.652  58.616 0.0000000000
47131  -18.967  -10.001  72.738 0.0000000000
47169  -21.781  -10.291  70.949 0.0000000000
46222  -35.649  -11.781  63.409 0.0000000000
47338  -37.885  -11.064  62.766 0.0000000000
46224  -37.808  -11.522  63.070 0.0000000000
46225  -38.727  -11.500  63.226 0.0000000000
50443  -41.449  -7.227  60.238 0.0000000000
49430  -43.006  -8.111  61.401 0.0000000000
49431  -43.667  -8.242  61.015 0.0000000000
51502  -44.881  -6.547  60.078 0.0000000000
51503  -45.236  -6.624  59.539 0.0000000000
47115  -18.315  -9.946  73.265 0.0000000000
60600  -46.029  1.335  57.335 0.0000000000
61719  -46.061  2.434  56.907 0.0000000000
63832  -46.286  4.150  56.404 0.0000000000
62767  -46.220  3.474  56.377 0.0000000000
63847  -46.384  4.342  55.646 0.0000000000
62775  -46.509  3.571  55.518 0.0000000000
66027  -49.573  6.039  51.201 0.0000000000
66019  -49.356  6.073  51.775 0.0000000000
64971  -51.285  4.856  51.083 0.0000000000
63909  -51.485  4.480  50.931 0.0000000000
62824  -51.483  3.745  50.729 0.0000000000
62825  -52.176  3.635  50.041 0.0000000000
52633  -42.621  -6.022  59.434 0.0000000000
65008  -48.335  5.356  48.673 0.0000000000
65009  -49.358  5.596  48.709 0.0000000000
68237  -55.016  8.974  40.281 0.0000000000
67167  -54.956  8.026  40.572 0.0000000000
67168  -55.607  8.107  41.015 0.0000000000
67157  -56.066  8.027  41.438 0.0000000000
68232  -57.452  8.519  41.114 0.0000000000
67158  -56.824  7.911  41.656 0.0000000000
68241  -58.153  8.410  40.615 0.0000000000
69311  -57.814  9.482  39.918 0.0000000000
71378  -56.263  11.542  39.121 0.0000000000
50534  -45.390  -7.315  55.122 0.0000000000
50535  -45.566  -6.756  55.032 0.0000000000
52729  -46.634  -4.728  57.041 0.0000000000
52728  -46.072  -5.354  56.439 0.0000000000
53898  -46.861  -4.026  56.829 0.0000000000
55000  -47.516  -3.421  57.578 0.0000000000
54959  -45.896  -3.676  59.271 0.0000000000
53843  -46.332  -4.608  58.554 0.0000000000
54971  -46.440  -3.645  58.755 0.0000000000
58133  -45.569  -0.488  58.456 0.0000000000
57021  -46.506  -1.918  58.409 0.0000000000
58135  -46.726  -1.314  58.003 0.0000000000
57027  -47.372  -2.056  58.075 0.0000000000
58141  -46.589  -0.737  57.746 0.0000000000
59316  -46.176  0.177  57.711 0.0000000000
59308  -45.690  0.256  58.164 0.0000000000
61703  -44.660  2.173  57.477 0.0000000000
45082  -16.743  -12.012  74.667 0.0000000000
45112  -16.998  -12.800  72.914 0.0000000000
45097  -17.386  -12.455  73.902 0.0000000000
45099  -19.363  -12.432  73.920 0.0000000000
47107  -20.628  -10.739  73.974 0.0000000000
44010  -22.546  -13.365  71.305 0.0000000000
44029  -22.878  -13.811  70.573 0.0000000000
44030  -23.769  -13.695  70.270 0.0000000000
47192  -23.709  -10.517  70.064 0.0000000000
47153  -24.653  -11.243  71.146 0.0000000000
46119  -24.463  -11.726  71.281 0.0000000000
47154  -25.089  -11.398  70.960 0.0000000000
45142  -25.975  -12.354  70.404 0.0000000000
45141  -24.977  -12.728  70.605 0.0000000000
44048  -24.382  -13.754  69.726 0.0000000000
44049  -25.064  -13.591  69.542 0.0000000000
42762  -25.369  -13.793  68.888 0.0000000000
44069  -27.309  -13.427  68.305 0.0000000000
44068  -26.582  -13.562  68.472 0.0000000000
42779  -27.028  -13.762  68.134 0.0000000000
42794  -27.544  -13.833  67.603 0.0000000000
44088  -30.292  -12.716  67.449 0.0000000000
44087  -29.129  -13.228  67.523 0.0000000000
44098  -29.430  -13.554  67.078 0.0000000000
42796  -29.142  -13.608  67.100 0.0000000000
42813  -30.582  -13.770  66.373 0.0000000000
42837  -31.153  -14.120  65.612 0.0000000000
42838  -32.177  -14.039  65.426 0.0000000000
42862  -31.610  -14.323  64.844 0.0000000000
42863  -32.659  -14.287  64.737 0.0000000000
45184  -33.919  -12.765  64.962 0.0000000000
46195  -33.185  -12.399  65.235 0.0000000000
45179  -33.074  -12.832  65.466 0.0000000000
44103  -33.626  -13.325  65.135 0.0000000000
42818  -34.680  -13.650  64.494 0.0000000000
42864  -33.637  -14.288  64.513 0.0000000000
42867  -36.746  -13.974  63.936 0.0000000000
42883  -36.082  -14.517  62.944 0.0000000000
44131  -37.798  -12.907  63.651 0.0000000000
44130  -36.743  -13.363  64.014 0.0000000000
48409  -37.424  -9.774  61.540 0.0000000000
48410  -38.428  -9.204  61.565 0.0000000000
49415  -39.613  -9.409  61.834 0.0000000000
48388  -39.100  -9.933  62.194 0.0000000000
48372  -39.522  -10.400  62.533 0.0000000000
45209  -41.327  -11.556  60.659 0.0000000000
45208  -40.980  -11.991  61.208 0.0000000000
46274  -42.031  -10.876  58.958 0.0000000000
46282  -42.421  -10.049  58.080 0.0000000000
48433  -43.592  -8.886  59.934 0.0000000000
47401  -43.100  -9.448  59.603 0.0000000000
48457  -43.753  -8.710  59.074 0.0000000000
48479  -43.430  -9.141  57.979 0.0000000000
48496  -43.372  -9.269  57.194 0.0000000000
47427  -42.810  -9.611  57.108 0.0000000000
48501  -43.367  -9.348  56.355 0.0000000000
48502  -43.992  -8.909  56.541 0.0000000000
49535  -45.091  -7.779  55.551 0.0000000000
49544  -44.562  -8.269  55.023 0.0000000000
49545  -45.054  -7.714  54.867 0.0000000000
46085  -16.471  -11.177  75.411 0.0000000000
59341  -46.492  0.410  55.709 0.0000000000
58170  -46.478  -0.657  55.687 0.0000000000
65987  -45.098  6.248  53.966 0.0000000000
64908  -45.171  5.496  55.270 0.0000000000
65976  -47.434  5.956  54.238 0.0000000000
64925  -46.912  5.573  54.596 0.0000000000
64926  -47.555  5.517  54.310 0.0000000000
63861  -47.430  4.715  54.575 0.0000000000
63871  -48.006  4.580  54.177 0.0000000000
64955  -49.568  5.401  52.279 0.0000000000
64954  -48.862  5.864  52.757 0.0000000000
63882  -49.443  4.752  52.633 0.0000000000
62802  -48.777  3.600  52.459 0.0000000000
62790  -48.078  3.984  53.660 0.0000000000
61754  -47.995  3.088  52.128 0.0000000000
65017  -50.969  5.428  47.603 0.0000000000
66074  -56.043  6.296  43.584 0.0000000000
65050  -55.439  6.000  44.078 0.0000000000
65042  -54.564  5.699  44.873 0.0000000000
65041  -53.951  5.529  45.146 0.0000000000
63978  -53.688  4.813  44.482 0.0000000000
63972  -53.530  5.336  45.493 0.0000000000
63964  -53.602  5.591  45.974 0.0000000000
65028  -53.687  5.525  46.475 0.0000000000
63953  -53.823  4.158  47.975 0.0000000000
63954  -54.407  4.305  47.247 0.0000000000
53822  -44.760  -4.784  59.620 0.0000000000
53804  -44.419  -5.046  59.420 0.0000000000
54945  -44.615  -4.373  59.040 0.0000000000
54970  -44.355  -3.708  58.562 0.0000000000
46238  -35.966  -11.230  62.490 0.0000000000
46240  -37.633  -11.084  62.743 0.0000000000
47360  -37.635  -10.590  62.344 0.0000000000
51486  -42.299  -6.798  60.108 0.0000000000
62742  -45.153  2.923  57.140 0.0000000000
62756  -45.695  3.181  56.906 0.0000000000
63815  -45.223  3.717  56.677 0.0000000000
63831  -45.646  4.153  56.437 0.0000000000
64895  -45.795  4.652  55.931 0.0000000000
64983  -50.996  5.629  50.540 0.0000000000
64985  -52.204  4.600  50.088 0.0000000000
63929  -52.448  4.176  49.815 0.0000000000
62844  -53.324  3.556  49.015 0.0000000000
62866  -53.605  3.643  48.424 0.0000000000
66123  -57.576  6.705  42.122 0.0000000000
65067  -57.705  5.583  42.613 0.0000000000
69297  -54.997  9.391  40.145 0.0000000000
68230  -56.214  8.605  41.110 0.0000000000
68239  -56.319  8.864  40.952 0.0000000000
69293  -56.976  9.039  40.937 0.0000000000
69301  -57.969  9.082  40.451 0.0000000000
70314  -57.239  10.569  39.409 0.0000000000
72533  -55.627  13.246  38.206 0.0000000000
72534  -56.173  12.911  38.173 0.0000000000
72543  -56.340  12.976  37.474 0.0000000000
52706  -46.227  -5.564  57.264 0.0000000000
52707  -46.639  -4.664  57.678 0.0000000000
57014  -45.470  -1.889  58.751 0.0000000000
56003  -46.257  -2.750  58.870 0.0000000000
58126  -45.657  -1.206  58.553 0.0000000000
59307  -45.206  0.185  58.492 0.0000000000
60587  -45.031  0.978  58.253 0.0000000000
61689  -44.687  1.574  57.727 0.0000000000
61712  -43.740  2.234  57.137 0.0000000000
45074  -18.133  -11.661  74.888 0.0000000000
45083  -17.829  -12.118  74.667 0.0000000000
45084  -18.866  -12.035  74.689 0.0000000000
45085  -19.833  -11.893  74.268 0.0000000000
45117  -23.505  -12.203  71.653 0.0000000000
46120  -25.469  -11.631  70.777 0.0000000000
46129  -26.090  -11.613  70.502 0.0000000000
44033  -26.114  -13.079  69.738 0.0000000000
45150  -26.481  -12.687  69.578 0.0000000000
44052  -27.031  -12.691  68.904 0.0000000000
44070  -28.048  -12.714  68.345 0.0000000000
44100  -30.990  -13.232  66.920 0.0000000000
46208  -34.080  -12.245  64.552 0.0000000000
45190  -34.149  -12.598  64.805 0.0000000000
45180  -34.106  -13.084  64.897 0.0000000000
42841  -35.133  -13.772  64.343 0.0000000000
45195  -38.694  -12.395  63.646 0.0000000000
44173  -39.709  -13.455  61.832 0.0000000000
45207  -40.515  -12.807  61.576 0.0000000000
49426  -38.579  -8.773  61.136 0.0000000000
47365  -41.848  -10.273  61.807 0.0000000000
45217  -41.559  -11.453  60.011 0.0000000000
46265  -41.932  -10.840  59.721 0.0000000000
46266  -42.547  -10.221  59.342 0.0000000000
49454  -44.562  -7.879  59.120 0.0000000000
48458  -44.309  -8.192  58.809 0.0000000000
49472  -44.644  -7.977  58.261 0.0000000000
49522  -44.533  -8.392  56.878 0.0000000000
48317  -16.928  -9.898  73.125 0.0000000000
48292  -16.628  -9.760  74.730 0.0000000000
48285  -16.763  -9.924  75.269 0.0000000000
46086  -17.361  -11.110  75.129 0.0000000000
60620  -46.331  1.708  55.248 0.0000000000
59340  -46.214  0.808  55.015 0.0000000000
60619  -46.182  1.589  54.723 0.0000000000
66003  -45.442  6.332  53.295 0.0000000000
65988  -45.925  6.483  53.965 0.0000000000
65989  -46.817  6.505  53.925 0.0000000000
65990  -47.629  6.186  53.861 0.0000000000
64941  -47.995  5.841  53.815 0.0000000000
62804  -50.208  4.345  51.998 0.0000000000
65035  -54.689  5.438  45.623 0.0000000000
63965  -54.805  4.353  46.583 0.0000000000
70311  -54.691  10.645  39.274 0.0000000000
72541  -54.806  13.069  37.836 0.0000000000
72532  -55.162  13.266  38.133 0.0000000000
73627  -55.544  13.573  37.592 0.0000000000
51514  -45.394  -6.523  58.999 0.0000000000
52663  -45.758  -5.675  58.810 0.0000000000
53824  -45.946  -4.584  59.145 0.0000000000
54958  -45.287  -3.741  59.413 0.0000000000
55997  -45.250  -2.787  59.020 0.0000000000
57013  -45.054  -1.802  58.747 0.0000000000
58140  -44.115  -0.686  58.162 0.0000000000
48305  -18.603  -9.916  73.874 0.0000000000
47105  -19.436  -10.439  74.607 0.0000000000
48306  -19.563  -9.960  74.089 0.0000000000
48307  -20.377  -10.030  73.788 0.0000000000
47133  -20.907  -10.060  73.093 0.0000000000
47134  -21.619  -10.573  72.856 0.0000000000
46165  -31.318  -11.963  66.945 0.0000000000
45187  -36.540  -13.375  64.354 0.0000000000
45194  -37.955  -12.532  63.640 0.0000000000
46213  -38.966  -11.955  63.572 0.0000000000
50425  -42.166  -8.044  61.410 0.0000000000
49418  -42.080  -8.566  61.890 0.0000000000
49419  -42.658  -8.649  61.731 0.0000000000
47386  -42.917  -9.576  60.147 0.0000000000
50435  -44.336  -7.377  60.666 0.0000000000
49442  -44.697  -7.879  59.741 0.0000000000
47130  -17.854  -10.176  72.638 0.0000000000
59327  -46.853  -0.502  57.221 0.0000000000
59333  -47.016  -0.634  56.894 0.0000000000
59332  -46.638  0.299  56.644 0.0000000000
62781  -47.017  3.803  54.461 0.0000000000
64967  -48.272  6.381  51.525 0.0000000000
66018  -48.771  6.510  52.046 0.0000000000
64956  -50.214  4.961  51.910 0.0000000000
64970  -50.719  5.137  51.364 0.0000000000
63895  -50.487  4.605  51.748 0.0000000000
66121  -55.668  6.773  41.939 0.0000000000
65093  -55.483  6.275  42.606 0.0000000000
66096  -55.859  6.434  43.032 0.0000000000
63980  -56.408  4.873  44.649 0.0000000000
52634  -43.149  -5.943  59.485 0.0000000000
53820  -43.762  -5.281  59.036 0.0000000000
53841  -43.587  -5.139  58.747 0.0000000000
50442  -40.935  -7.156  59.945 0.0000000000
51500  -42.009  -6.575  59.826 0.0000000000
64906  -43.508  4.541  54.643 0.0000000000
64907  -44.419  4.928  54.910 0.0000000000
64940  -44.379  5.936  53.747 0.0000000000
66002  -44.839  6.163  53.442 0.0000000000
64953  -46.581  6.431  52.481 0.0000000000
64966  -46.919  6.178  51.704 0.0000000000
64981  -49.094  6.146  50.793 0.0000000000
65011  -51.834  5.612  48.583 0.0000000000
66135  -54.849  6.914  40.906 0.0000000000
67145  -56.938  7.210  42.278 0.0000000000
67146  -57.279  6.963  42.236 0.0000000000
66124  -58.105  6.482  41.557 0.0000000000
65094  -58.352  5.678  41.200 0.0000000000
71380  -57.188  11.080  39.046 0.0000000000
71390  -57.050  11.285  38.829 0.0000000000
52748  -45.842  -5.145  55.676 0.0000000000
56025  -47.370  -2.717  56.928 0.0000000000
57036  -47.503  -2.156  57.082 0.0000000000
53862  -46.511  -4.593  58.184 0.0000000000
53863  -46.937  -3.989  58.016 0.0000000000
54972  -46.946  -3.353  58.292 0.0000000000
54986  -47.377  -3.293  58.006 0.0000000000
56010  -47.528  -2.673  57.814 0.0000000000
57028  -47.503  -2.087  57.542 0.0000000000
58153  -47.239  -1.211  57.241 0.0000000000
59317  -46.628  -0.423  57.461 0.0000000000
61705  -45.283  2.015  57.581 0.0000000000
60588  -45.307  1.096  58.075 0.0000000000
53842  -44.083  -4.644  58.644 0.0000000000
56008  -43.943  -2.393  58.250 0.0000000000
56015  -43.664  -2.441  57.992 0.0000000000
57026  -43.979  -1.495  58.257 0.0000000000
58152  -43.955  -0.622  57.753 0.0000000000
59325  -43.864  0.561  57.419 0.0000000000
60599  -43.645  1.398  57.235 0.0000000000
45111  -15.832  -12.780  72.601 0.0000000000
45127  -16.523  -12.887  72.139 0.0000000000
47098  -19.701  -10.638  74.643 0.0000000000
46094  -20.156  -11.068  74.380 0.0000000000
47170  -22.832  -10.314  71.079 0.0000000000
47152  -23.596  -11.059  71.608 0.0000000000
45130  -24.165  -12.556  71.148 0.0000000000
45131  -25.135  -12.134  70.870 0.0000000000
44012  -24.111  -13.173  70.735 0.0000000000
44067  -26.252  -13.659  68.442 0.0000000000
44086  -28.035  -13.460  67.821 0.0000000000
42795  -28.604  -13.685  67.213 0.0000000000
46166  -31.777  -12.326  66.517 0.0000000000
46207  -32.933  -11.934  64.578 0.0000000000
46194  -32.206  -11.790  65.429 0.0000000000
46180  -32.246  -12.236  66.039 0.0000000000
42816  -33.364  -13.665  65.192 0.0000000000
42839  -33.129  -14.017  65.115 0.0000000000
44145  -36.898  -13.592  63.642 0.0000000000
48408  -36.900  -9.898  61.357 0.0000000000
48386  -37.656  -10.096  61.993 0.0000000000
47361  -38.602  -10.462  62.468 0.0000000000
47362  -39.027  -10.438  62.484 0.0000000000
47340  -39.141  -10.787  62.873 0.0000000000
46227  -40.397  -11.527  63.135 0.0000000000
47363  -40.477  -10.328  62.514 0.0000000000
47342  -40.579  -10.896  62.757 0.0000000000
45199  -40.697  -12.132  62.911 0.0000000000
46267  -42.757  -9.846  59.520 0.0000000000
47400  -42.933  -9.741  59.313 0.0000000000
47412  -43.108  -9.571  58.749 0.0000000000
48511  -43.317  -9.245  54.348 0.0000000000
49534  -44.562  -8.401  55.978 0.0000000000
48512  -43.905  -8.899  54.684 0.0000000000
45081  -15.610  -12.070  74.605 0.0000000000
58171  -46.918  -1.294  56.279 0.0000000000
64909  -45.783  5.352  55.373 0.0000000000
65974  -46.239  6.214  54.525 0.0000000000
64910  -46.457  5.135  55.050 0.0000000000
66006  -48.345  6.331  53.008 0.0000000000
64942  -48.525  5.481  53.349 0.0000000000
63872  -48.425  4.775  53.691 0.0000000000
62789  -47.110  3.366  53.454 0.0000000000
63942  -49.703  5.341  47.963 0.0000000000
65066  -55.438  6.126  43.201 0.0000000000
65065  -54.863  5.673  43.400 0.0000000000
63984  -54.330  5.183  43.778 0.0000000000
65027  -52.546  5.574  46.836 0.0000000000
65013  -53.338  4.731  48.630 0.0000000000
62884  -53.845  3.414  47.886 0.0000000000
61828  -54.044  2.723  47.258 0.0000000000
42778  -26.682  -13.829  68.071 0.0000000000
43988  -17.686  -13.002  72.773 0.0000000000
44053  -27.334  -12.310  68.884 0.0000000000
45075  -18.662  -11.763  74.861 0.0000000000
45143  -26.406  -11.855  70.172 0.0000000000
46081  -17.213  -10.910  75.395 0.0000000000
46088  -19.501  -11.175  74.851 0.0000000000
46089  -19.851  -10.869  74.847 0.0000000000
46092  -18.901  -11.733  74.850 0.0000000000
46121  -25.836  -11.858  70.681 0.0000000000
46128  -25.773  -11.449  70.644 0.0000000000
46251  -35.736  -10.969  61.933 0.0000000000
46255  -42.678  -9.879  59.756 0.0000000000
47104  -18.758  -10.553  74.700 0.0000000000
47116  -18.674  -9.884  73.290 0.0000000000
47383  -37.384  -10.139  61.900 0.0000000000
48287  -18.039  -10.558  74.761 0.0000000000
48296  -20.256  -10.348  74.216 0.0000000000
48320  -20.091  -9.915  73.520 0.0000000000
48456  -43.544  -8.980  58.504 0.0000000000
48480  -44.076  -8.576  58.200 0.0000000000
49471  -44.422  -8.283  58.052 0.0000000000
49497  -44.464  -8.320  57.682 0.0000000000
50462  -45.309  -7.362  57.785 0.0000000000
50492  -45.374  -7.355  56.140 0.0000000000
50513  -45.546  -6.819  55.765 0.0000000000
51515  -45.674  -6.258  58.430 0.0000000000
52685  -46.611  -4.613  57.975 0.0000000000
53864  -47.379  -3.617  58.055 0.0000000000
53882  -47.376  -3.678  57.865 0.0000000000
54946  -44.556  -4.634  59.160 0.0000000000
54987  -47.544  -3.288  57.801 0.0000000000
54999  -47.329  -3.254  57.026 0.0000000000
56004  -46.778  -2.699  58.477 0.0000000000
56016  -47.566  -2.908  57.078 0.0000000000
56026  -47.494  -2.359  56.909 0.0000000000
57022  -47.026  -1.926  58.108 0.0000000000
57042  -47.575  -2.058  56.737 0.0000000000
58123  -44.550  -0.824  58.773 0.0000000000
58125  -45.197  -0.887  58.653 0.0000000000
58132  -44.345  -0.867  58.850 0.0000000000
58143  -47.345  -1.392  57.809 0.0000000000
58154  -47.438  -1.680  57.317 0.0000000000
58162  -47.191  -1.190  56.783 0.0000000000
59296  -44.548  -0.408  58.649 0.0000000000
60586  -44.760  0.941  58.131 0.0000000000
60612  -46.346  1.212  55.317 0.0000000000
61688  -44.473  1.527  57.622 0.0000000000
61691  -45.085  1.615  57.850 0.0000000000
61702  -44.416  1.856  57.522 0.0000000000
61704  -45.054  1.993  57.648 0.0000000000
61713  -45.664  2.184  57.331 0.0000000000
61735  -46.223  2.070  54.680 0.0000000000
61791  -53.132  2.984  49.213 0.0000000000
62755  -45.438  3.416  56.815 0.0000000000
62815  -51.193  4.170  51.194 0.0000000000
63848  -46.756  4.729  54.939 0.0000000000
63862  -48.022  5.004  54.258 0.0000000000
63930  -53.026  4.143  49.350 0.0000000000
64883  -45.429  4.324  56.326 0.0000000000
64943  -49.147  5.053  52.870 0.0000000000
65960  -46.290  5.755  54.861 0.0000000000
65961  -46.632  5.629  54.697 0.0000000000
66026  -49.138  6.263  51.503 0.0000000000
68240  -57.837  8.914  40.762 0.0000000000
69292  -56.721  9.047  40.899 0.0000000000
73613  -54.835  13.413  38.101 0.0000000000
73614  -55.270  13.514  38.006 0.0000000000
