#!ascii label  , from subject sub-02 vox2ras=TkReg
987
51403  -9.011  -5.281  69.956 0.0000000000
53988  -31.444  -4.431  50.909 0.0000000000
60668  -30.881  1.237  49.962 0.0000000000
54966  -26.575  -2.891  59.932 0.0000000000
65148  -36.785  5.286  38.086 0.0000000000
66063  -31.122  7.109  43.699 0.0000000000
53893  -34.858  -4.241  56.486 0.0000000000
53906  -30.320  -3.605  55.173 0.0000000000
65063  -42.022  6.753  41.745 0.0000000000
69328  -43.885  9.572  38.102 0.0000000000
73633  -45.488  13.182  36.552 0.0000000000
67046  -31.796  7.956  52.971 0.0000000000
66038  -29.284  5.928  48.195 0.0000000000
69186  -33.812  10.023  50.231 0.0000000000
69242  -36.654  9.236  46.917 0.0000000000
52584  -19.347  -3.595  62.365 0.0000000000
49344  -5.555  -6.661  73.453 0.0000000000
57107  -33.385  -1.301  49.562 0.0000000000
62786  -32.952  3.553  54.865 0.0000000000
53852  -21.038  -2.786  58.538 0.0000000000
56042  -24.104  -2.404  54.360 0.0000000000
73689  -43.838  13.367  30.524 0.0000000000
76714  -47.694  16.360  35.012 0.0000000000
65081  -34.605  5.923  41.039 0.0000000000
67096  -39.918  7.910  44.770 0.0000000000
52499  -11.057  -4.627  66.214 0.0000000000
46105  -2.647  -11.284  72.129 0.0000000000
66143  -43.005  7.672  39.430 0.0000000000
68119  -31.984  9.469  51.488 0.0000000000
52620  -16.945  -4.851  60.222 0.0000000000
50370  -7.149  -6.010  72.474 0.0000000000
55134  -31.584  -3.554  48.240 0.0000000000
55109  -33.406  -3.081  50.379 0.0000000000
54963  -23.531  -3.008  59.557 0.0000000000
55003  -22.149  -2.791  56.184 0.0000000000
54993  -25.537  -2.227  57.648 0.0000000000
53958  -30.373  -4.695  52.859 0.0000000000
55070  -27.839  -3.361  52.526 0.0000000000
55105  -29.313  -3.954  50.394 0.0000000000
54940  -25.960  -2.991  61.606 0.0000000000
53793  -22.689  -3.334  61.434 0.0000000000
69359  -40.042  9.576  34.524 0.0000000000
72600  -42.330  12.466  31.789 0.0000000000
74703  -47.209  14.950  35.867 0.0000000000
66049  -29.746  7.306  45.549 0.0000000000
66083  -33.133  6.945  42.517 0.0000000000
68166  -38.140  8.784  46.086 0.0000000000
53756  -15.052  -3.778  63.315 0.0000000000
53727  -14.668  -3.834  65.762 0.0000000000
53695  -13.761  -3.866  67.695 0.0000000000
52558  -11.405  -5.434  64.252 0.0000000000
47178  -3.772  -11.275  70.218 0.0000000000
53944  -33.050  -4.579  53.470 0.0000000000
55074  -34.321  -2.865  52.808 0.0000000000
56045  -35.425  -2.188  54.954 0.0000000000
53837  -29.537  -3.392  60.206 0.0000000000
53875  -29.070  -2.659  57.887 0.0000000000
52697  -31.074  -3.543  57.263 0.0000000000
52759  -32.536  -5.036  55.349 0.0000000000
65127  -39.504  6.152  39.678 0.0000000000
66168  -40.133  7.178  37.929 0.0000000000
68280  -40.939  8.887  36.841 0.0000000000
70353  -42.352  11.084  35.652 0.0000000000
72572  -42.993  12.500  34.704 0.0000000000
71394  -44.891  11.258  37.359 0.0000000000
64977  -30.747  5.085  51.573 0.0000000000
62831  -29.969  3.339  49.603 0.0000000000
66035  -30.161  6.074  50.041 0.0000000000
68141  -30.870  8.824  48.960 0.0000000000
68152  -32.387  9.287  47.100 0.0000000000
68193  -33.759  8.227  44.502 0.0000000000
69226  -35.053  9.750  47.770 0.0000000000
52564  -18.207  -3.673  63.430 0.0000000000
52581  -16.508  -4.057  62.616 0.0000000000
77683  -47.075  17.509  30.125 0.0000000000
51368  -3.885  -6.743  74.566 0.0000000000
56117  -32.703  -2.159  47.836 0.0000000000
59400  -31.976  0.168  49.979 0.0000000000
58190  -34.069  -1.077  53.335 0.0000000000
60646  -32.687  0.388  52.794 0.0000000000
61758  -31.342  2.609  52.194 0.0000000000
66001  -31.976  6.099  53.680 0.0000000000
55032  -27.771  -2.780  54.473 0.0000000000
52568  -22.058  -3.369  62.911 0.0000000000
52623  -19.708  -3.533  60.512 0.0000000000
73664  -44.227  14.219  33.632 0.0000000000
75749  -44.674  15.399  32.656 0.0000000000
76752  -46.074  16.703  31.479 0.0000000000
77674  -47.867  17.868  33.396 0.0000000000
49385  -8.479  -7.735  67.377 0.0000000000
49372  -7.137  -8.088  68.709 0.0000000000
64025  -36.258  5.361  39.755 0.0000000000
67121  -35.345  7.768  43.451 0.0000000000
66087  -37.092  7.194  42.160 0.0000000000
65085  -38.388  6.368  40.991 0.0000000000
66069  -40.907  7.105  43.164 0.0000000000
51416  -9.445  -5.346  67.563 0.0000000000
49361  -5.273  -8.609  70.735 0.0000000000
48311  -3.895  -9.229  72.566 0.0000000000
48297  -2.794  -9.092  73.152 0.0000000000
51397  -8.161  -5.423  71.298 0.0000000000
55107  -31.475  -4.142  50.089 0.0000000000
55121  -31.604  -3.805  49.217 0.0000000000
55091  -32.786  -4.181  51.053 0.0000000000
54964  -24.753  -2.945  59.554 0.0000000000
54978  -24.540  -2.668  58.582 0.0000000000
54979  -25.645  -2.578  58.765 0.0000000000
53974  -31.430  -4.751  51.737 0.0000000000
53973  -30.373  -4.602  51.859 0.0000000000
53987  -30.729  -4.485  51.144 0.0000000000
55119  -29.492  -3.794  49.500 0.0000000000
54953  -27.359  -3.177  61.013 0.0000000000
53777  -27.233  -3.345  62.110 0.0000000000
54951  -25.785  -2.972  60.603 0.0000000000
54949  -24.174  -3.107  60.421 0.0000000000
72599  -41.829  12.010  32.288 0.0000000000
59418  -31.339  0.300  48.746 0.0000000000
59417  -30.568  0.644  48.571 0.0000000000
66054  -30.743  7.296  44.469 0.0000000000
65048  -30.086  6.393  43.347 0.0000000000
66082  -32.141  6.825  42.591 0.0000000000
53770  -13.522  -4.381  63.194 0.0000000000
53740  -14.478  -3.905  64.752 0.0000000000
53754  -13.588  -4.283  64.096 0.0000000000
52521  -12.921  -4.310  65.395 0.0000000000
52559  -11.907  -5.222  63.695 0.0000000000
53927  -33.772  -4.399  54.434 0.0000000000
53929  -35.203  -3.199  54.754 0.0000000000
55009  -35.282  -3.004  56.086 0.0000000000
52626  -30.438  -3.593  60.843 0.0000000000
52651  -30.346  -3.201  59.386 0.0000000000
52675  -31.125  -3.242  58.361 0.0000000000
52725  -34.588  -4.076  57.405 0.0000000000
52723  -33.147  -5.018  57.027 0.0000000000
53892  -34.207  -4.748  56.047 0.0000000000
53926  -32.708  -4.807  54.602 0.0000000000
65112  -40.395  6.439  40.514 0.0000000000
65140  -39.626  6.296  38.981 0.0000000000
65129  -41.398  6.830  39.917 0.0000000000
68256  -43.704  8.750  38.616 0.0000000000
67201  -42.171  7.896  37.965 0.0000000000
69326  -42.429  9.093  37.292 0.0000000000
70339  -41.535  10.063  36.239 0.0000000000
70329  -43.475  10.249  37.250 0.0000000000
70341  -43.357  10.954  36.564 0.0000000000
70330  -44.576  10.442  37.834 0.0000000000
66015  -31.013  5.920  52.382 0.0000000000
64976  -30.490  5.205  50.906 0.0000000000
66014  -30.939  6.849  52.002 0.0000000000
69173  -32.955  9.985  50.901 0.0000000000
68132  -30.969  8.801  50.156 0.0000000000
68142  -31.797  9.400  49.231 0.0000000000
68147  -31.117  8.900  47.758 0.0000000000
69207  -32.558  9.596  48.466 0.0000000000
69239  -33.722  9.622  47.052 0.0000000000
69209  -34.390  9.951  48.614 0.0000000000
52566  -20.202  -3.181  63.280 0.0000000000
52546  -20.114  -3.124  64.271 0.0000000000
52583  -18.395  -3.910  62.385 0.0000000000
52600  -16.584  -4.475  61.399 0.0000000000
78607  -48.301  18.498  30.908 0.0000000000
79538  -48.837  18.940  30.400 0.0000000000
50365  -4.803  -7.153  73.750 0.0000000000
56109  -33.057  -2.591  48.717 0.0000000000
55135  -32.315  -3.042  48.010 0.0000000000
56118  -33.203  -2.050  48.628 0.0000000000
58246  -33.069  -0.704  48.854 0.0000000000
58231  -33.187  -0.734  49.502 0.0000000000
57062  -35.282  -1.594  53.942 0.0000000000
57069  -34.429  -1.675  53.365 0.0000000000
59365  -34.690  -0.787  53.973 0.0000000000
61739  -32.996  2.497  54.652 0.0000000000
60623  -33.350  1.074  54.372 0.0000000000
61747  -32.383  2.427  53.698 0.0000000000
60645  -32.100  0.894  52.398 0.0000000000
62797  -31.859  3.203  53.348 0.0000000000
63877  -31.322  4.437  53.087 0.0000000000
63866  -32.356  4.480  54.479 0.0000000000
56030  -22.963  -2.517  55.474 0.0000000000
53905  -30.011  -3.083  55.861 0.0000000000
53889  -28.419  -2.131  56.512 0.0000000000
53921  -28.829  -2.785  54.775 0.0000000000
56074  -26.819  -2.978  52.418 0.0000000000
53758  -24.107  -2.673  63.494 0.0000000000
53832  -21.036  -2.815  59.699 0.0000000000
52625  -20.956  -2.971  60.521 0.0000000000
52649  -20.119  -3.378  59.595 0.0000000000
52673  -19.520  -3.949  58.680 0.0000000000
73644  -44.436  13.347  35.714 0.0000000000
73656  -43.459  13.020  34.613 0.0000000000
74701  -45.098  14.362  35.170 0.0000000000
75729  -46.895  15.538  35.281 0.0000000000
75745  -45.721  15.773  34.430 0.0000000000
75751  -46.085  16.288  34.053 0.0000000000
76747  -45.577  16.308  31.861 0.0000000000
76745  -47.078  16.912  33.624 0.0000000000
77677  -47.069  17.383  32.045 0.0000000000
77655  -47.496  17.162  33.851 0.0000000000
63936  -29.501  4.363  48.912 0.0000000000
61797  -29.315  2.570  48.432 0.0000000000
64024  -35.245  5.145  39.655 0.0000000000
65106  -34.914  5.512  40.359 0.0000000000
68163  -35.058  9.071  46.141 0.0000000000
67104  -34.912  8.091  44.064 0.0000000000
68179  -35.702  8.661  45.420 0.0000000000
67095  -39.035  8.029  44.759 0.0000000000
67123  -37.528  7.629  43.470 0.0000000000
67124  -38.584  7.474  43.450 0.0000000000
66114  -37.385  6.772  41.568 0.0000000000
66067  -39.228  7.292  43.288 0.0000000000
65060  -39.903  6.647  42.148 0.0000000000
66057  -40.622  7.375  43.659 0.0000000000
52500  -12.032  -4.409  66.509 0.0000000000
52461  -11.817  -3.955  68.276 0.0000000000
52448  -11.051  -4.122  68.756 0.0000000000
51417  -10.078  -4.866  67.146 0.0000000000
51426  -9.603  -5.808  66.611 0.0000000000
51438  -10.028  -6.204  65.843 0.0000000000
48333  -6.403  -9.682  68.242 0.0000000000
49366  -5.982  -7.911  69.977 0.0000000000
48329  -5.484  -9.734  69.357 0.0000000000
47156  -3.435  -11.545  71.081 0.0000000000
48322  -3.993  -9.753  71.621 0.0000000000
47139  -3.438  -10.167  72.024 0.0000000000
48298  -3.331  -8.911  73.148 0.0000000000
47122  -2.742  -10.519  72.553 0.0000000000
52654  -33.144  -3.307  59.836 0.0000000000
66094  -43.927  7.370  42.073 0.0000000000
65115  -42.594  7.059  40.565 0.0000000000
66118  -44.109  7.494  41.318 0.0000000000
67056  -31.593  8.675  52.094 0.0000000000
52622  -18.847  -3.950  60.361 0.0000000000
52602  -18.596  -3.984  61.348 0.0000000000
50366  -7.198  -5.694  73.238 0.0000000000
49353  -6.571  -6.201  72.979 0.0000000000
55133  -30.648  -3.812  48.428 0.0000000000
55122  -32.631  -3.288  49.153 0.0000000000
56101  -33.460  -2.308  50.262 0.0000000000
64936  -33.335  5.658  55.045 0.0000000000
53853  -21.634  -2.802  59.108 0.0000000000
54975  -21.487  -2.698  57.656 0.0000000000
54991  -23.194  -2.381  57.418 0.0000000000
55005  -23.920  -2.316  56.529 0.0000000000
55006  -25.229  -2.112  56.166 0.0000000000
53941  -30.292  -4.498  53.712 0.0000000000
53940  -29.418  -4.041  53.936 0.0000000000
53957  -29.587  -4.328  53.109 0.0000000000
55088  -28.146  -3.534  51.602 0.0000000000
55118  -28.543  -3.718  49.711 0.0000000000
53775  -25.539  -2.887  62.637 0.0000000000
53773  -23.161  -3.058  62.515 0.0000000000
53794  -24.038  -3.164  61.464 0.0000000000
53834  -22.874  -3.184  60.115 0.0000000000
68298  -39.391  8.260  34.996 0.0000000000
73680  -42.968  13.125  31.627 0.0000000000
73635  -47.399  13.668  37.004 0.0000000000
73646  -46.815  14.233  36.249 0.0000000000
66045  -29.060  6.736  46.875 0.0000000000
65104  -32.814  5.329  40.491 0.0000000000
65080  -33.605  5.864  41.144 0.0000000000
69212  -37.974  9.793  48.365 0.0000000000
68165  -37.136  8.881  46.142 0.0000000000
69244  -38.748  9.053  46.830 0.0000000000
52542  -16.550  -3.681  64.856 0.0000000000
52541  -15.972  -3.696  65.110 0.0000000000
53712  -14.806  -3.849  66.732 0.0000000000
53711  -14.045  -3.859  66.939 0.0000000000
52520  -12.169  -4.498  65.588 0.0000000000
52519  -11.423  -4.691  65.591 0.0000000000
50407  -10.735  -6.557  64.702 0.0000000000
51449  -11.018  -6.068  64.451 0.0000000000
53961  -33.256  -4.340  52.431 0.0000000000
55072  -33.637  -4.016  51.973 0.0000000000
55052  -34.255  -3.442  53.051 0.0000000000
55054  -35.160  -2.609  53.907 0.0000000000
53835  -28.008  -3.049  59.570 0.0000000000
53855  -27.980  -2.702  58.696 0.0000000000
53856  -28.858  -2.862  58.871 0.0000000000
53891  -29.891  -2.912  56.979 0.0000000000
52720  -30.984  -3.812  56.304 0.0000000000
52699  -32.509  -4.261  57.740 0.0000000000
52721  -31.590  -4.316  56.541 0.0000000000
52742  -31.474  -4.428  55.648 0.0000000000
53925  -31.668  -4.714  54.317 0.0000000000
53943  -32.022  -4.784  53.511 0.0000000000
53816  -28.706  -3.624  60.814 0.0000000000
65138  -37.702  5.473  38.834 0.0000000000
65149  -37.645  5.663  37.771 0.0000000000
65139  -38.667  5.827  38.738 0.0000000000
66167  -39.037  6.715  37.517 0.0000000000
67198  -39.701  7.669  37.123 0.0000000000
66154  -41.741  7.441  38.737 0.0000000000
67199  -40.753  7.723  37.686 0.0000000000
68278  -39.819  8.374  36.550 0.0000000000
70350  -40.056  9.614  35.495 0.0000000000
71416  -41.072  10.961  34.852 0.0000000000
71429  -41.666  11.559  34.332 0.0000000000
72580  -41.879  11.907  33.864 0.0000000000
71418  -42.626  11.690  35.297 0.0000000000
72545  -43.697  12.145  35.971 0.0000000000
72547  -45.297  12.319  36.947 0.0000000000
71383  -45.945  11.290  38.364 0.0000000000
72539  -47.032  12.703  37.839 0.0000000000
62818  -30.420  3.407  51.082 0.0000000000
61782  -30.188  2.387  49.565 0.0000000000
63919  -30.226  4.335  50.249 0.0000000000
64993  -29.880  5.251  49.455 0.0000000000
66034  -29.847  6.231  49.347 0.0000000000
67067  -30.743  7.762  51.109 0.0000000000
67072  -30.246  7.513  49.830 0.0000000000
67081  -29.642  7.249  47.916 0.0000000000
67082  -30.391  8.251  47.228 0.0000000000
67087  -30.743  8.302  46.008 0.0000000000
67092  -32.043  8.281  44.896 0.0000000000
67101  -32.322  8.010  44.224 0.0000000000
68162  -33.685  9.145  46.251 0.0000000000
69240  -34.538  9.533  46.929 0.0000000000
69227  -36.153  9.569  47.771 0.0000000000
70237  -36.489  10.026  49.360 0.0000000000
69211  -36.834  9.825  48.518 0.0000000000
52544  -18.028  -3.471  64.491 0.0000000000
52582  -17.438  -4.134  62.470 0.0000000000
52562  -16.553  -3.763  63.780 0.0000000000
52580  -15.754  -3.857  62.934 0.0000000000
59419  -32.088  0.068  48.942 0.0000000000
60669  -31.332  0.814  50.290 0.0000000000
55093  -33.982  -2.905  51.599 0.0000000000
56093  -33.627  -2.235  51.809 0.0000000000
57097  -32.903  -1.483  51.059 0.0000000000
59363  -33.252  -0.109  53.265 0.0000000000
59384  -32.688  -0.616  51.402 0.0000000000
60656  -31.958  0.365  51.565 0.0000000000
61771  -31.623  1.299  51.908 0.0000000000
61770  -30.943  2.305  51.619 0.0000000000
62808  -31.236  3.255  52.273 0.0000000000
64946  -31.348  5.297  53.058 0.0000000000
67047  -32.112  7.056  53.569 0.0000000000
65986  -33.094  6.271  54.781 0.0000000000
67030  -33.016  7.719  54.814 0.0000000000
53873  -27.641  -2.061  57.399 0.0000000000
55007  -26.852  -1.779  56.681 0.0000000000
55017  -25.630  -2.426  54.825 0.0000000000
55049  -27.234  -2.980  53.226 0.0000000000
56057  -26.044  -2.659  53.207 0.0000000000
52548  -22.006  -3.230  63.737 0.0000000000
52585  -20.249  -3.235  62.338 0.0000000000
52587  -22.024  -3.441  62.010 0.0000000000
52586  -21.158  -3.213  62.227 0.0000000000
52603  -19.500  -3.605  61.416 0.0000000000
52648  -19.205  -3.959  59.456 0.0000000000
73662  -42.893  12.828  33.521 0.0000000000
73671  -42.874  13.053  32.550 0.0000000000
74719  -44.012  14.200  32.787 0.0000000000
74714  -45.461  15.105  34.800 0.0000000000
74720  -44.506  14.953  33.347 0.0000000000
74738  -44.290  14.624  31.395 0.0000000000
75756  -44.708  14.988  31.003 0.0000000000
76751  -45.525  16.154  30.971 0.0000000000
76757  -45.948  15.842  29.187 0.0000000000
77682  -46.604  17.107  30.382 0.0000000000
78606  -47.759  17.958  31.445 0.0000000000
50392  -8.422  -6.820  67.895 0.0000000000
50386  -7.709  -6.983  68.966 0.0000000000
49378  -7.799  -7.829  68.072 0.0000000000
61798  -29.898  2.277  48.929 0.0000000000
64047  -36.753  5.356  39.345 0.0000000000
67119  -33.396  7.620  43.340 0.0000000000
67136  -33.933  7.321  42.829 0.0000000000
66085  -35.007  6.954  42.152 0.0000000000
68197  -37.258  8.371  44.840 0.0000000000
67122  -36.377  7.728  43.490 0.0000000000
66086  -36.013  7.250  42.003 0.0000000000
65083  -36.602  6.246  40.864 0.0000000000
65108  -36.826  5.752  40.315 0.0000000000
65125  -37.471  5.491  39.586 0.0000000000
65110  -38.485  6.008  40.346 0.0000000000
65087  -40.391  6.445  41.302 0.0000000000
66092  -41.988  6.937  42.424 0.0000000000
51395  -10.457  -4.385  70.962 0.0000000000
51400  -10.393  -4.375  70.092 0.0000000000
50388  -9.064  -5.354  68.775 0.0000000000
50398  -9.090  -6.368  67.181 0.0000000000
50401  -9.125  -7.470  66.384 0.0000000000
50379  -6.805  -7.153  70.215 0.0000000000
49363  -6.275  -7.299  71.284 0.0000000000
49358  -5.598  -7.721  72.083 0.0000000000
48327  -4.815  -9.468  70.373 0.0000000000
48323  -4.604  -9.154  71.470 0.0000000000
49357  -4.884  -8.229  72.586 0.0000000000
49350  -4.276  -8.177  73.402 0.0000000000
50363  -3.311  -7.474  73.830 0.0000000000
46104  -2.341  -11.494  72.756 0.0000000000
47121  -2.076  -10.702  73.183 0.0000000000
51398  -8.685  -5.149  70.735 0.0000000000
53989  -32.167  -4.287  50.738 0.0000000000
54965  -25.727  -2.828  59.693 0.0000000000
54980  -26.752  -2.746  58.951 0.0000000000
55106  -30.415  -4.172  50.310 0.0000000000
54967  -27.316  -3.039  60.184 0.0000000000
54952  -26.633  -2.985  60.827 0.0000000000
71446  -41.348  11.275  32.424 0.0000000000
59398  -30.968  0.866  49.240 0.0000000000
60667  -30.500  1.608  49.303 0.0000000000
66062  -30.228  6.797  43.885 0.0000000000
66080  -30.547  6.613  43.277 0.0000000000
66081  -31.184  6.636  42.824 0.0000000000
66108  -31.646  6.325  42.236 0.0000000000
66064  -31.885  7.243  43.202 0.0000000000
52560  -12.800  -4.777  63.410 0.0000000000
52540  -12.803  -4.558  64.399 0.0000000000
53909  -34.410  -4.273  55.371 0.0000000000
53910  -35.165  -3.604  55.572 0.0000000000
52627  -31.435  -3.656  61.093 0.0000000000
52652  -31.221  -3.288  59.742 0.0000000000
65088  -41.265  6.500  41.223 0.0000000000
65113  -41.301  6.609  40.524 0.0000000000
65089  -42.036  6.662  41.100 0.0000000000
68271  -43.367  9.110  38.056 0.0000000000
68270  -42.954  8.804  37.883 0.0000000000
69327  -43.149  9.394  37.606 0.0000000000
70328  -42.770  9.771  37.059 0.0000000000
66000  -31.495  6.662  52.916 0.0000000000
65999  -31.424  7.416  52.524 0.0000000000
69185  -33.045  9.856  50.013 0.0000000000
68133  -32.034  9.563  50.321 0.0000000000
69195  -32.744  9.737  49.307 0.0000000000
69208  -33.413  9.827  48.517 0.0000000000
69196  -33.666  9.928  49.370 0.0000000000
79525  -48.797  19.103  32.317 0.0000000000
79535  -48.778  19.121  31.283 0.0000000000
49345  -6.217  -6.171  73.479 0.0000000000
50357  -5.977  -5.954  74.156 0.0000000000
50356  -5.284  -6.425  74.002 0.0000000000
56110  -33.451  -1.971  49.446 0.0000000000
57118  -33.174  -1.367  48.701 0.0000000000
58191  -34.855  -1.308  53.781 0.0000000000
59355  -34.874  -0.553  54.667 0.0000000000
61738  -32.560  2.774  54.178 0.0000000000
62785  -32.420  3.465  54.288 0.0000000000
53851  -20.172  -3.519  58.298 0.0000000000
53872  -20.768  -3.207  57.432 0.0000000000
53904  -29.305  -2.601  55.687 0.0000000000
53922  -29.675  -3.361  54.831 0.0000000000
53831  -20.536  -3.077  59.060 0.0000000000
74747  -44.142  13.841  30.609 0.0000000000
73645  -45.734  14.014  36.094 0.0000000000
75747  -47.251  16.059  34.987 0.0000000000
75746  -46.635  16.063  34.647 0.0000000000
76733  -46.697  16.547  34.050 0.0000000000
76744  -46.278  16.598  33.297 0.0000000000
76734  -47.357  16.671  34.388 0.0000000000
76735  -47.938  16.864  34.773 0.0000000000
65005  -29.148  5.362  48.249 0.0000000000
63935  -28.994  4.471  48.325 0.0000000000
63947  -28.494  4.498  47.607 0.0000000000
65105  -33.890  5.401  40.423 0.0000000000
64023  -34.219  4.876  39.749 0.0000000000
68164  -36.128  8.965  46.148 0.0000000000
67108  -39.327  7.620  43.962 0.0000000000
66066  -38.736  7.309  43.130 0.0000000000
66055  -39.503  7.450  43.620 0.0000000000
66068  -40.072  7.098  43.147 0.0000000000
67109  -40.298  7.614  44.175 0.0000000000
52479  -11.577  -4.351  67.242 0.0000000000
52460  -10.940  -4.434  67.763 0.0000000000
51427  -10.183  -5.142  66.174 0.0000000000
48330  -6.024  -9.463  68.886 0.0000000000
47138  -3.071  -11.006  71.788 0.0000000000
69159  -32.724  9.832  53.317 0.0000000000
52621  -17.933  -4.358  60.237 0.0000000000
50371  -7.642  -5.530  72.528 0.0000000000
50367  -7.646  -5.333  73.027 0.0000000000
51386  -7.217  -5.977  72.809 0.0000000000
49359  -6.403  -6.776  72.174 0.0000000000
55108  -32.576  -3.872  50.220 0.0000000000
55123  -33.280  -2.673  49.559 0.0000000000
54962  -22.891  -2.796  59.043 0.0000000000
54976  -22.271  -2.649  58.407 0.0000000000
54977  -23.465  -2.602  58.449 0.0000000000
54992  -24.318  -2.335  57.494 0.0000000000
56022  -24.248  -2.341  55.795 0.0000000000
55089  -29.208  -4.115  51.455 0.0000000000
55104  -28.366  -3.663  50.611 0.0000000000
54929  -26.489  -3.089  61.934 0.0000000000
53776  -26.412  -3.082  62.398 0.0000000000
53795  -25.086  -3.020  61.943 0.0000000000
53833  -22.278  -2.912  59.665 0.0000000000
69358  -39.634  9.115  35.035 0.0000000000
66046  -29.401  7.157  46.244 0.0000000000
65025  -28.560  6.010  46.412 0.0000000000
66048  -29.028  6.795  45.926 0.0000000000
66109  -32.405  6.335  42.007 0.0000000000
65079  -32.572  5.861  41.273 0.0000000000
66110  -33.368  6.316  41.846 0.0000000000
69213  -39.031  9.627  48.288 0.0000000000
69229  -38.354  9.421  47.594 0.0000000000
68168  -40.039  8.546  46.119 0.0000000000
52561  -15.889  -3.704  64.073 0.0000000000
53741  -15.210  -3.767  64.409 0.0000000000
53728  -15.380  -3.773  65.432 0.0000000000
53726  -13.841  -3.889  66.066 0.0000000000
52539  -12.047  -4.762  64.690 0.0000000000
52538  -11.366  -5.096  64.866 0.0000000000
53945  -34.017  -4.037  53.416 0.0000000000
55035  -35.362  -2.717  54.485 0.0000000000
55034  -35.036  -3.099  54.141 0.0000000000
53836  -28.761  -3.222  59.824 0.0000000000
53857  -29.582  -3.070  59.068 0.0000000000
52674  -30.359  -3.148  58.169 0.0000000000
52696  -30.438  -3.215  57.116 0.0000000000
52677  -32.783  -3.471  58.701 0.0000000000
52744  -32.903  -5.169  55.959 0.0000000000
52722  -32.262  -4.850  56.805 0.0000000000
52743  -32.063  -4.987  55.900 0.0000000000
52758  -31.977  -4.773  55.114 0.0000000000
52757  -31.307  -4.472  54.871 0.0000000000
53960  -32.277  -4.754  52.539 0.0000000000
65126  -38.563  5.727  39.611 0.0000000000
66152  -39.814  6.666  38.407 0.0000000000
66151  -39.108  6.245  38.318 0.0000000000
66131  -43.153  7.354  40.471 0.0000000000
66142  -42.350  7.279  39.540 0.0000000000
66155  -42.396  7.694  38.755 0.0000000000
68268  -41.265  8.416  37.253 0.0000000000
67200  -41.720  7.857  37.837 0.0000000000
68267  -40.291  8.174  37.092 0.0000000000
69335  -40.143  8.859  36.445 0.0000000000
69346  -39.838  9.129  36.001 0.0000000000
69336  -40.563  9.178  36.432 0.0000000000
70352  -41.655  10.719  35.631 0.0000000000
70351  -40.630  10.227  35.534 0.0000000000
71417  -41.911  11.296  35.094 0.0000000000
71430  -42.153  11.670  34.822 0.0000000000
71393  -44.065  11.088  37.061 0.0000000000
71404  -43.657  11.707  36.227 0.0000000000
71405  -44.546  11.734  36.821 0.0000000000
72546  -44.185  12.403  36.196 0.0000000000
71406  -45.082  11.744  37.159 0.0000000000
71397  -46.785  12.166  38.326 0.0000000000
63900  -30.776  4.292  51.659 0.0000000000
62832  -30.200  3.383  50.351 0.0000000000
63899  -30.456  4.351  50.991 0.0000000000
66025  -30.425  6.514  50.971 0.0000000000
64994  -30.221  5.223  50.157 0.0000000000
67071  -30.003  6.703  49.578 0.0000000000
68118  -31.327  8.766  51.242 0.0000000000
67077  -30.272  8.019  48.465 0.0000000000
67076  -29.811  7.021  48.980 0.0000000000
68151  -31.380  8.846  46.605 0.0000000000
68160  -31.511  8.684  45.934 0.0000000000
67088  -31.529  8.442  45.463 0.0000000000
68161  -32.375  8.758  45.770 0.0000000000
69225  -34.039  9.826  47.726 0.0000000000
69241  -35.596  9.378  46.923 0.0000000000
70222  -37.164  10.279  50.019 0.0000000000
70238  -37.612  10.082  49.198 0.0000000000
52565  -19.188  -3.423  63.341 0.0000000000
52545  -19.026  -3.274  64.366 0.0000000000
52601  -17.649  -4.350  61.342 0.0000000000
52563  -17.308  -3.814  63.568 0.0000000000
50354  -3.637  -7.211  74.228 0.0000000000
55144  -31.500  -3.490  47.287 0.0000000000
57117  -32.751  -1.380  47.986 0.0000000000
58230  -32.719  -0.287  49.226 0.0000000000
58245  -32.567  -0.712  48.313 0.0000000000
55073  -34.014  -3.518  52.171 0.0000000000
57083  -33.613  -1.511  52.712 0.0000000000
56094  -33.862  -1.974  52.653 0.0000000000
56102  -33.171  -1.946  51.041 0.0000000000
58198  -33.253  -1.131  52.464 0.0000000000
60634  -33.046  0.710  53.547 0.0000000000
59374  -32.826  -0.378  52.416 0.0000000000
59373  -32.424  -0.004  51.946 0.0000000000
59383  -32.432  -0.284  50.987 0.0000000000
61759  -31.763  2.271  52.591 0.0000000000
62819  -30.809  3.337  51.717 0.0000000000
64947  -31.818  5.336  53.790 0.0000000000
65971  -33.708  6.384  55.338 0.0000000000
67038  -32.579  7.859  53.993 0.0000000000
54990  -22.228  -2.550  57.131 0.0000000000
54989  -21.436  -2.975  56.747 0.0000000000
55002  -21.520  -3.341  55.788 0.0000000000
53874  -28.381  -2.380  57.660 0.0000000000
53854  -27.496  -2.457  58.196 0.0000000000
55019  -27.808  -2.026  55.611 0.0000000000
55008  -27.749  -1.836  56.385 0.0000000000
55018  -26.631  -2.130  55.236 0.0000000000
55051  -29.031  -4.049  53.289 0.0000000000
55050  -28.442  -3.521  53.567 0.0000000000
52567  -21.153  -3.123  63.130 0.0000000000
52624  -20.443  -3.139  60.643 0.0000000000
52605  -21.274  -3.206  61.288 0.0000000000
52604  -20.338  -3.208  61.450 0.0000000000
73655  -42.842  12.529  34.194 0.0000000000
72581  -42.328  12.321  33.656 0.0000000000
73657  -44.227  13.889  34.458 0.0000000000
73663  -43.567  13.577  33.400 0.0000000000
73672  -43.413  13.678  32.254 0.0000000000
74702  -46.211  14.906  35.577 0.0000000000
75750  -45.272  15.916  33.411 0.0000000000
74721  -45.078  15.274  34.086 0.0000000000
74729  -44.293  14.787  32.312 0.0000000000
75753  -44.657  15.235  31.838 0.0000000000
76754  -45.709  15.948  30.080 0.0000000000
76755  -46.082  16.632  30.654 0.0000000000
76758  -46.237  16.511  29.754 0.0000000000
77679  -46.562  17.104  31.231 0.0000000000
78603  -47.815  17.916  32.457 0.0000000000
78593  -48.206  18.347  33.093 0.0000000000
50391  -7.970  -7.258  68.118 0.0000000000
49379  -8.153  -7.430  67.792 0.0000000000
64046  -35.689  4.880  39.024 0.0000000000
64059  -36.192  4.936  38.460 0.0000000000
68177  -33.459  8.458  45.076 0.0000000000
67102  -33.198  8.042  44.226 0.0000000000
67120  -34.390  7.731  43.399 0.0000000000
67137  -34.731  7.379  42.778 0.0000000000
68181  -37.601  8.584  45.413 0.0000000000
67139  -36.748  7.456  42.777 0.0000000000
66113  -36.336  6.736  41.442 0.0000000000
66115  -38.326  6.704  41.663 0.0000000000
65084  -37.528  6.304  40.895 0.0000000000
65109  -37.570  5.774  40.233 0.0000000000
64027  -37.240  5.482  39.802 0.0000000000
66090  -40.323  6.804  42.617 0.0000000000
65061  -40.430  6.591  42.048 0.0000000000
65062  -41.239  6.596  41.937 0.0000000000
66091  -41.146  6.818  42.605 0.0000000000
51410  -10.223  -4.701  68.151 0.0000000000
52441  -11.168  -4.059  69.783 0.0000000000
51405  -10.289  -4.454  69.133 0.0000000000
51404  -9.467  -4.949  69.428 0.0000000000
51409  -9.511  -5.038  68.506 0.0000000000
50393  -8.891  -5.727  68.117 0.0000000000
50402  -9.533  -7.022  66.232 0.0000000000
49390  -9.205  -7.559  66.075 0.0000000000
49373  -7.427  -7.610  68.735 0.0000000000
50385  -7.040  -7.534  69.243 0.0000000000
49367  -6.166  -7.566  70.663 0.0000000000
49362  -5.685  -7.899  71.068 0.0000000000
48324  -5.176  -8.439  71.622 0.0000000000
47179  -4.555  -10.506  69.836 0.0000000000
47158  -4.321  -10.006  70.535 0.0000000000
48312  -4.683  -8.698  72.177 0.0000000000
49356  -4.411  -8.612  72.694 0.0000000000
48299  -3.758  -8.701  73.205 0.0000000000
49348  -2.932  -8.303  73.376 0.0000000000
45088  -1.501  -11.518  73.179 0.0000000000
46097  -2.075  -11.298  73.289 0.0000000000
50375  -7.783  -5.634  71.755 0.0000000000
55120  -30.531  -3.925  49.324 0.0000000000
53959  -31.272  -4.906  52.652 0.0000000000
55090  -29.986  -4.329  50.998 0.0000000000
53798  -27.834  -3.528  61.456 0.0000000000
54942  -27.356  -3.326  61.441 0.0000000000
54941  -26.886  -3.144  61.612 0.0000000000
54939  -25.031  -3.070  61.167 0.0000000000
54950  -24.980  -3.033  60.389 0.0000000000
69367  -40.323  9.504  33.864 0.0000000000
58244  -31.832  -0.256  48.140 0.0000000000
66053  -30.052  7.100  44.684 0.0000000000
66052  -29.278  6.802  45.025 0.0000000000
65047  -29.369  6.083  43.543 0.0000000000
53755  -14.308  -3.952  63.706 0.0000000000
53739  -13.696  -4.096  65.068 0.0000000000
51459  -11.351  -6.236  63.673 0.0000000000
53928  -34.645  -3.688  54.478 0.0000000000
55020  -35.393  -2.770  55.339 0.0000000000
52700  -33.381  -4.260  57.914 0.0000000000
52724  -34.105  -4.683  57.046 0.0000000000
52745  -33.650  -5.075  56.250 0.0000000000
53907  -32.953  -5.061  55.286 0.0000000000
53908  -33.541  -4.834  55.391 0.0000000000
65128  -40.458  6.597  39.739 0.0000000000
66140  -40.864  6.947  39.371 0.0000000000
67186  -43.096  8.310  38.608 0.0000000000
67185  -42.480  8.066  38.202 0.0000000000
68255  -42.785  8.404  38.146 0.0000000000
68269  -42.306  8.301  37.745 0.0000000000
69325  -41.917  8.723  37.263 0.0000000000
69337  -41.472  9.231  36.795 0.0000000000
69338  -42.178  9.718  36.741 0.0000000000
70340  -42.547  10.481  36.375 0.0000000000
71403  -42.953  11.278  35.967 0.0000000000
64960  -30.980  5.110  52.110 0.0000000000
64959  -30.664  5.752  51.693 0.0000000000
68148  -31.864  9.291  48.231 0.0000000000
68153  -33.213  9.505  46.957 0.0000000000
69224  -33.107  9.652  47.657 0.0000000000
52599  -15.366  -4.406  61.605 0.0000000000
78609  -47.700  17.996  30.330 0.0000000000
77686  -47.393  17.531  29.424 0.0000000000
78612  -48.064  18.013  29.371 0.0000000000
78610  -48.382  18.499  30.029 0.0000000000
78613  -48.820  18.396  29.348 0.0000000000
51378  -4.225  -7.122  74.315 0.0000000000
59401  -32.696  -0.226  50.065 0.0000000000
56076  -35.032  -2.067  53.648 0.0000000000
56075  -34.389  -2.251  53.154 0.0000000000
57070  -34.976  -1.664  53.712 0.0000000000
61748  -32.769  1.566  53.877 0.0000000000
60633  -32.489  1.376  53.117 0.0000000000
62796  -31.412  3.753  52.981 0.0000000000
63878  -31.733  4.404  53.776 0.0000000000
64935  -32.475  5.467  54.424 0.0000000000
67031  -33.514  7.519  55.504 0.0000000000
55016  -22.578  -2.660  55.831 0.0000000000
53890  -29.281  -2.563  56.803 0.0000000000
53903  -28.641  -2.273  55.488 0.0000000000
53920  -28.295  -2.425  55.031 0.0000000000
53813  -22.434  -3.239  60.592 0.0000000000
53792  -21.967  -3.309  61.083 0.0000000000
53812  -21.630  -3.045  60.519 0.0000000000
52650  -20.598  -3.032  60.167 0.0000000000
73643  -43.742  12.873  35.380 0.0000000000
75728  -46.191  15.529  35.024 0.0000000000
75754  -45.081  15.866  32.312 0.0000000000
76743  -45.674  16.345  32.653 0.0000000000
76748  -46.308  16.773  32.298 0.0000000000
77676  -46.530  16.981  31.775 0.0000000000
76749  -46.901  17.005  32.886 0.0000000000
77673  -47.523  17.477  33.189 0.0000000000
77656  -48.015  17.598  34.163 0.0000000000
49389  -8.913  -8.051  66.328 0.0000000000
49384  -8.141  -8.648  67.073 0.0000000000
62852  -29.523  3.211  48.865 0.0000000000
62851  -28.947  3.539  48.277 0.0000000000
64045  -34.534  4.231  38.913 0.0000000000
65107  -35.914  5.668  40.311 0.0000000000
68178  -34.624  8.700  45.346 0.0000000000
68194  -34.361  8.351  44.618 0.0000000000
68195  -35.333  8.369  44.742 0.0000000000
67105  -35.879  7.981  44.186 0.0000000000
68182  -38.532  8.344  45.222 0.0000000000
68198  -37.906  8.325  44.955 0.0000000000
67107  -38.214  8.024  44.394 0.0000000000
67141  -38.032  7.385  43.104 0.0000000000
66088  -38.291  7.164  42.614 0.0000000000
66116  -38.887  6.596  41.621 0.0000000000
66089  -39.329  6.808  42.352 0.0000000000
52480  -12.659  -4.054  67.704 0.0000000000
49371  -6.402  -8.768  68.907 0.0000000000
50384  -6.602  -7.923  69.266 0.0000000000
49365  -5.542  -8.875  69.732 0.0000000000
47157  -3.758  -10.448  70.965 0.0000000000
47123  -3.218  -9.872  72.486 0.0000000000
48310  -3.018  -9.572  72.837 0.0000000000
48309  -2.272  -9.706  73.194 0.0000000000
52653  -32.262  -3.366  60.213 0.0000000000
52702  -34.550  -3.428  58.260 0.0000000000
66093  -42.863  7.115  42.101 0.0000000000
65090  -42.642  6.977  40.951 0.0000000000
66117  -43.234  7.197  41.424 0.0000000000
66132  -44.076  7.683  40.646 0.0000000000
68257  -44.492  8.902  39.154 0.0000000000
69316  -44.359  9.254  38.715 0.0000000000
70317  -44.692  9.765  38.503 0.0000000000
67037  -32.247  8.175  53.450 0.0000000000
68104  -32.290  8.780  53.331 0.0000000000
68111  -31.999  9.151  52.478 0.0000000000
69165  -32.616  10.078  51.943 0.0000000000
70179  -33.114  10.165  51.438 0.0000000000
69187  -34.361  10.117  50.073 0.0000000000
49352  -5.894  -6.823  72.810 0.0000000000
56111  -33.371  -1.901  50.231 0.0000000000
63867  -33.094  4.571  55.059 0.0000000000
55004  -22.956  -2.430  56.304 0.0000000000
56021  -23.520  -2.405  55.889 0.0000000000
56032  -24.695  -2.392  55.099 0.0000000000
53923  -30.329  -4.125  54.554 0.0000000000
55071  -28.812  -3.971  52.549 0.0000000000
53972  -29.666  -4.385  52.349 0.0000000000
53774  -24.513  -2.886  62.564 0.0000000000
54938  -24.537  -3.121  60.874 0.0000000000
53814  -23.286  -3.253  60.616 0.0000000000
73688  -43.229  13.110  30.942 0.0000000000
73634  -46.436  13.553  36.705 0.0000000000
76715  -48.363  16.629  35.421 0.0000000000
66042  -29.212  6.319  47.867 0.0000000000
65016  -28.720  5.724  47.361 0.0000000000
66111  -34.328  6.333  41.705 0.0000000000
69228  -37.269  9.506  47.667 0.0000000000
69243  -37.707  9.140  46.876 0.0000000000
68167  -39.133  8.662  46.071 0.0000000000
68183  -39.526  8.259  45.409 0.0000000000
67097  -40.786  7.864  44.823 0.0000000000
52522  -16.087  -3.776  66.005 0.0000000000
52501  -13.040  -4.081  66.558 0.0000000000
51439  -10.683  -5.681  65.271 0.0000000000
46114  -2.567  -11.979  71.904 0.0000000000
53975  -32.398  -4.514  51.549 0.0000000000
53962  -33.916  -3.924  52.570 0.0000000000
53946  -34.538  -3.395  53.757 0.0000000000
55053  -34.689  -2.971  53.591 0.0000000000
55075  -34.725  -2.531  53.524 0.0000000000
56059  -35.412  -2.129  54.184 0.0000000000
55021  -35.338  -2.607  56.007 0.0000000000
54981  -27.305  -2.924  59.446 0.0000000000
53876  -29.714  -2.934  58.018 0.0000000000
52719  -30.472  -3.394  56.162 0.0000000000
52740  -30.473  -3.495  55.578 0.0000000000
52676  -31.946  -3.390  58.582 0.0000000000
52698  -31.740  -3.975  57.500 0.0000000000
52741  -30.790  -3.995  55.340 0.0000000000
52756  -30.880  -4.296  54.704 0.0000000000
53924  -30.921  -4.585  54.283 0.0000000000
53942  -31.084  -4.866  53.553 0.0000000000
53799  -28.761  -3.902  61.757 0.0000000000
53815  -27.981  -3.353  60.456 0.0000000000
65150  -38.481  6.074  37.898 0.0000000000
66166  -38.102  6.096  37.060 0.0000000000
65130  -42.016  6.918  39.895 0.0000000000
66141  -41.528  7.127  39.370 0.0000000000
66153  -40.775  7.190  38.655 0.0000000000
67184  -42.009  7.711  38.192 0.0000000000
67183  -41.338  7.543  38.183 0.0000000000
66169  -40.765  7.393  38.126 0.0000000000
67209  -39.189  7.796  36.231 0.0000000000
68287  -39.407  8.433  35.701 0.0000000000
70363  -40.016  9.848  35.005 0.0000000000
70338  -40.864  9.728  36.232 0.0000000000
70364  -40.345  10.300  34.435 0.0000000000
71428  -40.829  11.014  33.900 0.0000000000
71438  -41.289  11.500  33.399 0.0000000000
72570  -41.989  11.856  34.246 0.0000000000
72571  -42.451  12.050  34.561 0.0000000000
72557  -42.766  12.041  35.110 0.0000000000
71419  -43.139  11.744  35.728 0.0000000000
72558  -43.305  12.288  35.428 0.0000000000
73632  -44.834  12.830  36.410 0.0000000000
70318  -45.505  10.296  38.758 0.0000000000
70331  -45.326  10.983  37.941 0.0000000000
72538  -45.958  12.374  37.532 0.0000000000
72548  -46.167  12.930  37.146 0.0000000000
72549  -46.784  13.231  37.157 0.0000000000
61783  -30.412  2.391  50.410 0.0000000000
63918  -29.898  4.336  49.555 0.0000000000
65006  -29.521  5.279  48.805 0.0000000000
66039  -29.466  6.147  48.567 0.0000000000
67055  -31.328  7.881  52.088 0.0000000000
66043  -29.421  6.662  48.047 0.0000000000
67085  -29.359  6.997  47.455 0.0000000000
67086  -29.765  7.555  46.599 0.0000000000
67090  -30.291  7.736  45.572 0.0000000000
66050  -30.402  7.448  45.024 0.0000000000
67091  -31.011  7.875  45.052 0.0000000000
67100  -31.475  7.716  44.339 0.0000000000
67117  -31.832  7.619  43.767 0.0000000000
68176  -32.716  8.406  45.126 0.0000000000
70219  -34.629  10.168  50.016 0.0000000000
69198  -35.261  10.057  49.457 0.0000000000
70221  -36.102  10.214  50.044 0.0000000000
70236  -35.711  10.033  49.533 0.0000000000
69210  -35.560  9.878  48.824 0.0000000000
70239  -38.766  9.991  49.035 0.0000000000
53772  -14.953  -3.923  62.352 0.0000000000
79549  -49.313  18.926  29.767 0.0000000000
59399  -31.454  0.563  49.544 0.0000000000
55092  -33.403  -3.711  51.271 0.0000000000
55094  -34.045  -2.420  52.423 0.0000000000
55110  -33.584  -2.444  50.994 0.0000000000
57108  -33.238  -1.510  50.282 0.0000000000
59364  -33.983  -0.500  53.665 0.0000000000
59375  -33.345  -0.714  52.930 0.0000000000
58197  -32.883  -0.878  51.967 0.0000000000
58213  -32.883  -1.072  50.885 0.0000000000
58232  -33.210  -1.039  50.063 0.0000000000
58212  -32.887  -0.681  50.397 0.0000000000
59382  -32.056  0.037  50.729 0.0000000000
60655  -31.443  0.813  51.057 0.0000000000
61784  -30.880  1.429  50.744 0.0000000000
61769  -30.489  2.677  51.110 0.0000000000
63887  -31.155  4.360  52.508 0.0000000000
65970  -33.096  7.074  54.798 0.0000000000
65985  -32.584  6.659  54.224 0.0000000000
54994  -26.659  -2.262  58.001 0.0000000000
53888  -27.714  -1.881  56.799 0.0000000000
56043  -25.067  -2.467  54.152 0.0000000000
53939  -28.972  -3.431  54.285 0.0000000000
55033  -28.525  -3.145  54.261 0.0000000000
55048  -26.601  -2.704  53.363 0.0000000000
55031  -26.413  -2.674  54.054 0.0000000000
56044  -25.702  -2.575  53.788 0.0000000000
52547  -21.297  -3.103  64.206 0.0000000000
52606  -21.959  -3.380  61.484 0.0000000000
72589  -41.728  11.987  33.043 0.0000000000
72590  -42.271  12.492  32.786 0.0000000000
73681  -43.493  13.632  31.341 0.0000000000
74713  -44.738  14.621  34.248 0.0000000000
74728  -43.877  14.191  31.844 0.0000000000
74737  -43.962  14.039  30.997 0.0000000000
75759  -44.803  14.785  30.558 0.0000000000
74749  -44.857  14.665  30.294 0.0000000000
75757  -45.059  15.666  31.395 0.0000000000
75760  -45.105  15.247  30.422 0.0000000000
77685  -46.791  17.024  29.532 0.0000000000
77680  -47.112  17.559  30.945 0.0000000000
78604  -48.296  18.471  31.919 0.0000000000
79506  -48.909  19.067  33.313 0.0000000000
50387  -8.512  -5.741  69.146 0.0000000000
50381  -8.466  -5.468  70.026 0.0000000000
49383  -7.713  -9.072  67.338 0.0000000000
49377  -7.376  -8.855  67.994 0.0000000000
60684  -30.071  1.328  48.604 0.0000000000
65137  -36.979  5.401  38.998 0.0000000000
67118  -32.552  7.690  43.588 0.0000000000
66065  -32.621  7.301  43.004 0.0000000000
67103  -34.002  8.048  44.018 0.0000000000
66084  -34.079  6.841  42.285 0.0000000000
66112  -35.305  6.514  41.545 0.0000000000
68180  -36.664  8.643  45.431 0.0000000000
68196  -36.287  8.299  44.831 0.0000000000
67106  -36.928  8.055  44.199 0.0000000000
67138  -35.703  7.504  42.741 0.0000000000
65082  -35.600  6.114  40.899 0.0000000000
64026  -36.996  5.470  39.844 0.0000000000
65124  -37.092  5.411  39.349 0.0000000000
65111  -39.452  6.242  40.469 0.0000000000
65086  -39.429  6.485  41.420 0.0000000000
51399  -9.601  -4.741  70.408 0.0000000000
50397  -8.979  -7.308  66.922 0.0000000000
50406  -10.278  -7.122  65.058 0.0000000000
50380  -7.776  -5.903  70.404 0.0000000000
50374  -7.062  -6.526  71.417 0.0000000000
50378  -6.606  -7.602  69.683 0.0000000000
48326  -4.284  -9.742  71.001 0.0000000000
48313  -5.114  -8.331  72.115 0.0000000000
49351  -5.223  -7.549  73.037 0.0000000000
50364  -4.286  -7.541  74.029 0.0000000000
49343  -4.078  -7.838  74.005 0.0000000000
49349  -3.570  -8.283  73.533 0.0000000000
46113  -2.216  -12.164  72.732 0.0000000000
45089  -2.050  -11.645  73.325 0.0000000000
47109  -1.780  -11.015  73.343 0.0000000000
49342  -3.801  -7.813  73.951 0.0000000000
49370  -5.859  -9.196  69.221 0.0000000000
50355  -3.976  -7.479  74.295 0.0000000000
51379  -4.470  -7.115  74.146 0.0000000000
51380  -7.387  -5.692  72.885 0.0000000000
51381  -7.561  -5.738  72.615 0.0000000000
51387  -7.953  -6.402  72.908 0.0000000000
52421  -7.434  -6.015  72.683 0.0000000000
52422  -7.680  -5.947  72.673 0.0000000000
52428  -7.753  -6.298  72.819 0.0000000000
52429  -7.652  -6.149  72.733 0.0000000000
52478  -10.751  -4.596  66.902 0.0000000000
53796  -25.695  -2.939  62.165 0.0000000000
53797  -27.322  -3.365  61.681 0.0000000000
53976  -33.150  -4.219  51.629 0.0000000000
54930  -26.739  -3.184  62.037 0.0000000000
55030  -25.718  -2.535  54.211 0.0000000000
55069  -27.259  -3.094  52.481 0.0000000000
56020  -23.163  -2.437  55.903 0.0000000000
56033  -35.414  -2.372  55.351 0.0000000000
56092  -26.791  -3.075  52.062 0.0000000000
56103  -33.386  -1.830  52.044 0.0000000000
57098  -33.093  -1.517  51.843 0.0000000000
58214  -32.898  -1.203  51.624 0.0000000000
62809  -31.585  3.100  52.787 0.0000000000
64048  -37.093  5.438  39.636 0.0000000000
65064  -42.571  6.954  41.492 0.0000000000
65114  -42.110  6.789  40.469 0.0000000000
65141  -40.302  6.692  39.021 0.0000000000
66056  -39.871  7.409  43.636 0.0000000000
66061  -29.560  6.683  44.277 0.0000000000
66130  -42.456  7.070  40.214 0.0000000000
66156  -42.864  7.971  38.788 0.0000000000
67045  -31.517  7.761  52.549 0.0000000000
67080  -29.407  6.802  47.830 0.0000000000
67093  -32.791  8.215  44.743 0.0000000000
67094  -38.612  8.110  44.791 0.0000000000
67125  -39.076  7.466  43.563 0.0000000000
67140  -37.576  7.357  42.829 0.0000000000
67172  -43.393  8.102  39.211 0.0000000000
67187  -43.567  8.407  38.986 0.0000000000
68244  -44.351  8.624  39.306 0.0000000000
68254  -42.517  8.214  38.014 0.0000000000
68266  -39.891  8.096  36.947 0.0000000000
68279  -40.488  8.656  36.775 0.0000000000
69197  -34.601  10.070  49.563 0.0000000000
69223  -32.473  9.473  47.867 0.0000000000
69347  -40.339  9.624  35.951 0.0000000000
72537  -45.593  12.166  37.367 0.0000000000
72559  -43.898  12.736  35.700 0.0000000000
73690  -44.222  13.719  30.403 0.0000000000
78592  -47.828  17.925  33.037 0.0000000000
79548  -48.825  18.723  29.878 0.0000000000
