#!ascii label  , from subject sub-02 vox2ras=TkReg
910
95148  -48.461  41.766  30.593 0.0000000000
102397  -41.525  53.282  14.088 0.0000000000
100577  -42.073  49.702  22.344 0.0000000000
99382  -50.784  47.655  21.147 0.0000000000
102972  -47.772  54.456  13.189 0.0000000000
102349  -47.813  53.404  18.751 0.0000000000
101806  -50.575  51.805  16.805 0.0000000000
96603  -47.772  43.235  18.116 0.0000000000
91230  -43.200  34.786  26.978 0.0000000000
95833  -43.443  42.144  27.879 0.0000000000
102457  -36.087  53.127  10.568 0.0000000000
101263  -43.315  50.447  11.716 0.0000000000
100677  -49.903  49.624  10.488 0.0000000000
98590  -44.166  46.716  28.375 0.0000000000
101192  -41.485  50.678  18.673 0.0000000000
99990  -47.206  48.460  22.385 0.0000000000
98608  -50.322  46.460  27.016 0.0000000000
96554  -47.668  43.958  22.212 0.0000000000
94664  -42.351  40.272  18.926 0.0000000000
95808  -49.533  42.116  29.881 0.0000000000
102974  -50.765  53.084  12.376 0.0000000000
102949  -49.737  53.593  15.176 0.0000000000
102401  -49.361  52.394  14.809 0.0000000000
101203  -48.123  50.278  17.006 0.0000000000
93550  -42.876  38.984  27.161 0.0000000000
95848  -40.223  42.207  26.966 0.0000000000
104116  -34.099  55.488  11.844 0.0000000000
100662  -47.173  50.135  10.972 0.0000000000
97851  -41.426  45.881  26.671 0.0000000000
97900  -43.129  45.878  24.043 0.0000000000
101830  -38.836  52.188  14.785 0.0000000000
101798  -41.912  51.714  16.225 0.0000000000
101174  -49.890  51.313  21.052 0.0000000000
101173  -47.229  51.501  21.089 0.0000000000
100580  -49.407  49.279  22.463 0.0000000000
98641  -48.957  47.350  24.833 0.0000000000
98656  -50.369  46.648  23.838 0.0000000000
97894  -50.002  45.088  24.659 0.0000000000
97241  -50.250  44.931  21.644 0.0000000000
94689  -45.306  40.446  17.244 0.0000000000
102956  -44.928  54.008  14.049 0.0000000000
102382  -44.406  52.599  15.569 0.0000000000
102947  -47.725  54.109  15.505 0.0000000000
102922  -49.872  53.316  18.165 0.0000000000
100603  -51.781  49.357  18.826 0.0000000000
97291  -50.550  45.178  18.898 0.0000000000
99399  -49.575  47.437  18.480 0.0000000000
98704  -46.738  46.825  18.819 0.0000000000
91921  -45.655  34.781  27.043 0.0000000000
93553  -45.500  38.583  28.163 0.0000000000
95814  -46.349  41.948  29.233 0.0000000000
102963  -32.066  53.614  13.665 0.0000000000
102409  -35.809  52.330  13.083 0.0000000000
102429  -38.478  52.509  12.664 0.0000000000
102433  -42.434  53.118  12.835 0.0000000000
101852  -45.288  52.178  12.676 0.0000000000
102450  -48.765  52.373  11.478 0.0000000000
101270  -50.998  50.635  11.431 0.0000000000
99486  -50.736  47.601  11.269 0.0000000000
97169  -40.618  45.508  29.181 0.0000000000
97157  -43.052  45.589  30.275 0.0000000000
97790  -46.357  45.899  30.540 0.0000000000
101167  -41.387  50.789  20.736 0.0000000000
101772  -44.457  51.889  18.814 0.0000000000
101170  -44.407  51.129  20.737 0.0000000000
99379  -44.376  48.027  21.659 0.0000000000
98639  -46.579  46.866  24.756 0.0000000000
98592  -46.998  47.194  28.109 0.0000000000
98559  -49.051  45.950  29.989 0.0000000000
97826  -49.351  45.038  28.154 0.0000000000
97219  -47.261  44.123  24.981 0.0000000000
95862  -44.418  42.195  23.534 0.0000000000
95885  -48.085  42.722  19.565 0.0000000000
95883  -45.402  42.037  20.550 0.0000000000
94639  -42.264  40.008  22.297 0.0000000000
94064  -48.385  39.892  29.663 0.0000000000
94065  -49.114  39.984  29.669 0.0000000000
95802  -49.323  42.411  30.392 0.0000000000
102440  -50.510  52.338  12.605 0.0000000000
102420  -50.303  52.751  13.179 0.0000000000
101842  -49.283  51.668  13.355 0.0000000000
101833  -48.129  51.079  14.636 0.0000000000
99364  -42.182  48.198  22.750 0.0000000000
101832  -40.287  52.479  14.737 0.0000000000
100591  -50.555  49.713  21.120 0.0000000000
100590  -49.700  49.830  22.089 0.0000000000
100004  -50.320  48.716  21.856 0.0000000000
99373  -50.282  47.554  22.503 0.0000000000
98668  -50.724  46.637  21.400 0.0000000000
97908  -50.436  45.647  22.788 0.0000000000
97910  -50.541  45.700  21.529 0.0000000000
102970  -45.873  54.210  13.612 0.0000000000
102957  -45.921  54.370  14.246 0.0000000000
103531  -47.238  54.510  14.274 0.0000000000
102387  -50.044  53.199  15.942 0.0000000000
102930  -49.640  53.992  17.096 0.0000000000
102360  -50.627  52.463  17.478 0.0000000000
101194  -51.357  50.833  18.406 0.0000000000
101207  -51.447  49.806  17.808 0.0000000000
100021  -50.959  48.298  18.162 0.0000000000
100618  -50.352  49.780  17.482 0.0000000000
100018  -47.757  48.428  18.412 0.0000000000
94592  -43.485  40.402  27.508 0.0000000000
93552  -44.301  38.624  27.660 0.0000000000
94593  -44.559  40.464  27.975 0.0000000000
94073  -45.962  39.485  28.565 0.0000000000
95812  -44.758  42.669  28.441 0.0000000000
102990  -34.612  53.738  11.068 0.0000000000
102425  -34.400  52.939  12.106 0.0000000000
102426  -35.456  52.568  12.159 0.0000000000
102428  -37.531  52.453  12.523 0.0000000000
102447  -37.260  52.425  11.593 0.0000000000
101245  -41.879  51.147  12.091 0.0000000000
101848  -40.974  51.689  12.149 0.0000000000
101850  -43.072  52.168  12.588 0.0000000000
102434  -43.499  53.118  12.851 0.0000000000
101248  -44.805  51.284  12.306 0.0000000000
101281  -48.627  50.062  10.609 0.0000000000
101267  -48.329  50.728  10.984 0.0000000000
101268  -49.624  51.147  10.751 0.0000000000
101868  -50.787  51.555  11.124 0.0000000000
100678  -50.672  49.666  10.768 0.0000000000
100069  -50.871  48.688  11.518 0.0000000000
100078  -50.811  48.639  10.983 0.0000000000
99975  -39.026  48.564  25.168 0.0000000000
99329  -38.064  47.400  25.428 0.0000000000
98616  -38.643  46.665  26.065 0.0000000000
97820  -39.124  45.465  28.206 0.0000000000
97835  -39.585  46.197  27.569 0.0000000000
97838  -42.513  46.176  27.843 0.0000000000
97823  -41.791  46.584  28.975 0.0000000000
98572  -43.262  46.995  29.129 0.0000000000
97808  -44.511  46.153  30.466 0.0000000000
98573  -44.489  46.921  29.189 0.0000000000
101191  -40.559  50.471  18.930 0.0000000000
101181  -40.479  50.476  19.965 0.0000000000
101182  -41.437  50.728  19.719 0.0000000000
102358  -46.777  52.953  17.927 0.0000000000
101802  -44.795  52.101  17.453 0.0000000000
102357  -45.910  52.421  18.482 0.0000000000
100587  -46.867  50.027  21.354 0.0000000000
101171  -45.361  51.178  20.664 0.0000000000
100586  -45.810  49.668  21.161 0.0000000000
100585  -44.626  50.025  20.983 0.0000000000
99381  -45.980  47.907  22.149 0.0000000000
98663  -45.018  46.768  22.727 0.0000000000
99369  -46.569  47.758  22.626 0.0000000000
98622  -49.236  47.309  25.998 0.0000000000
98621  -47.985  47.319  25.925 0.0000000000
98607  -49.426  47.177  27.152 0.0000000000
98576  -48.311  47.082  29.216 0.0000000000
98594  -49.414  46.899  28.251 0.0000000000
97827  -49.607  45.530  28.721 0.0000000000
97857  -50.262  45.676  26.915 0.0000000000
97232  -48.958  44.486  23.001 0.0000000000
97221  -48.876  44.645  24.705 0.0000000000
97230  -47.435  44.111  23.717 0.0000000000
96548  -45.785  43.363  24.490 0.0000000000
96559  -46.084  43.358  22.396 0.0000000000
97289  -48.401  44.061  18.561 0.0000000000
96605  -49.074  43.634  19.023 0.0000000000
96604  -48.486  43.207  18.673 0.0000000000
95265  -44.126  40.434  18.331 0.0000000000
95254  -45.321  41.016  18.916 0.0000000000
95237  -43.636  41.070  19.903 0.0000000000
95874  -43.868  41.869  21.766 0.0000000000
94644  -42.177  40.343  21.196 0.0000000000
94643  -41.726  39.788  21.633 0.0000000000
93054  -48.145  37.322  28.417 0.0000000000
95816  -48.905  42.144  28.869 0.0000000000
103557  -49.930  54.058  12.462 0.0000000000
103545  -48.928  54.752  13.623 0.0000000000
102961  -49.992  53.623  13.794 0.0000000000
102402  -49.804  53.038  14.367 0.0000000000
102371  -49.831  52.126  16.006 0.0000000000
101785  -49.522  51.029  16.590 0.0000000000
101804  -49.258  51.629  16.058 0.0000000000
92532  -42.803  36.617  26.973 0.0000000000
94104  -41.663  39.454  26.781 0.0000000000
95180  -42.033  41.813  27.212 0.0000000000
103580  -35.714  54.580  10.028 0.0000000000
101265  -45.495  50.586  11.767 0.0000000000
100075  -48.421  48.871  10.238 0.0000000000
99489  -49.895  47.968  10.225 0.0000000000
98603  -40.273  46.377  26.640 0.0000000000
97891  -42.700  45.708  24.853 0.0000000000
97874  -43.942  45.596  25.700 0.0000000000
101201  -41.541  50.826  17.680 0.0000000000
102328  -49.219  52.714  20.587 0.0000000000
102326  -47.201  52.435  20.517 0.0000000000
101736  -48.593  51.978  21.371 0.0000000000
100589  -48.805  50.274  22.158 0.0000000000
99991  -48.254  48.837  22.603 0.0000000000
99358  -48.018  47.704  23.666 0.0000000000
99372  -49.550  48.059  23.221 0.0000000000
99360  -49.910  47.330  23.842 0.0000000000
98643  -50.456  46.442  25.010 0.0000000000
97878  -50.480  45.850  26.171 0.0000000000
97904  -50.389  45.788  24.021 0.0000000000
97233  -49.714  44.773  22.902 0.0000000000
97239  -49.001  44.368  21.906 0.0000000000
95281  -47.154  41.856  17.401 0.0000000000
101153  -40.588  50.796  21.946 0.0000000000
102954  -42.991  53.592  13.827 0.0000000000
102381  -42.974  52.805  15.149 0.0000000000
102400  -44.384  53.485  14.498 0.0000000000
102383  -45.877  53.098  15.653 0.0000000000
102359  -47.653  53.602  17.526 0.0000000000
103518  -48.879  54.501  15.931 0.0000000000
102929  -48.962  54.460  17.222 0.0000000000
102350  -48.708  53.750  18.756 0.0000000000
101763  -50.196  52.346  19.543 0.0000000000
101184  -51.208  50.635  19.380 0.0000000000
100009  -51.605  48.476  19.738 0.0000000000
97915  -51.313  46.188  19.616 0.0000000000
98709  -51.415  47.212  18.603 0.0000000000
98707  -50.253  46.581  18.497 0.0000000000
98706  -49.014  46.383  18.516 0.0000000000
100607  -48.430  49.259  18.095 0.0000000000
98705  -47.803  46.725  18.765 0.0000000000
92534  -44.991  36.017  26.970 0.0000000000
92505  -46.223  36.258  27.258 0.0000000000
92506  -47.769  36.375  27.778 0.0000000000
93041  -47.422  38.042  28.644 0.0000000000
94074  -47.090  39.599  29.109 0.0000000000
95806  -47.706  42.371  30.344 0.0000000000
101825  -33.635  51.979  14.361 0.0000000000
102407  -33.613  52.650  13.183 0.0000000000
101837  -35.194  52.004  13.813 0.0000000000
101839  -37.141  52.303  14.061 0.0000000000
102394  -38.436  52.474  14.096 0.0000000000
102413  -39.870  52.884  13.383 0.0000000000
101860  -38.510  52.039  11.219 0.0000000000
101846  -39.337  52.224  12.078 0.0000000000
102431  -40.389  52.680  12.667 0.0000000000
102415  -41.948  53.391  13.295 0.0000000000
102968  -43.462  53.466  13.366 0.0000000000
102981  -44.725  53.484  13.227 0.0000000000
102983  -46.504  53.817  13.010 0.0000000000
101249  -45.897  51.376  12.250 0.0000000000
101854  -47.389  52.370  12.108 0.0000000000
102438  -48.414  52.994  11.865 0.0000000000
102993  -50.015  53.257  11.558 0.0000000000
101857  -50.919  51.627  11.795 0.0000000000
100653  -50.406  49.637  12.220 0.0000000000
99482  -50.203  47.698  12.095 0.0000000000
99490  -50.537  47.515  10.590 0.0000000000
96513  -40.257  43.772  28.231 0.0000000000
96515  -42.261  43.464  28.196 0.0000000000
97822  -40.843  46.189  28.680 0.0000000000
97170  -41.459  45.183  29.533 0.0000000000
96493  -42.910  44.248  28.886 0.0000000000
96478  -44.544  44.487  29.680 0.0000000000
97159  -45.750  44.676  30.069 0.0000000000
97143  -47.748  44.274  30.355 0.0000000000
100582  -42.102  50.288  21.817 0.0000000000
101819  -43.288  52.191  15.904 0.0000000000
101782  -43.662  51.558  17.462 0.0000000000
101759  -43.063  51.299  18.953 0.0000000000
102337  -46.068  52.291  20.130 0.0000000000
101747  -43.998  51.696  20.211 0.0000000000
101746  -43.115  51.503  19.919 0.0000000000
101156  -42.970  50.716  21.218 0.0000000000
100584  -43.499  49.869  21.275 0.0000000000
99996  -42.639  48.785  21.941 0.0000000000
98662  -44.097  46.709  22.631 0.0000000000
97902  -44.753  46.128  23.943 0.0000000000
97855  -45.191  46.250  26.475 0.0000000000
98653  -47.340  47.279  24.114 0.0000000000
98620  -46.834  46.926  25.778 0.0000000000
98591  -45.563  46.788  27.888 0.0000000000
98575  -47.128  47.244  29.177 0.0000000000
98545  -47.294  46.345  30.411 0.0000000000
97144  -48.835  44.317  30.656 0.0000000000
97145  -49.274  44.280  30.289 0.0000000000
96499  -49.117  44.065  29.279 0.0000000000
96520  -48.361  43.809  27.937 0.0000000000
97856  -49.632  45.120  26.220 0.0000000000
97197  -48.765  44.742  26.441 0.0000000000
96533  -47.442  43.574  26.922 0.0000000000
96541  -46.057  42.898  26.116 0.0000000000
95854  -45.034  42.176  25.082 0.0000000000
97266  -50.017  44.206  19.774 0.0000000000
96569  -48.851  43.606  20.183 0.0000000000
96568  -47.661  43.126  20.501 0.0000000000
95256  -47.059  41.432  18.271 0.0000000000
95884  -46.813  42.278  19.989 0.0000000000
95877  -46.637  42.817  20.897 0.0000000000
95868  -44.635  42.397  22.429 0.0000000000
95214  -43.645  41.524  23.199 0.0000000000
94563  -48.495  41.306  30.467 0.0000000000
94571  -48.933  40.589  30.166 0.0000000000
94564  -48.775  41.217  30.486 0.0000000000
94565  -49.222  41.128  30.338 0.0000000000
95149  -49.109  41.733  30.582 0.0000000000
101855  -49.820  51.382  12.679 0.0000000000
101843  -50.144  52.028  12.795 0.0000000000
99988  -42.321  48.720  22.393 0.0000000000
102396  -40.395  52.837  14.223 0.0000000000
102379  -41.057  52.616  14.745 0.0000000000
102380  -41.958  52.812  14.921 0.0000000000
100008  -51.029  48.638  20.668 0.0000000000
98671  -51.177  46.756  20.351 0.0000000000
102971  -47.078  54.339  13.321 0.0000000000
103543  -46.730  54.536  13.808 0.0000000000
103544  -47.777  54.603  13.706 0.0000000000
102372  -50.351  52.508  16.558 0.0000000000
101787  -50.786  51.745  17.156 0.0000000000
101774  -51.018  51.714  17.931 0.0000000000
101206  -51.091  50.631  17.395 0.0000000000
100619  -51.135  49.614  17.676 0.0000000000
101218  -50.508  51.013  16.843 0.0000000000
95182  -43.809  41.230  27.805 0.0000000000
94578  -45.014  40.781  28.180 0.0000000000
95834  -44.229  41.920  28.060 0.0000000000
102456  -35.483  53.327  10.729 0.0000000000
102445  -35.214  53.052  11.245 0.0000000000
102446  -36.247  52.660  11.402 0.0000000000
102427  -36.506  52.450  12.323 0.0000000000
101262  -42.356  50.485  11.563 0.0000000000
101261  -41.440  50.768  11.506 0.0000000000
101246  -42.714  51.185  12.217 0.0000000000
101247  -43.718  51.238  12.283 0.0000000000
100676  -48.942  49.553  10.415 0.0000000000
101282  -49.317  50.319  10.576 0.0000000000
101283  -50.330  50.668  10.656 0.0000000000
100077  -50.307  48.699  10.551 0.0000000000
100560  -39.681  49.247  25.082 0.0000000000
99345  -39.246  47.809  25.310 0.0000000000
99330  -38.566  47.301  25.580 0.0000000000
99331  -39.302  47.200  25.650 0.0000000000
97849  -39.098  46.125  27.028 0.0000000000
97839  -43.556  46.361  27.879 0.0000000000
97824  -42.742  46.732  28.670 0.0000000000
98589  -43.529  46.750  28.518 0.0000000000
98554  -43.516  46.816  29.921 0.0000000000
101200  -40.646  50.650  17.913 0.0000000000
102348  -46.788  52.810  19.115 0.0000000000
100001  -47.553  49.246  21.964 0.0000000000
100000  -46.387  48.622  21.827 0.0000000000
99989  -46.731  48.266  22.270 0.0000000000
98623  -50.233  46.963  26.050 0.0000000000
98595  -50.034  46.125  28.283 0.0000000000
97231  -48.050  44.217  23.155 0.0000000000
96553  -46.905  43.879  22.901 0.0000000000
95251  -42.925  40.410  19.027 0.0000000000
95253  -44.358  40.835  19.087 0.0000000000
95236  -42.902  40.594  19.614 0.0000000000
95227  -42.881  40.855  20.627 0.0000000000
94653  -42.176  40.347  20.082 0.0000000000
94652  -41.299  39.945  20.590 0.0000000000
93055  -48.908  37.483  28.744 0.0000000000
95168  -49.484  41.174  29.274 0.0000000000
95156  -49.401  41.725  29.357 0.0000000000
103546  -49.816  54.279  13.246 0.0000000000
102973  -50.414  53.466  12.680 0.0000000000
102419  -49.487  52.451  13.953 0.0000000000
102386  -49.827  52.782  15.504 0.0000000000
102385  -49.458  52.133  15.571 0.0000000000
102370  -49.564  51.967  15.851 0.0000000000
101821  -48.018  50.914  15.295 0.0000000000
94103  -40.671  39.422  26.600 0.0000000000
95199  -42.191  41.158  27.032 0.0000000000
95849  -41.194  42.058  27.035 0.0000000000
104129  -35.096  55.039  10.593 0.0000000000
100089  -48.862  48.284  10.097 0.0000000000
100088  -48.066  48.183  9.893 0.0000000000
98648  -42.524  46.450  23.557 0.0000000000
98637  -42.160  46.105  24.145 0.0000000000
97873  -42.980  45.559  25.759 0.0000000000
97892  -43.542  45.667  24.793 0.0000000000
101829  -37.753  52.054  14.624 0.0000000000
101213  -41.649  51.203  16.851 0.0000000000
102314  -48.838  52.457  21.164 0.0000000000
101737  -49.346  51.987  21.122 0.0000000000
100579  -48.989  49.493  22.528 0.0000000000
100002  -48.378  49.584  22.176 0.0000000000
99992  -49.215  48.774  22.772 0.0000000000
99371  -48.622  48.223  23.244 0.0000000000
99361  -50.330  47.027  23.214 0.0000000000
98655  -50.195  47.098  24.198 0.0000000000
97234  -50.136  44.960  22.491 0.0000000000
97240  -49.725  44.567  21.781 0.0000000000
102955  -43.943  53.636  13.909 0.0000000000
102399  -43.494  53.315  14.519 0.0000000000
102946  -47.029  53.992  15.223 0.0000000000
102945  -46.218  53.898  14.980 0.0000000000
102936  -47.352  53.758  15.967 0.0000000000
102368  -46.813  53.269  16.620 0.0000000000
102369  -47.653  53.758  16.690 0.0000000000
103533  -49.523  54.319  14.331 0.0000000000
103532  -48.427  54.489  14.758 0.0000000000
103519  -49.346  54.294  15.448 0.0000000000
103496  -49.191  54.491  16.896 0.0000000000
102921  -49.184  53.952  18.073 0.0000000000
102908  -49.321  53.516  18.929 0.0000000000
102341  -49.718  52.930  19.565 0.0000000000
102351  -49.982  52.939  18.840 0.0000000000
100602  -51.605  49.945  19.201 0.0000000000
100597  -51.349  49.573  19.863 0.0000000000
100012  -51.789  48.411  19.046 0.0000000000
98682  -51.650  47.004  18.906 0.0000000000
99402  -51.412  47.707  18.582 0.0000000000
100020  -50.116  48.327  18.309 0.0000000000
99400  -50.601  47.489  18.365 0.0000000000
101204  -48.731  50.482  16.989 0.0000000000
100617  -49.180  49.928  17.566 0.0000000000
99397  -47.181  47.592  18.605 0.0000000000
93076  -43.352  37.375  27.141 0.0000000000
92533  -44.047  36.699  27.085 0.0000000000
93077  -43.940  37.415  27.262 0.0000000000
93052  -45.774  37.424  27.714 0.0000000000
93053  -46.951  37.247  27.962 0.0000000000
93554  -46.414  37.990  28.274 0.0000000000
95164  -45.922  41.320  28.824 0.0000000000
94580  -46.627  40.574  29.155 0.0000000000
95165  -46.505  41.317  29.255 0.0000000000
94569  -47.386  40.790  29.688 0.0000000000
95805  -46.827  42.618  29.675 0.0000000000
102952  -31.536  53.573  14.427 0.0000000000
102942  -31.555  53.445  15.414 0.0000000000
102405  -31.988  53.044  14.224 0.0000000000
102391  -32.411  52.558  14.628 0.0000000000
102392  -32.991  52.372  14.086 0.0000000000
104115  -33.307  55.425  12.416 0.0000000000
103554  -33.499  54.626  12.088 0.0000000000
102424  -33.790  53.086  12.450 0.0000000000
102408  -34.767  52.355  12.985 0.0000000000
101836  -34.325  52.048  13.742 0.0000000000
101838  -36.179  52.139  13.952 0.0000000000
102411  -37.866  52.494  13.526 0.0000000000
102412  -38.900  52.653  13.396 0.0000000000
102395  -39.355  52.663  14.104 0.0000000000
101861  -39.146  51.926  11.488 0.0000000000
101847  -39.897  52.089  12.053 0.0000000000
102432  -41.420  52.805  12.746 0.0000000000
102414  -40.899  53.120  13.375 0.0000000000
102416  -42.300  53.440  13.134 0.0000000000
102967  -42.545  53.489  13.317 0.0000000000
102980  -42.850  53.440  13.040 0.0000000000
102435  -44.640  53.152  12.930 0.0000000000
102436  -45.867  53.041  12.859 0.0000000000
102982  -45.332  53.613  13.205 0.0000000000
101266  -46.814  50.951  11.634 0.0000000000
101866  -49.102  51.791  11.176 0.0000000000
101865  -47.982  51.847  11.613 0.0000000000
102439  -49.240  53.249  11.646 0.0000000000
102992  -49.562  53.291  11.602 0.0000000000
102451  -49.487  52.734  11.364 0.0000000000
101253  -50.846  50.650  12.021 0.0000000000
100654  -50.943  49.648  11.741 0.0000000000
99483  -50.706  47.970  11.732 0.0000000000
99485  -50.510  47.311  11.646 0.0000000000
98811  -50.091  46.776  11.816 0.0000000000
97183  -38.300  45.030  28.002 0.0000000000
97168  -39.476  45.176  28.740 0.0000000000
96489  -39.041  44.547  28.457 0.0000000000
96490  -39.843  44.545  28.777 0.0000000000
96514  -41.269  43.657  28.189 0.0000000000
96491  -40.824  44.479  28.927 0.0000000000
97850  -40.851  46.069  26.451 0.0000000000
97836  -40.532  46.257  27.516 0.0000000000
97837  -41.523  46.139  27.788 0.0000000000
97805  -41.879  46.551  29.834 0.0000000000
97804  -41.214  46.114  29.396 0.0000000000
97156  -42.016  45.794  30.136 0.0000000000
97171  -42.400  45.001  29.703 0.0000000000
96494  -44.187  44.034  29.100 0.0000000000
97172  -43.464  44.790  29.743 0.0000000000
97789  -45.260  46.117  30.548 0.0000000000
97140  -45.031  45.623  30.489 0.0000000000
97141  -45.524  45.475  30.428 0.0000000000
97160  -46.810  44.215  30.079 0.0000000000
97142  -46.586  45.051  30.360 0.0000000000
101154  -41.496  50.650  21.731 0.0000000000
101820  -43.888  52.076  16.182 0.0000000000
101783  -44.379  51.771  17.856 0.0000000000
101771  -43.745  51.528  18.436 0.0000000000
101770  -43.012  51.248  17.972 0.0000000000
101751  -47.552  52.086  21.037 0.0000000000
102338  -46.652  52.593  19.963 0.0000000000
101750  -46.803  51.869  20.755 0.0000000000
101748  -44.915  51.752  20.341 0.0000000000
101169  -43.404  51.275  20.681 0.0000000000
99998  -44.004  48.918  21.277 0.0000000000
99997  -43.167  48.962  21.582 0.0000000000
99378  -43.440  48.172  21.704 0.0000000000
99366  -43.710  47.381  22.106 0.0000000000
98651  -45.325  46.533  23.472 0.0000000000
98638  -45.468  46.360  24.504 0.0000000000
97875  -44.882  46.014  25.579 0.0000000000
98619  -45.840  46.453  25.596 0.0000000000
98654  -48.218  47.447  24.296 0.0000000000
98606  -48.193  47.257  27.072 0.0000000000
98605  -46.937  47.044  26.903 0.0000000000
98604  -45.972  46.617  26.614 0.0000000000
98574  -45.836  47.063  29.158 0.0000000000
98577  -49.176  46.493  29.214 0.0000000000
98558  -48.271  46.610  29.988 0.0000000000
98546  -48.242  45.949  30.409 0.0000000000
97792  -48.414  45.182  30.484 0.0000000000
98547  -48.760  45.614  30.353 0.0000000000
97809  -49.289  45.568  29.953 0.0000000000
97175  -49.307  44.843  29.046 0.0000000000
97174  -48.842  44.318  28.500 0.0000000000
97895  -50.372  45.661  25.099 0.0000000000
97877  -50.033  45.208  25.595 0.0000000000
97220  -48.110  44.386  24.880 0.0000000000
97211  -48.942  44.804  25.531 0.0000000000
97210  -47.985  44.373  25.684 0.0000000000
97196  -47.838  44.134  26.549 0.0000000000
97195  -47.048  43.697  26.407 0.0000000000
97209  -47.098  44.015  25.787 0.0000000000
95863  -45.176  42.824  23.960 0.0000000000
95858  -45.215  42.736  24.884 0.0000000000
95857  -44.745  42.195  24.531 0.0000000000
95209  -44.370  41.507  24.301 0.0000000000
95215  -44.057  41.570  23.778 0.0000000000
97930  -51.142  45.571  19.213 0.0000000000
97267  -50.605  44.834  19.500 0.0000000000
96585  -48.828  43.302  19.216 0.0000000000
96586  -49.372  43.782  19.457 0.0000000000
95886  -48.576  43.060  19.398 0.0000000000
95280  -46.586  41.418  17.092 0.0000000000
95268  -46.520  41.080  17.675 0.0000000000
95239  -45.886  41.587  19.581 0.0000000000
95876  -45.762  42.707  21.479 0.0000000000
95875  -44.531  42.107  21.408 0.0000000000
95220  -42.829  40.928  21.721 0.0000000000
95221  -43.421  41.525  22.175 0.0000000000
95213  -42.952  40.805  22.720 0.0000000000
94632  -43.305  40.323  23.557 0.0000000000
93532  -48.422  39.408  29.513 0.0000000000
93533  -48.776  39.380  29.546 0.0000000000
94066  -49.462  39.900  29.291 0.0000000000
102441  -50.771  52.570  12.320 0.0000000000
102421  -50.716  53.019  12.620 0.0000000000
101834  -48.797  51.845  14.287 0.0000000000
99356  -42.255  47.121  23.136 0.0000000000
98660  -42.626  47.003  22.904 0.0000000000
101831  -39.784  52.374  14.764 0.0000000000
101816  -40.454  52.133  15.301 0.0000000000
101175  -50.606  50.761  20.466 0.0000000000
101162  -50.043  50.581  21.374 0.0000000000
100003  -49.724  49.022  22.409 0.0000000000
99993  -49.855  48.434  22.596 0.0000000000
98665  -50.510  46.533  22.569 0.0000000000
103542  -46.205  54.553  13.949 0.0000000000
103530  -46.446  54.545  14.132 0.0000000000
102959  -47.517  54.296  14.884 0.0000000000
102950  -49.909  53.531  15.953 0.0000000000
102939  -49.758  53.934  16.098 0.0000000000
102940  -50.142  53.463  16.472 0.0000000000
102931  -50.350  53.215  17.255 0.0000000000
102923  -50.380  52.924  17.801 0.0000000000
102352  -50.444  52.556  18.345 0.0000000000
101195  -51.658  50.028  18.143 0.0000000000
100611  -51.549  49.364  18.138 0.0000000000
100620  -51.420  49.459  17.865 0.0000000000
100609  -50.646  49.046  17.914 0.0000000000
100616  -47.945  49.932  17.381 0.0000000000
91232  -45.016  34.408  27.099 0.0000000000
94084  -42.929  39.567  27.183 0.0000000000
93050  -43.758  37.966  27.356 0.0000000000
94085  -43.895  39.524  27.596 0.0000000000
94086  -44.790  39.364  27.981 0.0000000000
94087  -45.343  39.281  28.253 0.0000000000
93540  -45.998  38.928  28.477 0.0000000000
94594  -45.221  39.801  28.217 0.0000000000
94579  -45.467  40.527  28.435 0.0000000000
95813  -45.603  42.244  28.743 0.0000000000
103540  -31.540  54.427  13.840 0.0000000000
103564  -33.955  54.564  11.604 0.0000000000
102977  -33.779  53.688  11.977 0.0000000000
102978  -34.324  53.373  11.643 0.0000000000
102410  -36.832  52.417  13.255 0.0000000000
101863  -40.848  51.105  11.546 0.0000000000
101849  -42.057  52.028  12.493 0.0000000000
101851  -44.145  52.200  12.654 0.0000000000
101867  -50.102  51.882  10.789 0.0000000000
101873  -50.504  51.324  10.764 0.0000000000
101284  -50.923  50.580  10.917 0.0000000000
100663  -50.984  49.656  11.212 0.0000000000
100542  -40.306  49.850  25.285 0.0000000000
100559  -38.749  49.405  25.043 0.0000000000
99344  -38.411  47.866  25.259 0.0000000000
97834  -38.752  45.651  27.524 0.0000000000
97821  -39.891  45.971  28.541 0.0000000000
97852  -42.295  45.736  26.782 0.0000000000
98571  -42.337  46.919  29.421 0.0000000000
97806  -42.692  46.455  30.278 0.0000000000
97807  -43.774  46.239  30.306 0.0000000000
98555  -44.829  46.769  30.130 0.0000000000
98543  -45.573  46.675  30.296 0.0000000000
102367  -45.484  52.386  16.971 0.0000000000
102366  -44.756  52.302  16.429 0.0000000000
101784  -45.037  52.122  18.137 0.0000000000
101773  -45.207  52.220  19.137 0.0000000000
101159  -47.401  50.853  21.330 0.0000000000
101172  -46.484  50.969  20.951 0.0000000000
101158  -46.926  50.621  21.214 0.0000000000
100595  -45.574  50.471  20.883 0.0000000000
100594  -44.974  50.721  20.784 0.0000000000
99999  -45.101  48.813  21.364 0.0000000000
99380  -45.355  47.971  21.883 0.0000000000
99367  -44.691  47.305  22.161 0.0000000000
99368  -45.567  47.425  22.395 0.0000000000
98664  -45.785  47.032  22.937 0.0000000000
98652  -46.343  46.999  23.664 0.0000000000
98593  -48.300  47.259  28.213 0.0000000000
98578  -49.508  45.884  29.288 0.0000000000
97843  -49.868  45.568  27.874 0.0000000000
97228  -49.563  44.834  23.861 0.0000000000
97222  -49.545  44.849  24.665 0.0000000000
97227  -48.880  44.558  23.909 0.0000000000
97226  -48.149  44.293  24.110 0.0000000000
97225  -47.505  44.161  24.349 0.0000000000
96546  -46.427  43.754  25.126 0.0000000000
96549  -46.689  43.886  24.132 0.0000000000
96552  -45.915  43.429  23.444 0.0000000000
95869  -45.275  42.874  22.865 0.0000000000
97290  -49.567  44.316  18.931 0.0000000000
95917  -48.071  42.540  18.554 0.0000000000
94677  -45.046  40.339  17.516 0.0000000000
95267  -45.630  40.674  17.832 0.0000000000
95266  -44.855  40.484  18.227 0.0000000000
95238  -44.678  41.512  20.097 0.0000000000
95229  -44.390  41.843  20.834 0.0000000000
95228  -43.712  41.581  21.066 0.0000000000
94638  -41.891  39.685  22.039 0.0000000000
94140  -41.088  39.431  21.373 0.0000000000
91895  -48.603  35.367  27.969 0.0000000000
103556  -49.117  54.452  12.759 0.0000000000
103555  -48.319  54.577  13.148 0.0000000000
101805  -50.196  51.567  16.520 0.0000000000
101217  -48.710  50.920  16.435 0.0000000000
101822  -48.689  51.665  15.234 0.0000000000
101803  -48.344  51.002  15.886 0.0000000000
91918  -43.064  35.717  26.947 0.0000000000
93075  -42.497  37.485  26.965 0.0000000000
93573  -42.378  38.648  26.991 0.0000000000
94610  -41.194  40.334  26.663 0.0000000000
94105  -42.301  39.498  26.964 0.0000000000
94591  -42.875  40.394  27.223 0.0000000000
95181  -42.840  41.247  27.374 0.0000000000
95832  -42.589  42.433  27.717 0.0000000000
103565  -34.369  54.565  11.171 0.0000000000
102996  -35.002  54.142  10.597 0.0000000000
101264  -44.362  50.467  11.777 0.0000000000
100675  -47.930  49.653  10.560 0.0000000000
100076  -49.409  48.736  10.297 0.0000000000
99488  -49.332  48.123  10.139 0.0000000000
97890  -41.940  45.871  24.773 0.0000000000
97872  -42.107  45.660  25.736 0.0000000000
97853  -43.277  45.720  26.799 0.0000000000
97854  -44.303  45.877  26.665 0.0000000000
101193  -42.298  50.975  18.368 0.0000000000
102340  -48.676  53.360  19.758 0.0000000000
102339  -47.551  52.975  19.895 0.0000000000
102327  -48.257  52.606  20.844 0.0000000000
101752  -48.069  52.128  21.217 0.0000000000
101161  -49.301  51.095  21.733 0.0000000000
101160  -48.351  51.023  21.650 0.0000000000
100588  -47.959  50.143  21.706 0.0000000000
99370  -47.644  48.097  23.012 0.0000000000
99359  -48.999  47.680  23.926 0.0000000000
99347  -49.439  47.461  24.286 0.0000000000
98642  -50.054  47.208  24.814 0.0000000000
98624  -50.516  46.263  26.012 0.0000000000
97903  -50.071  45.214  23.982 0.0000000000
97907  -50.195  45.244  23.252 0.0000000000
97238  -48.369  44.208  22.306 0.0000000000
96614  -47.220  42.609  17.559 0.0000000000
95931  -46.807  42.080  17.010 0.0000000000
95295  -46.331  41.734  16.775 0.0000000000
95278  -44.945  40.579  16.696 0.0000000000
94688  -44.792  40.351  16.904 0.0000000000
94676  -44.387  40.289  17.562 0.0000000000
94675  -43.466  40.235  17.780 0.0000000000
102398  -42.497  53.341  14.358 0.0000000000
102944  -45.289  53.587  14.738 0.0000000000
102948  -48.321  54.324  15.677 0.0000000000
103508  -49.329  54.378  16.387 0.0000000000
103507  -49.029  54.597  16.693 0.0000000000
102938  -48.630  54.408  16.494 0.0000000000
102928  -48.292  54.056  17.038 0.0000000000
102920  -48.474  53.922  17.931 0.0000000000
101753  -50.078  51.947  20.223 0.0000000000
101764  -50.672  51.747  19.096 0.0000000000
101754  -50.678  51.300  19.822 0.0000000000
99385  -51.414  47.660  20.152 0.0000000000
98672  -51.530  46.885  19.519 0.0000000000
97931  -51.492  46.280  18.997 0.0000000000
97957  -50.952  45.997  18.633 0.0000000000
99401  -51.205  47.627  18.414 0.0000000000
98708  -51.069  46.857  18.396 0.0000000000
97956  -49.936  45.548  18.644 0.0000000000
97955  -48.790  45.147  18.607 0.0000000000
97954  -47.964  44.783  18.620 0.0000000000
101205  -49.998  50.518  16.974 0.0000000000
100608  -49.632  49.162  18.011 0.0000000000
100019  -48.972  48.397  18.442 0.0000000000
99398  -48.373  47.506  18.615 0.0000000000
91919  -44.065  35.500  26.902 0.0000000000
91920  -44.919  35.138  26.927 0.0000000000
92535  -45.613  35.489  26.992 0.0000000000
93051  -44.601  37.576  27.492 0.0000000000
92504  -45.022  36.842  27.296 0.0000000000
91893  -46.257  35.192  27.098 0.0000000000
91894  -47.257  35.258  27.385 0.0000000000
93541  -46.615  38.791  28.649 0.0000000000
93542  -48.014  39.018  29.290 0.0000000000
94063  -47.571  40.218  29.557 0.0000000000
94570  -48.131  40.951  30.184 0.0000000000
95155  -47.871  41.616  30.331 0.0000000000
103541  -32.287  54.480  13.188 0.0000000000
102976  -33.241  54.099  12.354 0.0000000000
102964  -32.954  53.614  12.890 0.0000000000
102406  -32.597  52.901  13.730 0.0000000000
101826  -34.590  51.725  14.526 0.0000000000
101827  -35.566  51.712  14.654 0.0000000000
101828  -36.606  51.826  14.741 0.0000000000
102393  -37.931  52.402  14.096 0.0000000000
102458  -37.103  52.620  10.683 0.0000000000
102448  -38.259  52.261  11.790 0.0000000000
102449  -38.921  52.309  12.131 0.0000000000
102430  -39.392  52.573  12.612 0.0000000000
102953  -42.270  53.527  13.684 0.0000000000
102417  -44.101  53.391  13.185 0.0000000000
102969  -44.590  53.636  13.485 0.0000000000
102984  -47.951  54.036  12.671 0.0000000000
101864  -47.024  51.741  12.010 0.0000000000
101853  -46.444  52.161  12.440 0.0000000000
102437  -47.100  53.100  12.530 0.0000000000
102985  -49.358  53.734  11.973 0.0000000000
102986  -50.314  53.580  11.998 0.0000000000
102987  -50.773  53.114  12.101 0.0000000000
102452  -50.383  52.554  11.307 0.0000000000
102453  -50.777  52.459  11.712 0.0000000000
101856  -50.541  51.650  12.346 0.0000000000
100067  -50.733  48.667  12.078 0.0000000000
98826  -50.700  46.595  10.868 0.0000000000
95829  -39.714  43.096  27.540 0.0000000000
97167  -38.802  44.826  28.376 0.0000000000
96512  -39.250  43.862  28.241 0.0000000000
95830  -40.745  42.972  27.503 0.0000000000
95831  -41.699  42.748  27.579 0.0000000000
98587  -39.897  46.457  27.076 0.0000000000
98588  -40.075  46.422  27.259 0.0000000000
97154  -41.064  45.821  29.459 0.0000000000
96492  -41.832  44.385  28.898 0.0000000000
96516  -43.240  43.221  28.252 0.0000000000
96517  -44.001  42.857  28.197 0.0000000000
96495  -45.342  43.329  28.999 0.0000000000
97158  -44.459  45.173  30.197 0.0000000000
96479  -45.067  44.258  29.598 0.0000000000
96480  -46.196  43.667  29.586 0.0000000000
96481  -47.245  43.470  30.099 0.0000000000
96473  -47.994  43.203  30.478 0.0000000000
101799  -42.698  51.768  16.377 0.0000000000
101801  -44.364  52.018  16.802 0.0000000000
101800  -43.469  51.783  16.618 0.0000000000
101214  -42.288  51.407  16.792 0.0000000000
101202  -42.287  51.126  17.456 0.0000000000
102347  -45.995  52.432  19.494 0.0000000000
101749  -45.934  51.859  20.454 0.0000000000
101762  -45.398  52.225  19.956 0.0000000000
101761  -44.597  51.989  19.701 0.0000000000
101760  -43.818  51.685  19.395 0.0000000000
101183  -42.298  51.053  19.390 0.0000000000
101168  -42.361  51.128  20.492 0.0000000000
101157  -43.763  50.663  21.015 0.0000000000
101155  -42.170  50.756  21.390 0.0000000000
100583  -42.602  49.805  21.691 0.0000000000
100578  -42.369  49.239  22.048 0.0000000000
99365  -42.663  47.777  22.410 0.0000000000
98661  -43.170  46.862  22.746 0.0000000000
98649  -43.560  46.283  23.315 0.0000000000
98650  -44.470  46.299  23.284 0.0000000000
97901  -44.005  45.847  23.931 0.0000000000
97893  -44.447  45.871  24.705 0.0000000000
97840  -44.694  46.378  27.397 0.0000000000
99357  -47.188  47.549  23.411 0.0000000000
98640  -47.658  47.231  24.947 0.0000000000
97841  -45.355  46.497  27.083 0.0000000000
98556  -46.107  47.028  29.958 0.0000000000
98557  -47.224  46.964  29.953 0.0000000000
97791  -47.442  45.501  30.470 0.0000000000
96474  -48.603  43.377  30.662 0.0000000000
96475  -49.139  43.374  30.571 0.0000000000
96483  -49.431  43.295  29.858 0.0000000000
97810  -49.389  45.293  29.634 0.0000000000
97162  -49.371  44.475  29.766 0.0000000000
96482  -49.184  43.011  29.464 0.0000000000
96498  -48.731  43.183  28.791 0.0000000000
97858  -50.566  46.046  26.663 0.0000000000
97842  -49.506  45.168  27.194 0.0000000000
97876  -49.613  45.000  25.636 0.0000000000
97185  -48.657  44.491  27.443 0.0000000000
97184  -48.009  43.828  27.273 0.0000000000
96519  -47.836  43.006  27.570 0.0000000000
96518  -47.244  42.801  27.136 0.0000000000
96531  -46.300  42.774  26.368 0.0000000000
96545  -45.757  43.190  25.415 0.0000000000
97914  -50.928  45.726  20.274 0.0000000000
97248  -50.442  44.863  20.543 0.0000000000
96570  -49.568  43.911  19.979 0.0000000000
97247  -49.768  44.299  20.679 0.0000000000
97246  -49.241  44.235  21.080 0.0000000000
96561  -48.186  43.838  21.352 0.0000000000
95916  -47.634  42.332  17.985 0.0000000000
95255  -46.340  41.251  18.607 0.0000000000
95899  -46.985  41.631  18.933 0.0000000000
96567  -47.020  42.897  20.697 0.0000000000
96560  -46.949  43.395  21.503 0.0000000000
95861  -44.113  42.083  22.910 0.0000000000
91233  -45.630  34.291  27.184 0.0000000000
92503  -44.548  37.047  27.293 0.0000000000
93042  -48.543  38.059  28.960 0.0000000000
93551  -43.319  38.762  27.295 0.0000000000
93574  -43.059  38.045  27.173 0.0000000000
94075  -47.768  39.648  29.436 0.0000000000
94665  -42.948  40.319  18.497 0.0000000000
95150  -49.451  41.532  30.183 0.0000000000
95154  -47.183  41.504  29.762 0.0000000000
95163  -45.009  41.395  28.256 0.0000000000
95183  -44.383  41.243  28.021 0.0000000000
95240  -46.558  41.640  19.263 0.0000000000
95252  -43.487  40.528  18.927 0.0000000000
95279  -45.634  40.699  16.946 0.0000000000
95294  -45.748  41.359  16.662 0.0000000000
95800  -48.401  42.626  30.660 0.0000000000
95801  -48.935  42.530  30.785 0.0000000000
95807  -49.264  42.572  29.447 0.0000000000
95835  -47.207  42.405  27.163 0.0000000000
95850  -46.174  42.422  26.301 0.0000000000
95855  -45.518  42.257  25.641 0.0000000000
95867  -43.968  42.005  22.340 0.0000000000
95882  -44.737  41.924  20.732 0.0000000000
95901  -48.408  42.706  18.938 0.0000000000
95932  -47.238  42.132  17.439 0.0000000000
95943  -46.350  42.010  16.723 0.0000000000
96488  -38.710  44.532  28.310 0.0000000000
96496  -46.084  42.768  29.190 0.0000000000
96532  -46.777  42.945  26.690 0.0000000000
96542  -46.427  43.504  25.967 0.0000000000
96562  -48.819  44.056  21.086 0.0000000000
97155  -41.363  45.859  29.638 0.0000000000
97161  -47.276  43.987  30.175 0.0000000000
97173  -43.999  44.669  29.743 0.0000000000
97212  -49.487  44.887  25.220 0.0000000000
97793  -49.158  45.185  30.295 0.0000000000
97794  -49.390  44.848  30.064 0.0000000000
97825  -43.243  46.767  28.574 0.0000000000
97899  -42.487  45.950  24.227 0.0000000000
97958  -51.367  46.630  18.665 0.0000000000
98544  -46.261  46.573  30.350 0.0000000000
98552  -42.146  46.918  29.788 0.0000000000
98553  -42.526  46.923  29.831 0.0000000000
98560  -49.328  45.697  29.731 0.0000000000
98570  -42.046  46.801  29.616 0.0000000000
98601  -39.037  46.432  26.545 0.0000000000
98609  -50.577  46.170  26.468 0.0000000000
98679  -46.424  46.084  18.974 0.0000000000
99348  -49.668  47.373  24.462 0.0000000000
99377  -42.950  48.384  21.853 0.0000000000
99386  -51.714  47.661  19.328 0.0000000000
99389  -51.605  47.702  18.792 0.0000000000
99987  -42.021  48.708  23.017 0.0000000000
100022  -51.456  48.431  18.484 0.0000000000
100596  -46.192  50.276  21.058 0.0000000000
100598  -51.718  48.949  19.349 0.0000000000
100610  -51.266  49.046  18.001 0.0000000000
101185  -51.636  50.163  18.757 0.0000000000
101219  -50.705  51.358  16.933 0.0000000000
101250  -46.531  51.521  12.112 0.0000000000
101269  -50.214  51.298  10.670 0.0000000000
101735  -47.877  51.622  21.313 0.0000000000
101781  -42.914  51.403  17.095 0.0000000000
101786  -50.121  51.012  16.662 0.0000000000
101824  -32.971  52.173  14.691 0.0000000000
101840  -37.670  52.372  14.093 0.0000000000
101874  -50.732  51.073  10.812 0.0000000000
102313  -48.578  52.394  21.180 0.0000000000
102324  -46.141  52.126  20.317 0.0000000000
102325  -46.457  52.206  20.359 0.0000000000
102342  -50.207  52.539  19.103 0.0000000000
102378  -40.542  52.526  14.730 0.0000000000
102384  -46.680  53.567  15.646 0.0000000000
102418  -44.474  53.442  13.223 0.0000000000
102444  -34.610  53.241  11.492 0.0000000000
102459  -37.978  52.192  10.934 0.0000000000
102909  -49.690  53.191  18.898 0.0000000000
102937  -48.025  54.084  16.236 0.0000000000
102958  -46.694  54.334  14.582 0.0000000000
102960  -48.013  54.294  15.179 0.0000000000
102965  -33.513  53.235  12.625 0.0000000000
102966  -42.260  53.489  13.414 0.0000000000
102979  -42.525  53.469  13.048 0.0000000000
102989  -34.105  54.097  11.395 0.0000000000
102991  -35.182  53.448  10.827 0.0000000000
102994  -50.553  53.052  11.701 0.0000000000
102997  -35.524  53.794  10.358 0.0000000000
102998  -36.065  53.484  10.198 0.0000000000
103495  -49.023  54.656  16.981 0.0000000000
103529  -46.160  54.512  14.167 0.0000000000
103572  -34.798  54.579  10.765 0.0000000000
103573  -35.268  54.589  10.400 0.0000000000
104122  -34.263  55.027  11.395 0.0000000000
104657  -33.090  56.067  12.763 0.0000000000
