#!ascii label  , from subject sub-02 vox2ras=TkReg
1446
59483  -38.332  0.362  43.248 0.0000000000
70376  -51.214  11.074  33.719 0.0000000000
62999  -47.358  3.537  38.396 0.0000000000
46137  -11.183  -11.250  69.602 0.0000000000
59434  -34.674  0.638  47.242 0.0000000000
47310  -27.508  -10.343  64.611 0.0000000000
47398  -35.612  -10.172  60.823 0.0000000000
51553  -40.924  -6.377  55.709 0.0000000000
57063  -41.033  -1.837  52.739 0.0000000000
48383  -19.173  -9.930  62.379 0.0000000000
46190  -23.941  -11.269  65.761 0.0000000000
48422  -22.709  -9.676  60.330 0.0000000000
49514  -30.996  -8.737  56.339 0.0000000000
49533  -36.123  -7.938  55.898 0.0000000000
62859  -41.459  3.383  48.826 0.0000000000
61826  -45.914  3.177  46.972 0.0000000000
66183  -50.307  6.767  36.378 0.0000000000
60832  -43.472  0.947  40.551 0.0000000000
70407  -47.914  10.653  30.440 0.0000000000
44018  -7.835  -13.687  69.803 0.0000000000
61773  -38.949  2.626  50.593 0.0000000000
61879  -35.399  2.285  44.942 0.0000000000
49466  -26.598  -9.032  58.029 0.0000000000
46246  -31.405  -11.477  61.788 0.0000000000
62921  -51.445  3.437  44.675 0.0000000000
71551  -58.014  11.523  25.162 0.0000000000
51589  -37.545  -6.324  53.172 0.0000000000
53963  -38.785  -5.077  52.163 0.0000000000
48401  -20.317  -9.820  61.313 0.0000000000
50545  -33.135  -7.443  53.414 0.0000000000
50547  -35.307  -6.867  53.378 0.0000000000
50489  -38.408  -7.588  55.920 0.0000000000
60712  -40.201  1.324  46.276 0.0000000000
61805  -43.986  2.869  48.099 0.0000000000
60734  -42.510  1.436  45.404 0.0000000000
68301  -51.143  9.072  34.984 0.0000000000
69318  -52.798  9.195  38.502 0.0000000000
72594  -52.181  13.435  32.879 0.0000000000
46172  -10.025  -11.808  66.505 0.0000000000
45139  -9.209  -12.169  70.037 0.0000000000
57099  -38.634  -1.178  49.881 0.0000000000
59377  -40.617  0.234  51.670 0.0000000000
60671  -36.869  1.625  49.307 0.0000000000
62854  -36.765  2.700  48.241 0.0000000000
61834  -34.484  1.859  46.476 0.0000000000
47308  -25.370  -10.853  64.822 0.0000000000
47236  -26.304  -10.813  68.149 0.0000000000
47259  -28.341  -10.725  66.704 0.0000000000
47261  -30.313  -10.834  66.050 0.0000000000
50481  -23.863  -8.059  56.075 0.0000000000
50502  -26.131  -7.995  55.284 0.0000000000
48475  -33.366  -9.896  58.827 0.0000000000
47417  -31.018  -10.229  58.891 0.0000000000
46262  -33.391  -11.167  60.744 0.0000000000
46220  -33.450  -11.879  63.619 0.0000000000
47273  -15.907  -10.195  65.699 0.0000000000
47207  -17.082  -10.378  68.519 0.0000000000
47129  -16.859  -10.224  72.348 0.0000000000
60853  -45.708  1.880  39.567 0.0000000000
60780  -47.893  1.885  43.126 0.0000000000
62953  -50.379  3.114  41.658 0.0000000000
71573  -58.987  11.579  23.770 0.0000000000
46098  -10.164  -11.804  73.411 0.0000000000
52682  -42.113  -5.786  58.410 0.0000000000
54997  -43.445  -3.443  57.608 0.0000000000
55036  -41.028  -4.067  53.934 0.0000000000
55096  -39.459  -3.184  51.287 0.0000000000
47277  -19.807  -10.412  65.553 0.0000000000
47232  -21.886  -10.776  67.492 0.0000000000
47328  -21.465  -10.550  63.607 0.0000000000
47349  -22.797  -10.515  62.779 0.0000000000
47373  -25.066  -9.941  61.969 0.0000000000
50523  -28.393  -7.720  54.439 0.0000000000
50542  -30.247  -7.529  53.451 0.0000000000
49530  -33.329  -8.162  55.699 0.0000000000
49494  -35.963  -8.863  57.951 0.0000000000
49470  -38.040  -8.237  58.067 0.0000000000
50461  -40.253  -7.271  58.100 0.0000000000
48381  -17.107  -9.809  62.199 0.0000000000
64961  -41.839  4.661  51.801 0.0000000000
65987  -45.098  6.248  53.966 0.0000000000
63894  -44.422  4.880  51.077 0.0000000000
64995  -46.688  5.005  49.551 0.0000000000
64072  -48.984  4.928  37.590 0.0000000000
64031  -51.576  4.790  40.765 0.0000000000
66146  -52.552  6.945  39.859 0.0000000000
38940  -3.340  -18.402  71.821 0.0000000000
59526  -41.198  0.459  41.531 0.0000000000
60885  -41.661  1.527  37.816 0.0000000000
64095  -45.721  4.305  35.000 0.0000000000
66216  -47.084  5.994  34.183 0.0000000000
68313  -47.962  8.241  33.138 0.0000000000
69382  -48.570  9.791  32.490 0.0000000000
71447  -49.223  11.400  32.027 0.0000000000
70395  -46.909  10.475  31.221 0.0000000000
45090  -8.648  -13.914  73.883 0.0000000000
41655  -6.448  -16.437  73.517 0.0000000000
39836  -5.053  -17.701  73.211 0.0000000000
62753  -43.491  2.769  56.724 0.0000000000
58168  -42.561  -0.673  55.556 0.0000000000
60610  -42.118  1.876  54.970 0.0000000000
63868  -41.306  3.674  52.728 0.0000000000
62836  -39.840  3.788  49.897 0.0000000000
61838  -37.990  2.321  46.705 0.0000000000
59469  -37.128  0.821  44.016 0.0000000000
47192  -23.709  -10.517  70.064 0.0000000000
48466  -24.505  -9.087  58.855 0.0000000000
48426  -26.633  -9.744  60.364 0.0000000000
49487  -28.798  -8.839  57.145 0.0000000000
47391  -28.802  -10.295  60.218 0.0000000000
47336  -29.336  -10.699  63.191 0.0000000000
46205  -31.115  -11.352  64.297 0.0000000000
47269  -11.968  -11.221  65.829 0.0000000000
47271  -13.993  -10.686  65.676 0.0000000000
47203  -13.273  -10.768  68.546 0.0000000000
60758  -44.893  1.689  44.204 0.0000000000
62910  -48.955  3.496  46.016 0.0000000000
65026  -52.072  5.434  46.905 0.0000000000
63983  -53.831  4.542  43.313 0.0000000000
72620  -50.705  12.359  30.374 0.0000000000
72623  -52.947  12.740  29.586 0.0000000000
73716  -55.313  13.339  28.665 0.0000000000
70446  -55.685  11.309  26.804 0.0000000000
73726  -58.750  14.070  27.437 0.0000000000
51607  -36.372  -6.213  52.224 0.0000000000
52797  -36.627  -5.641  51.143 0.0000000000
51640  -35.271  -5.873  50.429 0.0000000000
50562  -34.252  -6.909  52.396 0.0000000000
50563  -35.126  -6.622  52.496 0.0000000000
50549  -37.186  -6.649  53.575 0.0000000000
60753  -39.201  0.720  44.583 0.0000000000
60732  -40.730  1.016  45.539 0.0000000000
59473  -40.840  0.566  44.206 0.0000000000
70365  -51.037  10.299  33.960 0.0000000000
70342  -51.921  9.943  36.203 0.0000000000
70355  -52.464  11.059  35.404 0.0000000000
71432  -52.509  11.978  34.512 0.0000000000
72583  -51.309  12.253  33.196 0.0000000000
46157  -11.072  -11.529  67.544 0.0000000000
46143  -9.707  -11.919  68.326 0.0000000000
46136  -10.529  -11.526  69.429 0.0000000000
59436  -35.807  -0.072  48.117 0.0000000000
59403  -37.448  0.560  49.444 0.0000000000
60699  -35.430  0.960  47.925 0.0000000000
61799  -35.874  1.541  47.395 0.0000000000
60697  -34.481  1.465  46.892 0.0000000000
47188  -19.363  -10.617  69.556 0.0000000000
47309  -26.465  -10.540  64.748 0.0000000000
47283  -26.235  -10.833  65.893 0.0000000000
47284  -27.370  -10.585  65.779 0.0000000000
47239  -29.337  -10.913  67.237 0.0000000000
47311  -28.476  -10.381  64.410 0.0000000000
48452  -34.558  -9.875  59.444 0.0000000000
47420  -33.143  -10.354  59.343 0.0000000000
46264  -34.876  -10.884  61.099 0.0000000000
46237  -34.866  -11.576  62.550 0.0000000000
47251  -18.331  -10.396  66.585 0.0000000000
47208  -18.070  -10.537  68.517 0.0000000000
47166  -18.553  -10.559  70.544 0.0000000000
63814  -44.674  3.598  56.669 0.0000000000
61961  -46.995  3.001  39.491 0.0000000000
61925  -47.732  2.424  41.049 0.0000000000
62970  -48.277  3.287  40.407 0.0000000000
52726  -41.855  -5.712  56.545 0.0000000000
53896  -42.231  -5.022  56.404 0.0000000000
52762  -41.015  -5.493  54.778 0.0000000000
53979  -39.235  -3.975  51.555 0.0000000000
55112  -38.249  -3.553  49.975 0.0000000000
56112  -37.500  -2.277  48.939 0.0000000000
47326  -19.490  -10.189  63.559 0.0000000000
47303  -20.191  -10.400  64.564 0.0000000000
47346  -20.039  -10.098  62.919 0.0000000000
48421  -21.658  -9.704  60.338 0.0000000000
47370  -22.277  -10.221  61.988 0.0000000000
48403  -22.412  -9.939  61.204 0.0000000000
47372  -24.083  -10.117  61.987 0.0000000000
48404  -23.386  -9.856  61.180 0.0000000000
50557  -29.464  -7.298  52.768 0.0000000000
50507  -34.904  -7.641  55.121 0.0000000000
49542  -33.569  -7.705  55.049 0.0000000000
49531  -34.384  -7.974  55.622 0.0000000000
49493  -34.612  -8.984  57.393 0.0000000000
49519  -36.295  -8.272  56.587 0.0000000000
49469  -37.250  -8.649  58.560 0.0000000000
49495  -37.167  -8.409  57.461 0.0000000000
51536  -39.922  -7.044  55.857 0.0000000000
50470  -39.387  -7.597  56.970 0.0000000000
51528  -40.784  -6.904  57.276 0.0000000000
51521  -41.521  -6.251  58.354 0.0000000000
48382  -18.095  -9.814  62.235 0.0000000000
63922  -41.676  4.107  50.173 0.0000000000
63893  -43.573  4.774  51.170 0.0000000000
63923  -42.612  4.059  50.022 0.0000000000
61825  -44.803  2.781  47.396 0.0000000000
62842  -45.239  4.255  49.052 0.0000000000
62864  -46.215  4.104  48.039 0.0000000000
65007  -47.708  5.088  48.533 0.0000000000
63948  -47.713  4.458  47.630 0.0000000000
66170  -49.948  6.132  37.020 0.0000000000
66144  -50.837  6.121  39.190 0.0000000000
66172  -51.085  7.145  37.821 0.0000000000
70310  -53.902  9.843  38.963 0.0000000000
65166  -46.260  4.544  34.783 0.0000000000
66214  -44.972  6.008  34.289 0.0000000000
68311  -45.682  8.171  33.242 0.0000000000
68326  -47.133  8.993  32.648 0.0000000000
69368  -48.711  8.918  32.950 0.0000000000
69381  -47.632  9.662  32.180 0.0000000000
70382  -47.419  10.112  31.661 0.0000000000
45147  -8.174  -13.041  68.618 0.0000000000
41674  -7.135  -14.977  70.526 0.0000000000
45067  -9.721  -12.380  75.081 0.0000000000
43972  -9.417  -13.129  73.341 0.0000000000
45065  -8.645  -13.748  74.856 0.0000000000
41646  -6.903  -16.361  74.867 0.0000000000
40722  -6.114  -17.000  74.577 0.0000000000
39837  -5.712  -17.393  73.039 0.0000000000
39831  -5.320  -17.656  74.041 0.0000000000
38936  -4.402  -18.565  72.698 0.0000000000
56048  -42.148  -2.524  54.886 0.0000000000
56024  -43.168  -2.522  56.798 0.0000000000
57056  -42.161  -1.686  54.787 0.0000000000
60647  -39.908  1.710  51.340 0.0000000000
59356  -41.779  0.734  53.666 0.0000000000
60626  -41.153  2.218  52.876 0.0000000000
61734  -42.011  2.564  54.400 0.0000000000
62798  -40.430  3.360  51.916 0.0000000000
63901  -40.336  4.044  51.146 0.0000000000
62821  -39.125  3.276  50.316 0.0000000000
62908  -35.692  2.582  46.033 0.0000000000
62893  -36.926  2.589  46.858 0.0000000000
61861  -36.457  2.158  45.549 0.0000000000
60729  -37.264  1.761  45.638 0.0000000000
60750  -36.260  1.554  44.535 0.0000000000
47255  -22.529  -10.893  66.313 0.0000000000
47213  -23.391  -10.834  68.857 0.0000000000
47234  -24.091  -11.053  67.887 0.0000000000
49483  -25.212  -8.646  57.500 0.0000000000
49482  -24.268  -8.690  57.547 0.0000000000
48467  -25.439  -9.082  58.876 0.0000000000
48425  -25.652  -9.494  60.373 0.0000000000
48446  -26.877  -9.577  59.405 0.0000000000
49526  -29.373  -8.267  55.665 0.0000000000
49525  -28.690  -8.335  55.985 0.0000000000
49513  -30.044  -8.668  56.367 0.0000000000
47406  -30.655  -10.635  59.524 0.0000000000
48450  -30.054  -10.223  59.239 0.0000000000
47392  -29.825  -10.804  60.490 0.0000000000
47377  -29.145  -10.654  61.366 0.0000000000
47357  -30.310  -11.142  62.467 0.0000000000
46204  -30.570  -11.075  64.263 0.0000000000
46218  -31.478  -11.597  63.508 0.0000000000
49427  -39.380  -8.688  61.250 0.0000000000
47272  -14.954  -10.416  65.688 0.0000000000
47225  -14.845  -10.367  67.570 0.0000000000
47224  -13.904  -10.553  67.576 0.0000000000
48303  -16.366  -9.603  73.850 0.0000000000
59527  -42.258  0.541  41.575 0.0000000000
59507  -42.830  0.613  42.500 0.0000000000
59529  -43.946  0.768  42.089 0.0000000000
61900  -50.304  2.533  43.601 0.0000000000
61883  -48.303  2.175  44.148 0.0000000000
61868  -49.958  3.066  45.116 0.0000000000
62898  -50.148  4.044  46.272 0.0000000000
63970  -51.939  4.418  45.554 0.0000000000
65119  -53.533  5.421  41.005 0.0000000000
64007  -52.862  4.470  41.563 0.0000000000
65092  -54.747  5.588  42.064 0.0000000000
71468  -48.697  11.000  30.791 0.0000000000
72610  -50.029  12.194  31.326 0.0000000000
70409  -49.509  11.271  30.090 0.0000000000
71482  -51.685  11.759  29.294 0.0000000000
71492  -52.662  11.585  28.637 0.0000000000
73706  -54.471  13.341  29.431 0.0000000000
71494  -54.398  12.122  28.378 0.0000000000
70489  -55.601  10.677  25.440 0.0000000000
70488  -54.486  10.614  25.436 0.0000000000
70467  -56.551  11.313  26.125 0.0000000000
72654  -56.646  12.519  26.986 0.0000000000
72656  -58.483  13.026  26.333 0.0000000000
72664  -59.302  12.869  25.731 0.0000000000
71574  -60.080  11.777  23.652 0.0000000000
51571  -39.280  -6.465  54.295 0.0000000000
52774  -40.213  -5.255  53.703 0.0000000000
52787  -38.476  -5.640  52.640 0.0000000000
52809  -37.421  -5.024  50.770 0.0000000000
48400  -19.364  -9.794  61.375 0.0000000000
50561  -33.249  -7.269  52.474 0.0000000000
50546  -34.178  -7.188  53.426 0.0000000000
50508  -35.941  -7.649  55.224 0.0000000000
50488  -37.580  -7.699  55.845 0.0000000000
50532  -37.249  -6.984  54.299 0.0000000000
50533  -38.081  -6.909  54.410 0.0000000000
61821  -40.329  2.493  47.552 0.0000000000
62860  -42.486  3.258  48.785 0.0000000000
61842  -41.829  1.863  46.877 0.0000000000
61843  -42.878  1.978  46.669 0.0000000000
61844  -44.117  2.080  46.171 0.0000000000
68288  -50.780  8.029  36.048 0.0000000000
67211  -51.043  7.782  37.144 0.0000000000
69339  -51.686  9.237  36.610 0.0000000000
70332  -52.844  10.433  37.532 0.0000000000
73675  -52.780  14.044  32.374 0.0000000000
45158  -9.111  -12.352  68.180 0.0000000000
45123  -8.212  -13.090  70.276 0.0000000000
57084  -40.038  -1.482  51.094 0.0000000000
58193  -41.331  -0.627  52.906 0.0000000000
58199  -40.167  -0.339  51.177 0.0000000000
59385  -38.712  0.737  50.366 0.0000000000
60657  -38.195  2.090  50.198 0.0000000000
62820  -38.251  3.028  50.035 0.0000000000
61786  -36.600  2.444  48.918 0.0000000000
62891  -35.850  2.246  46.556 0.0000000000
61859  -35.054  2.483  45.570 0.0000000000
47282  -25.086  -11.175  65.939 0.0000000000
46161  -24.895  -11.173  67.058 0.0000000000
47257  -25.881  -11.025  66.961 0.0000000000
47237  -27.151  -10.841  68.349 0.0000000000
46164  -30.400  -11.292  67.226 0.0000000000
50482  -24.858  -8.220  56.032 0.0000000000
49509  -26.393  -8.574  56.729 0.0000000000
49491  -32.488  -9.040  57.126 0.0000000000
48490  -30.980  -9.477  57.787 0.0000000000
48474  -32.317  -9.965  58.497 0.0000000000
47407  -31.938  -11.070  59.930 0.0000000000
46261  -32.380  -11.351  60.867 0.0000000000
46235  -32.791  -11.750  62.639 0.0000000000
46236  -33.804  -11.726  62.605 0.0000000000
47323  -16.629  -10.169  63.914 0.0000000000
47274  -16.874  -10.163  65.693 0.0000000000
47206  -16.104  -10.317  68.521 0.0000000000
47163  -15.542  -10.376  70.452 0.0000000000
47165  -17.532  -10.477  70.477 0.0000000000
60833  -44.545  1.252  40.531 0.0000000000
60814  -45.383  1.371  41.419 0.0000000000
60815  -46.451  1.716  41.313 0.0000000000
61910  -49.469  2.321  42.355 0.0000000000
62938  -51.319  3.012  42.788 0.0000000000
70417  -47.484  10.663  29.338 0.0000000000
70418  -48.667  10.508  29.397 0.0000000000
70429  -48.392  10.600  28.414 0.0000000000
70511  -57.600  11.060  24.599 0.0000000000
71552  -58.725  11.746  24.726 0.0000000000
70531  -58.005  10.987  23.673 0.0000000000
70556  -58.706  11.198  22.377 0.0000000000
47159  -11.949  -10.950  70.505 0.0000000000
46116  -10.656  -11.549  71.396 0.0000000000
53861  -43.881  -4.447  58.393 0.0000000000
53880  -42.992  -4.537  57.556 0.0000000000
55023  -42.476  -3.442  55.525 0.0000000000
55057  -41.132  -3.345  53.750 0.0000000000
53948  -40.487  -4.523  53.416 0.0000000000
55056  -40.658  -3.452  53.084 0.0000000000
56077  -39.993  -2.441  51.754 0.0000000000
56105  -39.139  -2.270  50.447 0.0000000000
57109  -37.402  -1.316  48.913 0.0000000000
47252  -19.328  -10.415  66.550 0.0000000000
47231  -20.803  -10.548  67.502 0.0000000000
47278  -20.808  -10.530  65.492 0.0000000000
47279  -21.813  -10.664  65.416 0.0000000000
47280  -22.673  -10.917  65.278 0.0000000000
48385  -20.878  -10.007  62.073 0.0000000000
47329  -22.445  -10.712  63.626 0.0000000000
47306  -23.096  -10.950  64.628 0.0000000000
47331  -24.552  -10.740  63.796 0.0000000000
47332  -25.618  -10.498  63.760 0.0000000000
47352  -25.826  -10.125  62.788 0.0000000000
50524  -29.217  -7.740  54.278 0.0000000000
49539  -30.740  -8.096  54.891 0.0000000000
50527  -31.925  -7.754  54.171 0.0000000000
49540  -31.670  -7.998  54.925 0.0000000000
49515  -31.965  -8.742  56.345 0.0000000000
49492  -33.512  -9.000  57.220 0.0000000000
48494  -34.935  -9.297  58.269 0.0000000000
48453  -35.541  -9.743  60.029 0.0000000000
48408  -36.900  -9.898  61.357 0.0000000000
49450  -36.908  -8.925  59.574 0.0000000000
49439  -38.341  -8.557  60.403 0.0000000000
50440  -39.012  -7.974  59.571 0.0000000000
50459  -38.741  -7.852  57.557 0.0000000000
50451  -39.671  -7.627  58.858 0.0000000000
50441  -39.936  -7.669  59.789 0.0000000000
50442  -40.935  -7.156  59.945 0.0000000000
47324  -17.582  -10.115  63.887 0.0000000000
64922  -42.960  4.973  53.963 0.0000000000
64950  -43.400  5.275  52.596 0.0000000000
64951  -44.569  5.866  52.750 0.0000000000
64965  -45.388  5.376  51.416 0.0000000000
62840  -43.967  3.707  49.295 0.0000000000
63908  -45.706  4.811  50.092 0.0000000000
64061  -48.552  4.569  38.167 0.0000000000
64029  -49.780  4.466  40.256 0.0000000000
65131  -49.855  5.306  39.406 0.0000000000
65134  -51.997  6.277  40.024 0.0000000000
66134  -53.685  6.572  40.411 0.0000000000
67189  -52.282  7.954  38.940 0.0000000000
67166  -54.136  7.457  40.283 0.0000000000
59523  -38.084  0.277  41.461 0.0000000000
59504  -39.715  0.396  42.405 0.0000000000
59547  -38.437  0.377  40.534 0.0000000000
59549  -40.560  0.558  40.594 0.0000000000
59568  -41.006  0.851  39.685 0.0000000000
60868  -42.135  1.319  38.658 0.0000000000
60870  -44.166  1.495  38.759 0.0000000000
60888  -44.615  1.721  38.117 0.0000000000
61987  -46.283  2.813  37.587 0.0000000000
63025  -46.817  3.527  36.487 0.0000000000
64082  -47.778  4.268  36.346 0.0000000000
65168  -48.325  4.925  35.601 0.0000000000
65186  -49.083  6.167  34.792 0.0000000000
66238  -45.581  6.809  33.923 0.0000000000
66240  -47.580  6.713  34.015 0.0000000000
67232  -49.071  6.975  34.196 0.0000000000
68314  -49.443  8.046  33.615 0.0000000000
69369  -49.524  9.438  33.036 0.0000000000
70374  -49.829  10.437  32.962 0.0000000000
71449  -50.285  11.593  32.917 0.0000000000
70384  -48.796  10.724  32.101 0.0000000000
70396  -47.941  10.502  31.231 0.0000000000
70416  -46.255  11.166  29.178 0.0000000000
45107  -9.545  -12.533  72.051 0.0000000000
45106  -9.065  -13.081  71.496 0.0000000000
43979  -8.356  -13.734  72.090 0.0000000000
42723  -7.719  -14.861  74.847 0.0000000000
42726  -7.528  -14.953  73.790 0.0000000000
42733  -7.663  -14.470  71.284 0.0000000000
40737  -6.784  -16.175  71.898 0.0000000000
40735  -5.587  -17.273  71.548 0.0000000000
39850  -4.630  -17.591  71.710 0.0000000000
39842  -4.179  -17.957  72.328 0.0000000000
63829  -44.062  3.562  56.191 0.0000000000
58151  -43.403  -0.023  57.078 0.0000000000
58177  -41.971  -0.257  54.320 0.0000000000
59339  -42.519  0.621  55.653 0.0000000000
61718  -43.137  2.411  56.425 0.0000000000
62774  -42.826  3.309  55.005 0.0000000000
63859  -42.586  3.998  54.197 0.0000000000
63881  -41.435  4.267  52.345 0.0000000000
63902  -40.756  4.204  51.172 0.0000000000
62858  -40.377  3.532  48.877 0.0000000000
62856  -38.246  3.387  48.705 0.0000000000
62877  -38.815  3.277  48.002 0.0000000000
62878  -39.844  3.206  48.087 0.0000000000
60711  -39.142  1.490  46.241 0.0000000000
60730  -38.386  1.264  45.514 0.0000000000
59482  -37.394  0.420  43.265 0.0000000000
60706  -33.016  1.623  46.219 0.0000000000
61857  -32.933  2.242  45.653 0.0000000000
61876  -32.624  2.287  44.745 0.0000000000
61897  -33.745  2.329  44.430 0.0000000000
60772  -34.013  1.930  43.768 0.0000000000
60793  -34.679  0.965  42.744 0.0000000000
59500  -35.892  0.400  42.393 0.0000000000
59521  -36.185  0.286  41.474 0.0000000000
47214  -24.487  -10.746  69.001 0.0000000000
48464  -22.553  -9.331  58.686 0.0000000000
49481  -23.199  -8.921  57.731 0.0000000000
48442  -23.102  -9.492  59.481 0.0000000000
48424  -24.702  -9.517  60.373 0.0000000000
47374  -26.025  -9.825  61.861 0.0000000000
47353  -26.813  -10.171  62.607 0.0000000000
50503  -27.152  -7.982  55.299 0.0000000000
50484  -26.743  -8.393  55.978 0.0000000000
49467  -27.378  -9.100  57.920 0.0000000000
48489  -30.005  -9.414  57.766 0.0000000000
48470  -28.235  -9.355  58.262 0.0000000000
48447  -27.734  -9.712  59.191 0.0000000000
48427  -27.426  -9.950  59.949 0.0000000000
47354  -27.806  -10.277  62.423 0.0000000000
47335  -28.555  -10.395  63.348 0.0000000000
47312  -29.333  -10.610  64.169 0.0000000000
47262  -30.874  -10.947  65.580 0.0000000000
46188  -11.293  -11.488  66.039 0.0000000000
46158  -11.767  -11.340  67.526 0.0000000000
47297  -14.381  -10.540  64.751 0.0000000000
47296  -13.371  -10.657  64.741 0.0000000000
47270  -12.997  -10.813  65.709 0.0000000000
47223  -13.047  -10.910  67.584 0.0000000000
47202  -12.282  -11.063  68.558 0.0000000000
47160  -12.767  -10.770  70.477 0.0000000000
47127  -14.832  -10.158  72.523 0.0000000000
59486  -41.345  0.480  43.374 0.0000000000
60757  -44.161  1.608  44.392 0.0000000000
61864  -45.045  2.141  45.460 0.0000000000
60778  -45.996  1.610  43.194 0.0000000000
61866  -47.561  2.475  45.307 0.0000000000
62895  -47.520  3.570  46.761 0.0000000000
63959  -49.053  4.412  46.848 0.0000000000
64005  -51.095  4.084  41.141 0.0000000000
62939  -52.527  3.710  42.607 0.0000000000
62923  -52.935  4.001  44.123 0.0000000000
72592  -50.540  12.293  32.581 0.0000000000
73682  -51.193  13.077  31.437 0.0000000000
73683  -52.055  13.758  31.460 0.0000000000
71481  -50.473  11.792  29.909 0.0000000000
73703  -51.922  12.774  30.166 0.0000000000
73693  -52.766  13.822  30.723 0.0000000000
73695  -54.864  14.094  30.030 0.0000000000
73707  -55.652  14.111  29.282 0.0000000000
70444  -54.135  10.846  27.182 0.0000000000
72643  -55.301  12.437  27.875 0.0000000000
73725  -57.413  13.730  27.570 0.0000000000
71553  -59.896  12.246  24.635 0.0000000000
51623  -34.973  -6.259  51.188 0.0000000000
51624  -35.945  -5.989  51.356 0.0000000000
50575  -33.978  -6.757  51.594 0.0000000000
51605  -34.665  -6.579  51.805 0.0000000000
51606  -35.512  -6.392  51.983 0.0000000000
59471  -38.866  0.579  44.030 0.0000000000
59472  -39.780  0.594  44.244 0.0000000000
59484  -39.284  0.421  43.285 0.0000000000
70366  -51.803  10.892  34.493 0.0000000000
70367  -52.399  11.436  34.775 0.0000000000
71431  -52.128  11.580  34.305 0.0000000000
71441  -52.196  11.977  34.074 0.0000000000
71440  -51.735  11.711  33.785 0.0000000000
46145  -11.377  -11.308  68.524 0.0000000000
46144  -10.462  -11.605  68.434 0.0000000000
59421  -36.353  0.312  48.546 0.0000000000
59420  -35.712  0.557  48.150 0.0000000000
60698  -34.954  1.212  47.375 0.0000000000
60708  -34.361  1.111  47.088 0.0000000000
47189  -20.421  -10.553  69.628 0.0000000000
47210  -20.118  -10.549  68.542 0.0000000000
47333  -26.647  -10.287  63.667 0.0000000000
47285  -28.414  -10.514  65.527 0.0000000000
47411  -35.130  -10.165  60.398 0.0000000000
47410  -34.625  -10.213  60.084 0.0000000000
47380  -35.250  -10.696  61.145 0.0000000000
47381  -35.893  -10.624  61.569 0.0000000000
61973  -47.067  3.222  38.997 0.0000000000
62969  -47.466  3.165  39.962 0.0000000000
62987  -47.490  3.423  39.473 0.0000000000
51538  -41.227  -6.402  56.436 0.0000000000
52747  -41.432  -5.738  55.524 0.0000000000
52746  -40.840  -6.028  55.133 0.0000000000
54001  -37.361  -4.158  49.511 0.0000000000
55111  -37.678  -3.983  49.666 0.0000000000
50506  -34.377  -7.637  55.094 0.0000000000
49532  -35.482  -7.989  55.853 0.0000000000
49518  -35.154  -8.523  56.600 0.0000000000
51552  -40.311  -6.545  55.308 0.0000000000
51537  -40.497  -6.899  56.303 0.0000000000
48370  -18.640  -9.975  63.007 0.0000000000
62837  -41.010  3.839  49.590 0.0000000000
62838  -42.042  3.676  49.479 0.0000000000
62880  -45.616  3.508  47.739 0.0000000000
62881  -46.423  3.713  47.378 0.0000000000
62865  -46.712  4.147  47.745 0.0000000000
62894  -46.858  3.570  46.915 0.0000000000
66171  -50.622  6.816  37.341 0.0000000000
67202  -50.988  7.411  37.320 0.0000000000
69298  -55.495  9.667  40.326 0.0000000000
69380  -46.510  9.807  32.013 0.0000000000
42752  -7.172  -14.355  69.318 0.0000000000
42740  -7.563  -14.354  70.261 0.0000000000
45066  -9.302  -13.319  74.911 0.0000000000
45056  -8.777  -13.695  75.248 0.0000000000
38931  -4.977  -18.553  73.653 0.0000000000
56047  -41.680  -2.483  54.258 0.0000000000
57055  -41.768  -1.536  54.186 0.0000000000
61774  -39.370  2.018  51.002 0.0000000000
60636  -40.862  1.746  52.253 0.0000000000
61762  -40.360  2.082  51.752 0.0000000000
61750  -40.615  2.795  52.258 0.0000000000
61761  -39.905  2.741  51.328 0.0000000000
62810  -39.483  3.114  50.901 0.0000000000
61760  -39.390  2.858  50.950 0.0000000000
61860  -35.772  2.460  45.552 0.0000000000
62909  -36.175  2.608  46.013 0.0000000000
61880  -35.991  2.206  45.110 0.0000000000
60749  -34.927  1.957  44.276 0.0000000000
46175  -23.478  -11.176  66.457 0.0000000000
47233  -23.078  -11.033  67.525 0.0000000000
46159  -23.869  -11.209  67.078 0.0000000000
49484  -26.074  -8.707  57.435 0.0000000000
49465  -25.769  -8.859  58.155 0.0000000000
48468  -26.322  -9.192  58.786 0.0000000000
49527  -30.414  -8.384  55.621 0.0000000000
47393  -30.988  -11.172  60.842 0.0000000000
47379  -30.732  -11.305  61.833 0.0000000000
47378  -30.071  -10.997  61.551 0.0000000000
46233  -31.050  -11.443  62.602 0.0000000000
49440  -39.352  -8.119  60.381 0.0000000000
47184  -15.363  -10.386  69.486 0.0000000000
59551  -42.692  0.698  40.711 0.0000000000
59528  -43.334  0.676  41.632 0.0000000000
60813  -44.251  0.985  41.545 0.0000000000
61886  -51.203  3.047  44.180 0.0000000000
61885  -50.634  2.948  44.475 0.0000000000
62920  -50.888  3.425  45.050 0.0000000000
62913  -51.350  4.011  45.491 0.0000000000
62914  -51.937  4.048  45.082 0.0000000000
65120  -54.467  6.046  41.052 0.0000000000
70408  -49.013  10.959  30.183 0.0000000000
70433  -52.592  11.010  28.135 0.0000000000
71493  -53.816  11.904  28.464 0.0000000000
71505  -53.491  11.260  27.921 0.0000000000
70490  -56.765  11.073  25.501 0.0000000000
71533  -57.638  11.645  25.679 0.0000000000
71518  -57.507  12.128  26.217 0.0000000000
71519  -58.037  12.250  25.919 0.0000000000
71534  -58.540  12.216  25.527 0.0000000000
51591  -38.878  -6.197  53.736 0.0000000000
52772  -38.785  -5.957  53.334 0.0000000000
51609  -37.872  -5.964  52.817 0.0000000000
51641  -36.100  -5.691  50.669 0.0000000000
52798  -37.581  -5.412  51.558 0.0000000000
52808  -36.730  -5.223  50.350 0.0000000000
50573  -32.323  -7.223  51.630 0.0000000000
50530  -35.101  -7.307  54.347 0.0000000000
50531  -36.180  -7.184  54.338 0.0000000000
51588  -36.800  -6.438  52.967 0.0000000000
51569  -37.826  -6.624  53.823 0.0000000000
51570  -38.526  -6.563  54.073 0.0000000000
61841  -40.791  1.841  46.958 0.0000000000
61822  -41.367  2.357  47.570 0.0000000000
60733  -41.691  1.189  45.459 0.0000000000
60714  -42.218  1.582  46.104 0.0000000000
60715  -43.101  1.746  45.876 0.0000000000
60716  -43.610  1.810  45.621 0.0000000000
68289  -51.109  8.722  35.813 0.0000000000
70322  -53.748  10.369  38.391 0.0000000000
70333  -53.851  11.078  37.682 0.0000000000
73665  -52.889  13.660  33.286 0.0000000000
46135  -9.814  -11.874  69.285 0.0000000000
45149  -9.235  -12.290  69.107 0.0000000000
45138  -8.754  -12.713  69.740 0.0000000000
45124  -8.844  -12.766  70.602 0.0000000000
57100  -39.239  -1.500  50.430 0.0000000000
58216  -39.581  -0.630  50.686 0.0000000000
58215  -38.847  -0.268  50.251 0.0000000000
59402  -36.768  0.790  49.080 0.0000000000
59404  -38.168  0.595  49.997 0.0000000000
60672  -37.665  1.512  49.894 0.0000000000
60673  -38.299  1.320  50.226 0.0000000000
61787  -37.434  2.565  49.734 0.0000000000
60670  -36.402  1.776  48.626 0.0000000000
61835  -35.021  1.590  46.631 0.0000000000
62872  -35.621  1.598  46.851 0.0000000000
62906  -34.732  2.079  46.195 0.0000000000
62907  -35.118  2.303  46.076 0.0000000000
61858  -34.159  2.440  45.837 0.0000000000
47258  -27.128  -10.848  67.148 0.0000000000
47260  -29.340  -10.740  66.308 0.0000000000
47240  -30.074  -10.895  66.801 0.0000000000
50501  -25.152  -7.854  55.316 0.0000000000
50483  -25.793  -8.371  56.010 0.0000000000
48492  -32.950  -9.501  57.880 0.0000000000
48491  -31.953  -9.517  57.771 0.0000000000
47395  -33.424  -10.777  60.135 0.0000000000
47408  -32.942  -10.757  59.782 0.0000000000
46271  -32.724  -11.071  60.294 0.0000000000
46248  -33.093  -11.563  61.688 0.0000000000
47300  -17.267  -10.248  64.777 0.0000000000
47299  -16.307  -10.231  64.797 0.0000000000
47228  -17.754  -10.366  67.555 0.0000000000
47185  -16.338  -10.362  69.482 0.0000000000
47186  -17.326  -10.482  69.488 0.0000000000
47146  -17.707  -10.431  71.505 0.0000000000
60852  -44.799  1.483  39.620 0.0000000000
60834  -45.526  1.587  40.469 0.0000000000
60835  -46.240  1.970  40.389 0.0000000000
61926  -48.535  2.662  41.177 0.0000000000
61909  -48.802  2.244  41.931 0.0000000000
61928  -49.915  2.617  42.081 0.0000000000
61911  -50.311  2.572  42.638 0.0000000000
62937  -50.697  2.848  42.341 0.0000000000
70510  -56.357  10.709  24.566 0.0000000000
70530  -57.001  10.745  23.695 0.0000000000
46117  -11.317  -11.107  71.445 0.0000000000
46082  -10.341  -11.600  75.321 0.0000000000
52683  -42.776  -5.331  58.370 0.0000000000
53911  -41.954  -4.949  55.713 0.0000000000
53912  -42.414  -4.330  56.013 0.0000000000
55022  -42.049  -4.046  55.200 0.0000000000
55038  -42.068  -3.352  54.998 0.0000000000
55037  -41.634  -3.386  54.392 0.0000000000
52788  -39.203  -5.219  52.726 0.0000000000
53947  -39.843  -4.964  53.044 0.0000000000
55076  -39.870  -3.519  52.180 0.0000000000
55077  -40.360  -2.815  52.428 0.0000000000
56096  -39.551  -2.334  50.892 0.0000000000
56113  -38.081  -2.226  49.380 0.0000000000
47253  -20.341  -10.487  66.502 0.0000000000
47304  -21.172  -10.554  64.530 0.0000000000
47305  -22.119  -10.757  64.502 0.0000000000
48384  -20.109  -9.927  62.158 0.0000000000
47348  -21.717  -10.362  62.599 0.0000000000
47330  -23.481  -10.790  63.748 0.0000000000
47351  -24.824  -10.361  62.833 0.0000000000
50541  -29.365  -7.511  53.544 0.0000000000
50525  -30.078  -7.765  54.207 0.0000000000
50560  -32.267  -7.453  52.511 0.0000000000
50559  -31.305  -7.418  52.568 0.0000000000
50544  -32.131  -7.611  53.367 0.0000000000
49541  -32.620  -7.834  54.989 0.0000000000
49529  -32.336  -8.305  55.655 0.0000000000
49516  -32.960  -8.642  56.407 0.0000000000
48495  -35.493  -9.212  58.577 0.0000000000
48477  -35.136  -9.505  59.019 0.0000000000
48478  -35.917  -9.216  59.103 0.0000000000
48454  -36.695  -9.121  59.929 0.0000000000
49468  -36.692  -8.947  59.124 0.0000000000
49452  -38.137  -8.344  59.147 0.0000000000
49521  -37.998  -7.816  56.443 0.0000000000
50469  -38.648  -7.731  56.690 0.0000000000
50460  -39.514  -7.634  57.874 0.0000000000
50452  -40.457  -7.170  59.074 0.0000000000
51513  -41.716  -6.259  59.157 0.0000000000
52660  -42.345  -5.889  59.132 0.0000000000
47302  -19.197  -10.338  64.629 0.0000000000
64938  -42.727  5.046  53.180 0.0000000000
64939  -43.610  5.443  53.430 0.0000000000
64949  -42.500  4.957  52.437 0.0000000000
64964  -44.058  5.224  51.800 0.0000000000
61804  -42.979  2.758  48.153 0.0000000000
62861  -43.483  3.241  48.736 0.0000000000
63937  -45.642  4.345  49.086 0.0000000000
63926  -45.292  4.382  49.609 0.0000000000
63927  -46.115  4.691  49.509 0.0000000000
64979  -46.473  5.283  50.334 0.0000000000
64996  -47.442  5.257  49.306 0.0000000000
65008  -48.335  5.356  48.673 0.0000000000
64062  -49.138  5.070  38.566 0.0000000000
65142  -49.730  5.455  38.996 0.0000000000
66145  -51.546  6.674  39.299 0.0000000000
66133  -52.781  6.106  40.272 0.0000000000
68272  -51.922  8.462  37.861 0.0000000000
68258  -52.093  8.271  38.304 0.0000000000
68259  -52.467  8.435  38.631 0.0000000000
68249  -54.332  8.495  40.011 0.0000000000
39841  -3.011  -17.632  71.557 0.0000000000
59567  -39.888  0.740  39.677 0.0000000000
59580  -40.316  1.077  39.008 0.0000000000
60867  -41.039  1.262  38.620 0.0000000000
60869  -43.166  1.403  38.714 0.0000000000
60886  -42.631  1.580  37.899 0.0000000000
61984  -43.718  1.964  37.288 0.0000000000
61985  -44.233  1.999  37.396 0.0000000000
61986  -45.452  2.171  37.855 0.0000000000
62004  -44.680  2.397  36.774 0.0000000000
63024  -45.997  3.193  36.279 0.0000000000
63044  -46.284  3.547  35.936 0.0000000000
63026  -47.453  3.928  36.649 0.0000000000
64096  -46.619  4.009  35.539 0.0000000000
65183  -46.624  5.184  34.448 0.0000000000
65167  -47.198  4.670  35.072 0.0000000000
65184  -47.652  5.363  34.629 0.0000000000
65169  -49.129  5.727  35.439 0.0000000000
65185  -48.503  5.750  34.790 0.0000000000
67248  -47.245  7.430  33.588 0.0000000000
67249  -48.420  7.224  33.848 0.0000000000
67250  -49.192  7.353  33.983 0.0000000000
68299  -49.932  7.790  34.202 0.0000000000
69370  -50.389  9.846  33.440 0.0000000000
69383  -49.213  10.299  32.640 0.0000000000
71467  -48.253  10.708  30.887 0.0000000000
41681  -6.588  -14.991  69.699 0.0000000000
46106  -10.162  -12.023  72.282 0.0000000000
46115  -10.012  -12.022  71.232 0.0000000000
43971  -8.946  -13.809  73.431 0.0000000000
43980  -9.228  -13.268  72.507 0.0000000000
43970  -8.281  -14.127  73.523 0.0000000000
42719  -8.045  -14.953  75.423 0.0000000000
41651  -6.487  -16.325  74.220 0.0000000000
41652  -7.062  -15.596  74.521 0.0000000000
41656  -6.824  -15.828  73.652 0.0000000000
42730  -7.742  -14.731  72.486 0.0000000000
41661  -7.064  -15.678  72.680 0.0000000000
41665  -7.114  -15.434  71.522 0.0000000000
41660  -6.713  -16.279  73.013 0.0000000000
39844  -5.986  -17.368  72.387 0.0000000000
39843  -5.344  -17.589  72.073 0.0000000000
39849  -3.988  -17.373  71.520 0.0000000000
62740  -44.335  2.741  57.174 0.0000000000
63813  -44.344  3.155  56.895 0.0000000000
62766  -43.661  3.040  56.539 0.0000000000
54984  -43.750  -3.897  58.155 0.0000000000
57040  -42.857  -1.543  56.194 0.0000000000
56014  -43.428  -2.451  57.423 0.0000000000
57033  -43.404  -1.428  57.203 0.0000000000
57034  -43.749  -1.489  57.864 0.0000000000
58160  -42.876  -0.378  56.423 0.0000000000
58192  -41.028  -0.360  52.286 0.0000000000
58184  -41.635  -0.482  53.517 0.0000000000
59367  -41.466  0.198  52.852 0.0000000000
60618  -41.835  1.771  54.141 0.0000000000
59347  -42.153  0.856  54.709 0.0000000000
59338  -42.323  1.250  55.204 0.0000000000
59331  -42.933  0.757  56.602 0.0000000000
60611  -42.459  1.578  55.484 0.0000000000
60598  -43.241  1.717  56.844 0.0000000000
62788  -41.645  3.350  53.327 0.0000000000
62773  -42.381  2.960  54.694 0.0000000000
62780  -42.482  3.410  54.433 0.0000000000
63858  -42.109  3.813  53.769 0.0000000000
63870  -42.409  4.508  53.461 0.0000000000
63869  -41.752  3.892  53.171 0.0000000000
62822  -39.813  3.596  50.751 0.0000000000
63920  -40.228  3.989  50.728 0.0000000000
63921  -40.778  4.127  50.411 0.0000000000
62833  -36.971  3.083  49.081 0.0000000000
62834  -37.747  3.186  49.330 0.0000000000
62855  -37.344  3.221  48.502 0.0000000000
61818  -37.548  2.745  47.132 0.0000000000
62876  -37.850  3.205  47.855 0.0000000000
61819  -38.390  2.803  47.312 0.0000000000
61820  -39.326  2.679  47.453 0.0000000000
61839  -38.809  2.184  46.818 0.0000000000
60751  -37.600  1.104  44.767 0.0000000000
59470  -37.984  0.617  44.039 0.0000000000
61856  -32.029  2.013  45.090 0.0000000000
61895  -32.433  2.180  43.980 0.0000000000
61877  -33.458  2.469  44.976 0.0000000000
60771  -32.880  2.022  43.363 0.0000000000
60792  -34.208  1.216  42.839 0.0000000000
60773  -35.078  1.216  43.425 0.0000000000
59501  -36.787  0.315  42.400 0.0000000000
47211  -21.185  -10.570  68.582 0.0000000000
47235  -25.141  -10.985  67.772 0.0000000000
47215  -25.575  -10.625  69.114 0.0000000000
49463  -24.002  -8.917  58.205 0.0000000000
49462  -23.587  -9.017  58.181 0.0000000000
48443  -24.099  -9.360  59.552 0.0000000000
48407  -26.131  -9.668  61.061 0.0000000000
47375  -26.965  -10.090  61.452 0.0000000000
50522  -27.509  -7.709  54.579 0.0000000000
49511  -28.281  -8.542  56.503 0.0000000000
50485  -27.684  -8.316  55.953 0.0000000000
49510  -27.331  -8.576  56.661 0.0000000000
49486  -27.941  -8.855  57.378 0.0000000000
48473  -31.391  -9.912  58.433 0.0000000000
48472  -30.382  -9.922  58.657 0.0000000000
47404  -29.136  -10.185  59.539 0.0000000000
48471  -29.315  -9.687  58.427 0.0000000000
48448  -28.664  -9.959  59.194 0.0000000000
48428  -28.099  -10.024  59.789 0.0000000000
47355  -28.735  -10.513  62.332 0.0000000000
47376  -28.111  -10.292  61.271 0.0000000000
46192  -30.836  -11.098  64.782 0.0000000000
46193  -31.326  -11.278  65.201 0.0000000000
46219  -32.406  -11.803  63.587 0.0000000000
48431  -37.534  -9.054  60.771 0.0000000000
46174  -11.547  -11.460  66.719 0.0000000000
47244  -12.110  -11.282  66.844 0.0000000000
47298  -15.346  -10.318  64.788 0.0000000000
47247  -14.474  -10.497  66.623 0.0000000000
47246  -13.546  -10.740  66.634 0.0000000000
47181  -12.602  -10.883  69.537 0.0000000000
47145  -16.706  -10.344  71.408 0.0000000000
47144  -15.703  -10.316  71.422 0.0000000000
47128  -15.908  -10.156  72.294 0.0000000000
65973  -45.490  6.145  54.623 0.0000000000
59505  -40.756  0.399  42.436 0.0000000000
59506  -41.805  0.488  42.463 0.0000000000
60776  -44.244  1.297  43.581 0.0000000000
60775  -43.741  1.311  43.978 0.0000000000
60737  -44.646  1.892  44.913 0.0000000000
60738  -45.338  1.918  44.803 0.0000000000
60796  -46.224  1.514  42.278 0.0000000000
60779  -46.905  1.738  43.080 0.0000000000
61867  -48.826  2.916  45.365 0.0000000000
61882  -47.108  2.074  44.462 0.0000000000
61847  -47.973  3.096  46.104 0.0000000000
62896  -48.474  3.783  46.598 0.0000000000
63961  -50.696  4.673  46.721 0.0000000000
63952  -51.116  5.173  47.136 0.0000000000
64030  -50.596  4.784  40.381 0.0000000000
62972  -50.276  4.000  40.807 0.0000000000
63992  -53.766  4.581  42.509 0.0000000000
63991  -53.116  4.256  42.166 0.0000000000
62940  -53.299  4.167  42.790 0.0000000000
62931  -53.156  4.037  43.468 0.0000000000
71448  -49.859  11.723  32.324 0.0000000000
72591  -50.099  12.098  32.253 0.0000000000
72601  -49.991  12.223  31.961 0.0000000000
72611  -50.555  12.467  30.908 0.0000000000
72602  -50.437  12.662  31.710 0.0000000000
73691  -51.168  12.775  30.906 0.0000000000
70419  -49.835  10.853  29.483 0.0000000000
72622  -52.200  12.460  29.729 0.0000000000
73704  -52.472  13.047  30.141 0.0000000000
73705  -53.351  13.239  29.979 0.0000000000
73694  -53.838  13.827  30.342 0.0000000000
73708  -56.922  14.453  28.954 0.0000000000
70465  -54.849  10.658  26.307 0.0000000000
70445  -55.167  11.115  26.965 0.0000000000
71506  -54.600  11.683  27.795 0.0000000000
71507  -55.719  11.814  27.179 0.0000000000
72646  -57.776  13.410  26.964 0.0000000000
72645  -56.998  13.102  27.185 0.0000000000
73718  -57.800  14.377  28.296 0.0000000000
51608  -37.244  -5.973  52.432 0.0000000000
51625  -36.751  -5.833  51.761 0.0000000000
50574  -33.248  -6.968  51.539 0.0000000000
50548  -36.449  -6.766  53.581 0.0000000000
51587  -35.935  -6.555  52.785 0.0000000000
60731  -39.554  0.930  45.284 0.0000000000
59460  -40.428  0.720  44.869 0.0000000000
59461  -41.232  0.839  44.916 0.0000000000
59462  -41.734  1.023  44.924 0.0000000000
69360  -50.818  9.329  34.212 0.0000000000
69361  -51.396  9.884  34.768 0.0000000000
70354  -51.923  10.313  35.473 0.0000000000
72560  -52.974  12.328  35.414 0.0000000000
72573  -52.946  12.435  34.955 0.0000000000
72574  -53.563  13.226  34.845 0.0000000000
72584  -52.441  12.693  33.775 0.0000000000
72593  -51.437  12.949  32.815 0.0000000000
46173  -10.844  -11.646  66.633 0.0000000000
46156  -10.285  -11.765  67.465 0.0000000000
58233  -37.525  -0.519  49.155 0.0000000000
58234  -38.138  -0.374  49.662 0.0000000000
59422  -36.991  0.101  49.014 0.0000000000
60687  -36.391  1.201  48.842 0.0000000000
60685  -35.648  1.397  47.633 0.0000000000
61815  -34.865  1.490  46.844 0.0000000000
47167  -19.609  -10.527  70.640 0.0000000000
47286  -29.363  -10.646  65.250 0.0000000000
48451  -33.990  -9.887  59.178 0.0000000000
47409  -33.749  -10.294  59.636 0.0000000000
47396  -34.055  -10.707  60.348 0.0000000000
46263  -34.384  -11.040  60.997 0.0000000000
46249  -34.102  -11.443  61.671 0.0000000000
46250  -35.123  -11.105  61.658 0.0000000000
47187  -18.331  -10.619  69.512 0.0000000000
61960  -46.393  2.400  39.493 0.0000000000
61943  -46.602  2.306  40.201 0.0000000000
61944  -47.277  2.718  40.299 0.0000000000
62951  -48.656  2.982  40.908 0.0000000000
62952  -49.130  3.037  41.099 0.0000000000
52704  -41.943  -5.788  57.558 0.0000000000
52727  -42.263  -5.336  56.977 0.0000000000
53931  -41.477  -4.700  54.770 0.0000000000
53978  -38.464  -4.677  51.304 0.0000000000
53964  -39.391  -4.560  52.226 0.0000000000
53992  -38.327  -4.186  50.550 0.0000000000
55095  -38.833  -3.789  50.850 0.0000000000
56095  -38.988  -2.913  50.568 0.0000000000
55126  -38.007  -2.803  49.423 0.0000000000
47327  -20.539  -10.348  63.660 0.0000000000
48420  -20.573  -9.678  60.375 0.0000000000
48402  -21.402  -9.941  61.416 0.0000000000
47371  -23.113  -10.189  61.995 0.0000000000
47350  -23.803  -10.512  62.832 0.0000000000
48405  -24.370  -9.770  61.168 0.0000000000
50529  -34.041  -7.466  54.485 0.0000000000
50528  -32.907  -7.591  54.252 0.0000000000
49543  -34.106  -7.646  55.080 0.0000000000
49517  -34.013  -8.577  56.465 0.0000000000
50490  -39.261  -7.416  56.056 0.0000000000
50491  -39.876  -7.312  56.464 0.0000000000
50471  -40.108  -7.359  57.162 0.0000000000
51520  -40.925  -6.772  58.252 0.0000000000
51529  -41.417  -6.348  57.406 0.0000000000
48369  -17.825  -9.925  63.041 0.0000000000
47325  -18.516  -10.142  63.805 0.0000000000
63891  -41.964  4.573  51.382 0.0000000000
64962  -42.285  4.812  51.820 0.0000000000
63904  -42.253  4.358  50.717 0.0000000000
63905  -43.129  4.376  50.599 0.0000000000
63906  -44.033  4.460  50.519 0.0000000000
61806  -44.527  3.125  48.021 0.0000000000
62862  -44.440  3.449  48.567 0.0000000000
62879  -44.925  3.402  48.026 0.0000000000
63938  -46.208  4.382  48.764 0.0000000000
63928  -46.720  4.773  49.082 0.0000000000
63939  -47.095  4.595  48.265 0.0000000000
63940  -47.986  4.982  48.004 0.0000000000
63941  -48.871  5.124  48.018 0.0000000000
65160  -49.146  5.238  36.561 0.0000000000
65151  -49.671  5.536  37.903 0.0000000000
65152  -50.247  6.222  37.882 0.0000000000
66157  -50.862  6.587  38.379 0.0000000000
66158  -51.476  7.254  38.453 0.0000000000
69319  -53.244  9.749  38.719 0.0000000000
69308  -53.347  9.221  39.104 0.0000000000
69309  -54.513  9.462  39.716 0.0000000000
74742  -56.011  15.176  31.602 0.0000000000
60900  -42.301  1.799  37.178 0.0000000000
64112  -45.193  4.457  34.848 0.0000000000
65165  -45.812  4.544  34.626 0.0000000000
65182  -45.489  4.969  34.575 0.0000000000
66215  -46.056  5.957  34.212 0.0000000000
68312  -46.700  8.202  33.151 0.0000000000
68327  -48.002  9.126  32.668 0.0000000000
70383  -48.155  10.230  31.837 0.0000000000
41673  -6.446  -15.735  70.575 0.0000000000
45078  -9.522  -12.648  74.178 0.0000000000
45077  -9.081  -13.625  74.453 0.0000000000
45076  -8.573  -13.874  74.301 0.0000000000
40726  -5.974  -16.889  73.773 0.0000000000
39832  -5.527  -17.374  73.715 0.0000000000
39835  -4.758  -18.073  73.466 0.0000000000
56035  -42.774  -2.576  55.824 0.0000000000
57046  -42.499  -1.670  55.311 0.0000000000
58178  -42.240  -0.989  54.831 0.0000000000
60648  -40.524  1.231  51.673 0.0000000000
59366  -41.083  0.725  52.183 0.0000000000
60637  -41.403  1.257  52.831 0.0000000000
60627  -41.550  1.765  53.416 0.0000000000
61741  -41.559  2.693  53.481 0.0000000000
61740  -41.100  2.808  52.877 0.0000000000
62787  -41.180  3.334  52.811 0.0000000000
63880  -40.926  3.711  52.323 0.0000000000
63879  -40.585  3.658  51.991 0.0000000000
62892  -36.387  2.453  46.654 0.0000000000
62875  -36.994  2.850  47.541 0.0000000000
61836  -36.650  2.409  46.282 0.0000000000
61837  -37.268  2.277  46.440 0.0000000000
60709  -37.687  2.029  46.263 0.0000000000
60728  -36.671  1.834  45.236 0.0000000000
47216  -26.521  -10.715  69.152 0.0000000000
49507  -24.578  -8.447  56.792 0.0000000000
49464  -24.882  -8.832  58.206 0.0000000000
48444  -25.072  -9.296  59.615 0.0000000000
48445  -26.010  -9.370  59.585 0.0000000000
50505  -29.040  -7.916  54.941 0.0000000000
50504  -28.281  -8.026  55.362 0.0000000000
49512  -29.159  -8.594  56.458 0.0000000000
47405  -29.638  -10.399  59.659 0.0000000000
47356  -29.564  -10.836  62.333 0.0000000000
47337  -29.953  -10.953  63.060 0.0000000000
46217  -30.617  -11.239  63.439 0.0000000000
46206  -31.912  -11.688  64.476 0.0000000000
47248  -15.425  -10.275  66.625 0.0000000000
47204  -14.186  -10.486  68.533 0.0000000000
47182  -13.495  -10.704  69.505 0.0000000000
48317  -16.928  -9.898  73.125 0.0000000000
48316  -16.120  -9.834  73.047 0.0000000000
59508  -43.663  0.778  42.555 0.0000000000
60777  -45.096  1.486  43.365 0.0000000000
61898  -48.541  2.015  43.371 0.0000000000
61884  -49.593  2.519  44.360 0.0000000000
62911  -49.623  3.475  45.808 0.0000000000
62912  -50.493  3.604  45.574 0.0000000000
62899  -50.887  4.289  46.067 0.0000000000
63962  -51.797  5.005  46.344 0.0000000000
64032  -52.554  4.858  41.055 0.0000000000
64033  -53.182  4.856  41.318 0.0000000000
64009  -54.151  4.984  42.290 0.0000000000
63993  -54.339  5.032  42.880 0.0000000000
71456  -48.909  11.237  31.395 0.0000000000
71457  -49.537  11.842  31.597 0.0000000000
71469  -49.621  11.707  30.642 0.0000000000
71470  -50.307  12.136  30.460 0.0000000000
71483  -52.325  12.013  29.269 0.0000000000
72630  -52.712  12.251  29.283 0.0000000000
72624  -53.679  12.835  29.401 0.0000000000
72631  -53.346  12.357  29.030 0.0000000000
72632  -54.298  12.587  28.799 0.0000000000
72633  -55.020  12.797  28.421 0.0000000000
70509  -55.252  10.686  24.534 0.0000000000
70466  -55.892  11.088  26.316 0.0000000000
71508  -56.265  12.223  27.056 0.0000000000
71517  -56.550  11.807  26.618 0.0000000000
72655  -57.328  12.655  26.713 0.0000000000
51572  -39.873  -6.422  54.674 0.0000000000
52761  -40.314  -5.856  54.433 0.0000000000
52760  -39.761  -6.153  54.232 0.0000000000
52773  -39.452  -5.781  53.554 0.0000000000
52786  -37.806  -5.755  52.365 0.0000000000
52799  -38.340  -5.217  51.914 0.0000000000
53977  -37.772  -4.920  50.956 0.0000000000
48441  -22.050  -9.493  59.418 0.0000000000
50572  -31.390  -7.305  51.712 0.0000000000
50487  -36.714  -7.845  55.886 0.0000000000
50509  -36.957  -7.451  55.131 0.0000000000
50510  -37.994  -7.300  55.106 0.0000000000
50511  -38.806  -7.271  55.395 0.0000000000
51550  -38.724  -6.944  54.735 0.0000000000
51551  -39.495  -6.921  55.173 0.0000000000
61802  -40.897  3.045  48.128 0.0000000000
61803  -41.934  2.828  48.180 0.0000000000
61823  -42.429  2.288  47.520 0.0000000000
60713  -41.252  1.407  46.242 0.0000000000
61824  -43.551  2.365  47.387 0.0000000000
61845  -45.488  2.524  46.268 0.0000000000
67219  -50.456  7.344  35.628 0.0000000000
67210  -50.804  7.550  36.652 0.0000000000
68281  -50.891  7.981  36.537 0.0000000000
69329  -51.757  8.833  37.233 0.0000000000
69330  -52.376  9.307  37.589 0.0000000000
70321  -52.887  9.885  38.250 0.0000000000
70311  -54.691  10.645  39.274 0.0000000000
73676  -53.700  14.615  32.584 0.0000000000
74730  -53.390  14.455  31.896 0.0000000000
46155  -9.483  -11.969  67.386 0.0000000000
45169  -8.786  -12.278  67.342 0.0000000000
45148  -8.734  -12.792  68.855 0.0000000000
45137  -8.177  -13.089  69.378 0.0000000000
57064  -41.359  -1.351  53.256 0.0000000000
57072  -40.767  -1.282  52.118 0.0000000000
58200  -40.632  -0.587  51.739 0.0000000000
59386  -39.375  0.449  50.767 0.0000000000
59376  -39.992  0.766  51.277 0.0000000000
60659  -39.470  1.305  51.019 0.0000000000
60658  -38.887  1.533  50.599 0.0000000000
61800  -36.246  1.734  47.822 0.0000000000
62853  -36.539  2.116  47.716 0.0000000000
62874  -36.542  2.304  47.271 0.0000000000
46191  -24.482  -11.275  66.060 0.0000000000
46176  -24.172  -11.275  66.487 0.0000000000
46177  -24.725  -11.235  66.563 0.0000000000
47256  -25.164  -11.156  66.843 0.0000000000
49508  -25.511  -8.511  56.776 0.0000000000
49490  -31.507  -9.057  57.084 0.0000000000
47419  -32.565  -10.498  59.164 0.0000000000
47418  -31.637  -10.494  58.982 0.0000000000
47394  -31.740  -11.290  60.673 0.0000000000
46260  -31.723  -11.411  61.165 0.0000000000
46234  -31.869  -11.675  62.635 0.0000000000
46247  -32.191  -11.581  61.774 0.0000000000
46221  -34.545  -11.887  63.538 0.0000000000
47249  -16.387  -10.129  66.627 0.0000000000
47164  -16.532  -10.357  70.448 0.0000000000
60797  -47.210  1.749  42.275 0.0000000000
61924  -46.963  2.185  40.812 0.0000000000
60816  -47.460  2.028  41.566 0.0000000000
60781  -48.585  1.961  42.925 0.0000000000
61899  -49.301  2.139  43.259 0.0000000000
62929  -51.666  3.150  43.901 0.0000000000
70430  -49.554  10.488  28.401 0.0000000000
70512  -58.341  11.291  24.187 0.0000000000
70545  -57.572  10.802  22.901 0.0000000000
70546  -58.453  11.087  22.932 0.0000000000
71595  -59.285  11.479  22.813 0.0000000000
46127  -11.218  -11.193  70.505 0.0000000000
53860  -43.437  -4.679  58.252 0.0000000000
53897  -42.617  -4.731  56.832 0.0000000000
55011  -42.921  -3.679  56.563 0.0000000000
56061  -41.263  -2.495  53.552 0.0000000000
53930  -40.788  -5.001  54.158 0.0000000000
55055  -40.067  -4.218  52.785 0.0000000000
56060  -40.813  -2.563  52.779 0.0000000000
56078  -40.598  -2.137  52.224 0.0000000000
57071  -40.393  -1.718  51.745 0.0000000000
56104  -38.649  -2.271  49.864 0.0000000000
57110  -38.039  -1.462  49.360 0.0000000000
58248  -36.929  -0.646  48.699 0.0000000000
58263  -35.682  -0.596  47.756 0.0000000000
47254  -21.387  -10.638  66.441 0.0000000000
46189  -23.233  -11.102  65.689 0.0000000000
47347  -20.796  -10.234  62.827 0.0000000000
46203  -23.534  -11.150  65.220 0.0000000000
47307  -24.199  -11.114  64.915 0.0000000000
50556  -28.620  -7.228  52.950 0.0000000000
50540  -28.517  -7.475  53.680 0.0000000000
49538  -29.831  -8.000  54.939 0.0000000000
49528  -31.374  -8.410  55.611 0.0000000000
50543  -31.170  -7.548  53.396 0.0000000000
50526  -30.983  -7.781  54.168 0.0000000000
48493  -33.968  -9.417  58.032 0.0000000000
48476  -34.333  -9.651  58.779 0.0000000000
48429  -35.860  -9.869  60.579 0.0000000000
48430  -36.495  -9.767  60.876 0.0000000000
48455  -37.287  -8.902  60.174 0.0000000000
49451  -37.366  -8.778  59.654 0.0000000000
49438  -37.625  -8.807  60.267 0.0000000000
49520  -37.302  -8.016  56.568 0.0000000000
49496  -37.985  -7.996  57.144 0.0000000000
50450  -38.838  -7.921  58.532 0.0000000000
51512  -41.146  -6.680  59.133 0.0000000000
51499  -41.450  -6.676  59.581 0.0000000000
47301  -18.228  -10.272  64.726 0.0000000000
64923  -43.931  5.238  54.187 0.0000000000
64963  -43.070  5.005  51.835 0.0000000000
66003  -45.442  6.332  53.295 0.0000000000
64952  -45.878  6.191  52.458 0.0000000000
62839  -43.024  3.622  49.395 0.0000000000
63924  -43.539  4.074  49.927 0.0000000000
63925  -44.451  4.170  49.841 0.0000000000
62841  -44.753  4.068  49.107 0.0000000000
63907  -45.020  4.649  50.480 0.0000000000
64978  -45.648  5.023  50.575 0.0000000000
64966  -46.919  6.178  51.704 0.0000000000
64997  -48.663  5.807  49.588 0.0000000000
63000  -48.065  4.223  38.587 0.0000000000
62988  -48.022  4.005  39.396 0.0000000000
64049  -48.631  4.614  39.085 0.0000000000
64050  -49.516  4.994  39.532 0.0000000000
65116  -50.645  5.204  40.131 0.0000000000
65143  -50.211  5.965  38.705 0.0000000000
65133  -51.270  5.932  39.870 0.0000000000
65118  -52.103  5.514  40.445 0.0000000000
66120  -54.979  6.298  41.476 0.0000000000
67203  -51.385  7.748  37.682 0.0000000000
67175  -52.056  7.473  39.115 0.0000000000
68248  -53.590  8.604  39.529 0.0000000000
67177  -53.683  7.999  39.970 0.0000000000
66147  -53.318  7.404  40.048 0.0000000000
40743  -3.869  -16.667  71.014 0.0000000000
59503  -38.711  0.298  42.383 0.0000000000
59524  -39.098  0.338  41.472 0.0000000000
59525  -40.140  0.426  41.498 0.0000000000
59548  -39.488  0.471  40.557 0.0000000000
59550  -41.631  0.599  40.669 0.0000000000
59569  -42.048  0.802  40.004 0.0000000000
59581  -40.858  1.078  39.126 0.0000000000
60849  -41.666  1.077  39.300 0.0000000000
60850  -42.709  1.078  39.653 0.0000000000
60851  -43.805  1.266  39.629 0.0000000000
60887  -43.603  1.714  37.755 0.0000000000
60872  -45.528  1.960  38.738 0.0000000000
61971  -45.969  2.258  38.745 0.0000000000
61972  -46.559  2.775  38.561 0.0000000000
62998  -46.755  3.098  37.994 0.0000000000
63023  -45.144  2.983  36.126 0.0000000000
62006  -46.342  3.057  36.906 0.0000000000
63010  -46.841  3.271  37.436 0.0000000000
63011  -47.427  3.721  37.286 0.0000000000
64070  -47.937  4.174  36.984 0.0000000000
64083  -48.428  4.621  36.493 0.0000000000
64097  -47.554  4.359  35.760 0.0000000000
64098  -48.031  4.528  36.042 0.0000000000
65159  -48.657  4.906  36.205 0.0000000000
66182  -49.733  6.157  36.014 0.0000000000
66192  -49.684  6.442  35.077 0.0000000000
66239  -46.621  6.747  33.924 0.0000000000
66217  -47.950  6.139  34.292 0.0000000000
66218  -48.639  6.503  34.358 0.0000000000
66219  -49.265  6.650  34.545 0.0000000000
67218  -50.109  6.989  35.110 0.0000000000
67234  -50.247  7.404  34.936 0.0000000000
68300  -50.490  8.128  34.691 0.0000000000
68315  -50.258  8.878  33.654 0.0000000000
70375  -50.502  10.871  33.304 0.0000000000
71439  -50.903  11.709  33.235 0.0000000000
70386  -49.925  11.159  32.865 0.0000000000
70385  -49.425  11.002  32.531 0.0000000000
70397  -48.508  10.634  31.492 0.0000000000
71455  -48.489  10.771  31.130 0.0000000000
70406  -46.629  10.745  30.247 0.0000000000
46126  -10.562  -11.553  70.414 0.0000000000
46125  -9.887  -11.928  70.247 0.0000000000
45125  -9.307  -12.264  70.983 0.0000000000
45105  -8.433  -13.256  71.055 0.0000000000
43998  -7.920  -13.670  70.826 0.0000000000
43955  -8.539  -14.168  75.684 0.0000000000
43960  -8.270  -14.183  75.178 0.0000000000
43964  -8.130  -14.194  74.490 0.0000000000
40729  -6.341  -16.922  72.836 0.0000000000
40736  -6.209  -17.015  71.711 0.0000000000
38941  -3.874  -18.459  72.204 0.0000000000
63800  -44.761  3.227  56.943 0.0000000000
54970  -44.355  -3.708  58.562 0.0000000000
59348  -42.298  -0.086  55.008 0.0000000000
61711  -43.388  2.367  56.845 0.0000000000
61726  -42.246  2.495  54.917 0.0000000000
61727  -42.652  2.460  55.459 0.0000000000
62765  -43.370  3.125  56.010 0.0000000000
63828  -43.610  3.445  55.823 0.0000000000
63845  -43.428  3.751  55.321 0.0000000000
64937  -42.065  4.584  52.819 0.0000000000
64948  -41.862  4.662  52.181 0.0000000000
63889  -40.783  4.101  51.814 0.0000000000
63890  -41.386  4.456  51.695 0.0000000000
62835  -38.712  3.357  49.550 0.0000000000
62857  -39.279  3.485  48.858 0.0000000000
61840  -39.763  1.966  46.923 0.0000000000
60710  -38.209  1.800  46.230 0.0000000000
60752  -38.602  0.857  44.713 0.0000000000
59447  -34.233  0.455  46.748 0.0000000000
60707  -33.863  1.431  46.670 0.0000000000
61833  -33.600  2.087  46.297 0.0000000000
61878  -34.381  2.373  44.760 0.0000000000
60748  -34.431  2.127  44.273 0.0000000000
60774  -35.872  1.044  43.577 0.0000000000
59498  -34.341  0.849  42.281 0.0000000000
59499  -35.051  0.654  42.439 0.0000000000
59481  -36.416  0.661  43.359 0.0000000000
59502  -37.737  0.270  42.378 0.0000000000
47212  -22.281  -10.768  68.681 0.0000000000
46160  -24.493  -11.192  67.123 0.0000000000
48463  -21.472  -9.194  58.395 0.0000000000
48423  -23.718  -9.609  60.349 0.0000000000
48406  -25.322  -9.666  61.142 0.0000000000
49485  -26.941  -8.812  57.355 0.0000000000
49489  -30.552  -9.007  57.088 0.0000000000
49488  -29.636  -8.932  57.098 0.0000000000
48488  -29.101  -9.205  57.723 0.0000000000
48487  -28.537  -9.036  57.645 0.0000000000
48469  -27.189  -9.342  58.602 0.0000000000
47389  -27.409  -10.079  60.680 0.0000000000
47390  -27.966  -10.119  60.393 0.0000000000
47334  -27.641  -10.245  63.513 0.0000000000
47313  -30.019  -10.863  63.844 0.0000000000
47287  -30.271  -10.887  64.911 0.0000000000
47245  -12.703  -11.027  66.678 0.0000000000
47222  -12.345  -11.156  67.532 0.0000000000
46146  -11.969  -11.224  68.032 0.0000000000
47201  -11.676  -11.172  69.083 0.0000000000
47180  -11.816  -11.065  69.633 0.0000000000
59485  -40.289  0.465  43.333 0.0000000000
59474  -41.920  0.827  44.346 0.0000000000
59487  -42.387  0.666  43.371 0.0000000000
59475  -42.884  1.057  44.068 0.0000000000
60756  -43.442  1.436  44.512 0.0000000000
60736  -43.955  1.811  45.180 0.0000000000
60795  -45.228  1.330  42.406 0.0000000000
60759  -45.821  1.775  44.168 0.0000000000
60761  -47.378  1.955  43.736 0.0000000000
61865  -46.227  2.139  45.200 0.0000000000
61846  -46.759  2.974  46.308 0.0000000000
63949  -48.475  4.531  47.379 0.0000000000
63950  -49.355  4.882  47.384 0.0000000000
62897  -49.331  3.961  46.387 0.0000000000
63960  -49.808  4.505  46.861 0.0000000000
64028  -48.878  4.276  39.995 0.0000000000
62971  -49.469  3.667  40.683 0.0000000000
64006  -52.046  4.277  41.365 0.0000000000
62954  -51.676  3.620  41.861 0.0000000000
62930  -52.374  3.507  43.551 0.0000000000
62922  -52.320  3.773  44.483 0.0000000000
63977  -52.944  4.232  44.614 0.0000000000
63971  -52.702  4.558  45.334 0.0000000000
73673  -50.890  13.078  32.184 0.0000000000
73674  -51.648  13.519  32.196 0.0000000000
73684  -52.834  14.150  31.465 0.0000000000
71480  -49.796  11.441  30.022 0.0000000000
72621  -51.344  12.478  30.083 0.0000000000
72612  -51.098  12.606  30.581 0.0000000000
73692  -51.742  13.069  30.680 0.0000000000
74739  -53.260  14.265  31.389 0.0000000000
74751  -53.451  14.189  30.971 0.0000000000
74752  -54.355  14.366  30.796 0.0000000000
74753  -55.547  14.659  30.502 0.0000000000
73696  -55.421  14.368  29.873 0.0000000000
74760  -55.729  14.486  29.825 0.0000000000
74761  -56.402  14.636  29.780 0.0000000000
70443  -52.870  10.716  27.486 0.0000000000
72634  -55.586  13.096  28.045 0.0000000000
73724  -56.744  13.357  27.584 0.0000000000
73717  -56.415  13.731  28.168 0.0000000000
71535  -59.383  12.472  25.197 0.0000000000
40725  -5.919  -16.914  74.091 0.0000000000
40730  -6.677  -16.444  72.404 0.0000000000
41682  -7.162  -14.713  69.926 0.0000000000
43965  -9.008  -13.793  74.049 0.0000000000
43966  -9.263  -13.475  73.955 0.0000000000
43981  -9.488  -12.842  72.746 0.0000000000
45091  -8.762  -13.850  74.115 0.0000000000
46202  -23.148  -11.056  65.192 0.0000000000
46272  -33.094  -10.943  60.230 0.0000000000
47281  -24.436  -11.234  65.651 0.0000000000
47288  -30.844  -11.021  65.153 0.0000000000
47397  -34.839  -10.589  60.666 0.0000000000
48449  -29.532  -10.051  59.116 0.0000000000
50486  -28.252  -8.301  55.946 0.0000000000
51590  -38.287  -6.201  53.372 0.0000000000
52705  -42.501  -5.292  57.619 0.0000000000
54985  -44.004  -3.570  58.341 0.0000000000
54998  -43.697  -3.326  58.092 0.0000000000
57073  -41.105  -1.097  52.663 0.0000000000
57085  -40.456  -1.112  51.544 0.0000000000
59435  -35.265  0.263  47.624 0.0000000000
59476  -43.384  1.192  43.994 0.0000000000
59480  -35.657  0.727  43.063 0.0000000000
59488  -43.407  0.954  43.397 0.0000000000
59489  -43.944  0.986  43.052 0.0000000000
59497  -33.895  1.071  42.328 0.0000000000
59552  -43.286  0.735  40.999 0.0000000000
59570  -42.578  0.841  40.143 0.0000000000
60604  -42.764  1.615  56.124 0.0000000000
60686  -35.937  1.213  48.297 0.0000000000
60735  -43.219  1.627  45.220 0.0000000000
60754  -42.109  1.166  44.978 0.0000000000
60755  -42.686  1.280  44.754 0.0000000000
60760  -46.623  1.855  43.852 0.0000000000
60794  -44.355  1.074  42.653 0.0000000000
60798  -48.159  2.013  42.292 0.0000000000
60799  -48.893  2.074  42.552 0.0000000000
60812  -43.600  0.796  41.168 0.0000000000
60817  -48.156  2.242  41.607 0.0000000000
60831  -42.865  0.866  40.250 0.0000000000
60848  -41.129  1.078  39.183 0.0000000000
60854  -46.221  2.150  39.922 0.0000000000
60871  -45.008  1.655  38.838 0.0000000000
60889  -45.159  1.824  38.361 0.0000000000
60901  -42.964  1.809  37.380 0.0000000000
61749  -40.333  2.783  51.930 0.0000000000
61772  -38.174  2.627  50.115 0.0000000000
61785  -36.521  2.065  48.406 0.0000000000
61801  -36.571  2.236  48.230 0.0000000000
61816  -35.467  1.495  47.044 0.0000000000
61817  -35.980  1.672  47.236 0.0000000000
61827  -46.486  3.371  46.885 0.0000000000
61848  -48.565  3.299  46.026 0.0000000000
61862  -36.910  2.166  45.983 0.0000000000
61863  -44.446  2.006  45.434 0.0000000000
61869  -50.499  3.235  45.051 0.0000000000
61881  -46.461  1.936  44.439 0.0000000000
61896  -33.183  2.303  44.198 0.0000000000
61901  -51.010  2.828  43.680 0.0000000000
61912  -50.764  2.679  43.166 0.0000000000
61927  -49.399  2.616  41.704 0.0000000000
61945  -47.960  2.763  40.746 0.0000000000
61959  -45.895  2.108  39.130 0.0000000000
62005  -45.679  2.687  36.864 0.0000000000
62754  -43.857  2.961  56.845 0.0000000000
62779  -42.049  3.386  53.952 0.0000000000
62799  -40.745  3.352  52.347 0.0000000000
62811  -40.080  3.426  51.312 0.0000000000
62863  -45.349  4.002  48.509 0.0000000000
62873  -36.014  1.859  47.050 0.0000000000
62882  -47.148  4.078  47.360 0.0000000000
62883  -47.868  4.073  47.156 0.0000000000
62889  -34.772  1.814  46.279 0.0000000000
62890  -35.269  1.817  46.487 0.0000000000
62955  -52.460  4.024  41.892 0.0000000000
63798  -44.300  3.211  56.998 0.0000000000
63799  -44.552  3.170  57.009 0.0000000000
63888  -40.486  3.722  51.786 0.0000000000
63892  -42.713  4.654  51.253 0.0000000000
63903  -41.434  4.362  50.923 0.0000000000
64008  -53.715  4.852  41.771 0.0000000000
64051  -50.007  4.997  40.039 0.0000000000
64060  -47.950  4.147  37.799 0.0000000000
64071  -48.473  4.498  37.335 0.0000000000
64081  -47.254  4.003  36.144 0.0000000000
64084  -48.811  4.764  36.984 0.0000000000
64111  -44.622  4.556  34.934 0.0000000000
65091  -54.037  5.236  41.579 0.0000000000
65117  -51.070  5.295  40.235 0.0000000000
65132  -50.350  5.432  39.668 0.0000000000
66193  -50.069  6.727  35.643 0.0000000000
66241  -48.146  6.657  34.141 0.0000000000
67176  -52.803  7.956  39.481 0.0000000000
67178  -54.267  7.984  40.183 0.0000000000
67188  -51.933  7.943  38.434 0.0000000000
67233  -49.749  7.275  34.442 0.0000000000
68247  -52.933  8.659  39.217 0.0000000000
68273  -52.415  8.820  38.126 0.0000000000
68282  -51.188  8.299  36.865 0.0000000000
69307  -52.835  8.898  38.915 0.0000000000
70491  -57.505  11.251  25.240 0.0000000000
71420  -52.803  11.922  35.386 0.0000000000
71421  -52.988  12.092  36.045 0.0000000000
71516  -55.961  11.454  26.733 0.0000000000
71532  -56.996  11.547  26.030 0.0000000000
72582  -50.858  12.135  33.058 0.0000000000
72642  -54.740  12.342  28.283 0.0000000000
72644  -56.190  12.800  27.484 0.0000000000
73715  -54.794  12.986  28.819 0.0000000000
74750  -53.022  14.169  31.126 0.0000000000
