#!ascii label  , from subject  vox2ras=TkReg coords=orig
267
57905  -21.197  -1.437  -10.652 0.5555555820
57914  -21.872  -1.551  -11.673 0.6666666865
57927  -22.244  -0.985  -12.277 0.7777777910
60237  -22.622  0.243  -13.060 0.8888888955
59024  -24.466  -0.304  -14.425 0.8888888955
57891  -21.225  -1.264  -9.503 0.5555555820
58962  -21.132  -0.457  -10.116 0.5555555820
58976  -20.987  -0.423  -10.975 0.6666666865
58986  -21.261  -0.094  -11.487 0.8888888955
59003  -23.155  -0.407  -13.207 0.8888888955
60254  -23.130  0.622  -13.831 0.8888888955
60269  -23.776  0.787  -14.647 1.0000000000
60270  -24.634  0.414  -14.866 0.8888888955
61483  -25.219  1.127  -15.356 1.0000000000
60200  -21.218  0.284  -10.565 0.7777777910
61453  -21.436  1.539  -12.324 1.0000000000
61465  -21.598  1.912  -12.953 1.0000000000
61454  -21.875  1.307  -12.880 1.0000000000
61480  -22.650  1.846  -14.144 1.0000000000
61481  -23.221  1.475  -14.567 1.0000000000
62552  -22.765  2.323  -14.599 1.0000000000
62553  -23.457  2.113  -15.181 1.0000000000
61501  -24.794  1.833  -15.581 1.0000000000
62566  -23.417  2.610  -15.439 1.0000000000
62567  -24.028  2.353  -15.594 1.0000000000
62568  -24.994  2.492  -15.855 1.0000000000
63617  -24.792  3.717  -16.379 1.0000000000
63599  -25.287  3.198  -16.149 0.7777777910
62529  -21.404  2.556  -12.657 0.8888888955
62541  -21.673  2.543  -13.334 1.0000000000
63585  -22.912  2.811  -15.151 1.0000000000
63570  -21.774  3.143  -13.738 1.0000000000
63596  -22.623  3.501  -15.134 1.0000000000
63597  -23.305  3.259  -15.666 1.0000000000
63598  -24.320  3.272  -16.109 1.0000000000
64662  -24.317  3.872  -16.442 1.0000000000
63618  -25.449  3.909  -16.392 1.0000000000
64677  -25.643  4.621  -16.770 1.0000000000
63619  -26.151  4.166  -16.306 0.7777777910
64663  -26.920  4.124  -15.909 0.7777777910
65720  -21.436  5.435  -14.832 0.7777777910
64651  -21.706  4.420  -14.546 0.8888888955
64660  -22.482  4.304  -15.421 1.0000000000
64659  -21.810  4.852  -15.113 0.8888888955
65722  -22.767  5.006  -16.051 1.0000000000
64661  -23.592  4.241  -16.329 1.0000000000
64676  -24.601  4.375  -16.798 1.0000000000
65732  -25.061  5.155  -17.351 1.0000000000
65733  -26.049  5.448  -17.169 0.8888888955
65734  -27.001  5.571  -16.613 0.7777777910
65735  -28.011  5.677  -16.160 0.6666666865
66768  -21.072  6.299  -14.482 0.6666666865
66784  -21.775  6.080  -16.081 0.7777777910
65729  -22.413  5.668  -16.248 0.8888888955
64675  -23.883  4.754  -16.860 1.0000000000
65730  -23.293  5.440  -16.768 1.0000000000
65747  -23.778  5.867  -17.473 1.0000000000
65749  -25.353  5.925  -17.738 0.8888888955
65750  -25.996  6.163  -17.610 0.7777777910
66795  -26.583  6.212  -17.181 0.7777777910
66796  -27.409  6.453  -16.723 0.7777777910
66797  -28.483  6.578  -16.427 0.6666666865
66791  -20.978  7.160  -15.522 0.6666666865
66782  -20.740  7.055  -14.904 0.6666666865
66792  -21.408  6.864  -16.111 0.7777777910
66793  -22.352  6.538  -16.700 0.8888888955
66794  -23.242  6.335  -17.264 0.8888888955
67849  -22.283  7.303  -17.004 1.0000000000
66807  -22.858  7.107  -17.360 1.0000000000
66808  -23.808  6.793  -18.026 1.0000000000
65748  -24.491  5.854  -17.729 0.8888888955
66810  -25.593  6.741  -17.949 0.8888888955
66811  -26.203  6.739  -17.565 0.8888888955
67865  -25.518  7.339  -18.260 0.8888888955
67866  -26.174  7.600  -17.933 0.7777777910
67867  -26.827  7.679  -17.304 0.7777777910
67851  -27.681  7.634  -16.889 0.7777777910
67852  -28.967  7.539  -16.531 0.6666666865
67841  -20.590  7.832  -15.379 0.6666666865
67847  -20.973  7.706  -16.026 0.7777777910
67848  -21.589  7.660  -16.701 0.8888888955
67863  -22.248  7.915  -17.343 0.8888888955
67864  -23.072  7.823  -17.876 1.0000000000
66821  -24.563  7.161  -18.425 1.0000000000
66809  -24.829  6.506  -18.158 0.8888888955
68904  -26.871  8.410  -17.462 0.7777777910
68890  -28.538  8.516  -16.776 0.6666666865
68891  -29.485  8.421  -16.554 0.5555555820
67853  -29.976  7.496  -16.453 0.5555555820
68887  -20.530  8.638  -16.056 0.7777777910
69913  -20.483  9.602  -16.418 0.6666666865
68900  -21.028  8.715  -16.758 0.8888888955
68902  -22.480  8.485  -17.860 1.0000000000
67877  -23.721  7.846  -18.412 1.0000000000
68916  -24.727  8.568  -18.936 0.8888888955
67879  -25.104  7.677  -18.605 0.8888888955
68917  -25.652  8.391  -18.696 0.8888888955
67880  -25.621  7.724  -18.411 0.8888888955
69917  -27.157  9.383  -17.424 0.7777777910
68889  -27.707  8.811  -17.078 0.7777777910
70992  -26.675  10.014  -17.959 0.7777777910
69904  -28.260  9.373  -16.888 0.5555555820
69906  -29.938  9.271  -16.389 0.5555555820
70974  -28.005  9.861  -17.008 0.6666666865
69915  -21.800  9.933  -17.792 0.7777777910
68913  -22.259  9.143  -18.084 1.0000000000
69914  -21.065  9.798  -17.161 0.8888888955
69925  -22.403  9.906  -18.477 1.0000000000
68915  -23.871  8.686  -18.852 0.8888888955
69927  -24.150  9.494  -19.294 0.8888888955
69928  -25.065  9.547  -19.223 0.8888888955
69929  -26.080  9.490  -18.660 0.8888888955
70976  -29.420  10.146  -16.369 0.5555555820
72069  -22.154  12.018  -18.317 0.6666666865
72068  -21.406  12.121  -17.724 0.6666666865
71001  -22.557  10.986  -18.740 0.7777777910
69936  -23.672  10.345  -19.464 0.8888888955
71002  -23.113  11.077  -19.274 0.7777777910
69937  -24.291  10.325  -19.599 0.7777777910
69938  -24.842  10.491  -19.572 0.7777777910
71003  -25.466  10.416  -19.197 0.7777777910
72089  -25.633  11.293  -19.284 0.6666666865
72070  -26.789  11.058  -18.092 0.6666666865
73207  -26.739  12.562  -18.547 0.6666666865
72071  -27.489  11.694  -17.744 0.5555555820
72072  -28.535  11.573  -17.050 0.5555555820
70975  -28.465  10.149  -16.751 0.4444444478
71012  -23.647  11.153  -19.701 0.7777777910
72099  -24.411  11.986  -20.008 0.6666666865
71013  -24.307  11.158  -19.864 0.6666666865
72100  -25.174  11.951  -19.747 0.6666666865
72101  -25.662  11.896  -19.366 0.6666666865
73206  -26.244  12.751  -19.203 0.6666666865
73184  -28.019  12.323  -17.689 0.5555555820
73183  -27.366  12.780  -18.293 0.6666666865
74249  -23.365  13.945  -19.303 0.5555555820
72098  -23.675  12.043  -19.898 0.6666666865
73219  -23.814  12.835  -19.980 0.6666666865
73221  -25.613  12.599  -19.610 0.6666666865
74234  -26.517  13.152  -19.165 0.6666666865
74211  -27.590  13.602  -18.550 0.6666666865
74212  -28.629  13.461  -17.759 0.6666666865
74260  -23.514  13.911  -19.733 0.6666666865
73229  -23.814  13.507  -20.056 0.6666666865
73230  -24.211  13.659  -20.179 0.6666666865
73220  -24.620  12.946  -20.101 0.6666666865
74235  -26.984  13.631  -19.098 0.6666666865
60235  -21.392  0.583  -11.845 1.0000000000
61467  -22.816  1.380  -14.028 1.0000000000
61482  -24.107  1.468  -15.218 1.0000000000
68914  -22.974  8.759  -18.467 1.0000000000
68903  -26.345  8.567  -18.218 0.8888888955
70993  -27.554  10.344  -17.360 0.6666666865
70994  -28.197  10.960  -17.055 0.4444444478
73228  -23.531  13.488  -19.725 0.6666666865
74250  -23.538  14.301  -19.483 0.6666666865
66767  -20.819  7.026  -14.283 0.4444444478
73185  -29.047  11.892  -16.877 0.5555555820
56802  -21.493  -2.367  -9.925 0.5555555820
56818  -21.974  -2.771  -10.826 0.5555555820
57915  -22.642  -2.057  -12.033 0.5555555820
57928  -23.133  -1.491  -12.624 0.6666666865
57945  -23.602  -0.918  -13.265 0.6666666865
60271  -25.793  0.373  -14.852 0.7777777910
61502  -25.618  1.830  -15.666 1.0000000000
62569  -25.902  2.540  -15.922 0.8888888955
63600  -26.263  3.391  -16.009 0.6666666865
64679  -27.486  4.861  -16.015 0.6666666865
64680  -28.640  4.776  -15.731 0.5555555820
74261  -23.826  14.229  -20.000 0.6666666865
74251  -25.287  13.265  -20.080 0.6666666865
74252  -26.038  13.689  -19.865 0.6666666865
75259  -26.429  14.708  -19.844 0.6666666865
75260  -27.041  14.684  -19.484 0.6666666865
75240  -27.592  14.542  -19.077 0.6666666865
75221  -28.007  14.674  -18.686 0.6666666865
57913  -21.195  -1.057  -11.236 0.6666666865
56817  -21.517  -2.160  -10.619 0.6666666865
56830  -21.975  -2.285  -11.288 0.6666666865
58977  -21.329  -0.712  -11.486 0.7777777910
58987  -21.690  -0.400  -12.040 0.8888888955
58988  -22.448  -0.425  -12.637 0.8888888955
60253  -22.380  0.878  -13.140 1.0000000000
60236  -21.919  0.525  -12.568 1.0000000000
60255  -23.916  0.141  -14.436 1.0000000000
59004  -23.847  -0.504  -13.880 0.8888888955
60219  -21.206  0.484  -11.187 0.8888888955
61438  -21.359  1.407  -11.547 0.8888888955
62514  -21.296  2.384  -11.941 0.8888888955
61466  -22.302  1.640  -13.497 1.0000000000
62542  -22.242  2.489  -13.926 1.0000000000
63584  -22.247  3.315  -14.448 1.0000000000
63583  -21.592  3.776  -13.920 0.8888888955
64652  -22.241  3.880  -14.886 1.0000000000
64678  -26.533  4.797  -16.463 0.7777777910
65721  -21.925  5.343  -15.615 0.8888888955
65731  -24.162  5.179  -17.247 1.0000000000
66783  -21.267  6.306  -15.350 0.7777777910
67850  -26.765  7.056  -17.198 0.7777777910
66746  -20.869  6.980  -14.028 0.4444444478
67862  -21.628  8.259  -17.106 0.8888888955
67878  -24.367  7.850  -18.637 0.8888888955
68901  -21.726  8.840  -17.530 0.8888888955
69916  -26.638  9.153  -17.948 0.8888888955
69905  -29.030  9.321  -16.601 0.6666666865
70989  -20.448  10.855  -16.752 0.5555555820
70991  -21.939  11.010  -18.095 0.7777777910
70990  -21.189  10.982  -17.453 0.7777777910
69926  -23.210  9.843  -19.055 0.8888888955
71014  -25.010  11.168  -19.738 0.6666666865
71004  -26.166  10.661  -18.688 0.6666666865
72090  -26.201  11.821  -18.848 0.6666666865
72091  -26.796  11.790  -18.262 0.6666666865
72049  -28.931  10.932  -16.522 0.4444444478
74253  -26.648  14.173  -19.579 0.6666666865
76239  -28.094  15.149  -18.906 0.6666666865
55785  -22.209  -3.342  -10.379 0.4444444478
55786  -22.846  -3.501  -10.862 0.4444444478
56819  -22.427  -3.031  -11.114 0.4444444478
55800  -23.321  -3.343  -11.491 0.4444444478
55801  -24.203  -3.567  -11.808 0.4444444478
56844  -23.108  -2.401  -12.147 0.4444444478
56845  -23.878  -2.666  -12.425 0.4444444478
57929  -24.329  -2.073  -12.950 0.4444444478
61484  -26.397  1.214  -15.197 0.6666666865
61503  -26.386  1.985  -15.592 0.6666666865
62570  -26.808  2.599  -15.598 0.5555555820
74262  -24.778  13.986  -20.286 0.5555555820
75273  -24.964  14.884  -20.232 0.5555555820
75274  -25.743  14.785  -20.182 0.5555555820
76257  -27.605  15.596  -19.440 0.5555555820
76271  -25.329  15.636  -19.982 0.5555555820
77274  -25.915  16.150  -19.818 0.5555555820
54701  -24.027  -4.898  -10.254 0.4444444478
76226  -28.470  15.261  -18.586 0.5555555820
76270  -24.659  15.477  -19.912 0.5555555820
76256  -26.773  15.473  -19.691 0.5555555820
77265  -26.939  16.249  -19.661 0.5555555820
76258  -28.013  16.215  -19.533 0.5555555820
76255  -24.820  15.983  -19.656 0.5555555820
56803  -21.847  -3.012  -10.234 0.4444444478
57946  -24.138  -1.329  -13.405 0.5555555820
56831  -22.583  -2.690  -11.526 0.4444444478
55814  -24.899  -3.415  -12.402 0.4444444478
55772  -22.588  -3.830  -10.154 0.4444444478
54700  -23.416  -4.413  -10.177 0.4444444478
54717  -23.604  -4.032  -10.734 0.4444444478
56832  -23.384  -2.987  -11.945 0.4444444478
55787  -23.694  -3.767  -11.129 0.4444444478
55813  -24.403  -3.142  -12.396 0.4444444478
75272  -24.241  14.958  -20.014 0.4444444478
77248  -24.648  16.481  -18.818 0.4444444478
76254  -24.393  15.763  -19.423 0.4444444478
77275  -26.409  16.062  -19.741 0.4444444478
78215  -26.480  16.510  -19.670 0.4444444478
77263  -24.765  16.378  -19.306 0.4444444478
57906  -21.596  -2.081  -11.059 0.4444444478
62554  -23.870  1.965  -15.353 1.0000000000
66820  -24.114  7.363  -18.439 1.0000000000
66822  -25.128  7.046  -18.331 0.8888888955
68888  -21.005  8.170  -16.387 0.7777777910
68899  -20.609  8.964  -16.436 0.6666666865
69903  -27.739  9.556  -17.134 0.7777777910
74263  -25.387  14.319  -20.261 0.5555555820
76272  -26.121  15.483  -19.972 0.5555555820
76225  -28.272  15.028  -18.627 0.4444444478
78214  -26.226  16.371  -19.708 0.4444444478
