#!ascii label  , from subject sub-02 vox2ras=TkReg
1663
9261  -37.697  -53.333  3.311 0.1000000015
9276  -38.258  -53.964  2.470 0.1000000015
7984  -36.796  -56.480  1.470 0.1000000015
8615  -38.928  -54.605  1.773 0.1000000015
8626  -38.657  -55.395  1.347 0.1000000015
8616  -39.933  -54.334  1.699 0.1000000015
8005  -39.007  -55.910  0.391 0.1000000015
8628  -40.744  -54.409  1.149 0.1000000015
8629  -41.333  -54.226  0.991 0.1000000015
8642  -40.478  -54.834  0.097 0.1000000015
8643  -41.283  -54.291  0.381 0.1000000015
9292  -41.889  -53.899  1.045 0.1000000015
8662  -40.208  -54.945  -0.949 0.1000000015
9303  -41.979  -53.765  -0.251 0.1000000015
9967  -43.328  -52.720  -0.547 0.1000000015
8663  -41.160  -54.303  -0.929 0.1000000015
9319  -42.059  -53.611  -1.526 0.1000000015
8683  -40.551  -54.570  -1.979 0.1000000015
10584  -40.387  -51.580  4.764 0.1000000015
9262  -38.790  -53.213  2.997 0.1000000015
9910  -39.874  -52.102  4.128 0.1000000015
9277  -39.347  -53.835  2.317 0.1000000015
9912  -42.001  -52.426  3.998 0.1000000015
9929  -41.445  -52.902  3.371 0.1000000015
9263  -39.854  -53.247  2.867 0.1000000015
8617  -40.575  -54.101  1.732 0.1000000015
9266  -42.505  -53.369  2.635 0.1000000015
9280  -42.211  -53.644  2.030 0.1000000015
9293  -42.670  -53.404  1.454 0.1000000015
12767  -48.542  -47.392  1.754 0.1000000015
12025  -47.533  -48.541  0.811 0.1000000015
12024  -46.971  -49.469  1.326 0.1000000015
11332  -46.340  -50.215  1.207 0.1000000015
10654  -44.847  -51.389  0.329 0.1000000015
9969  -44.356  -52.039  0.159 0.1000000015
9968  -43.695  -52.550  0.332 0.1000000015
9320  -42.731  -53.155  -0.962 0.1000000015
9304  -42.779  -53.248  0.342 0.1000000015
11245  -40.508  -50.741  6.216 0.1000000015
11228  -43.160  -50.534  6.868 0.2000000030
10556  -40.935  -51.105  5.408 0.1000000015
11229  -44.476  -50.779  6.902 0.1000000015
11248  -43.693  -51.077  6.065 0.1000000015
11249  -44.597  -51.285  6.074 0.1000000015
10558  -43.116  -51.417  5.277 0.1000000015
18704  -43.586  -40.902  4.758 0.1000000015
17785  -44.627  -41.766  4.101 0.1000000015
10559  -44.186  -51.667  5.353 0.1000000015
10587  -43.590  -52.084  4.590 0.1000000015
9930  -42.476  -53.062  3.300 0.1000000015
16833  -44.682  -43.068  3.937 0.1000000015
15971  -45.714  -44.258  3.556 0.1000000015
15081  -46.090  -45.500  3.711 0.1000000015
14250  -46.692  -46.323  3.734 0.1000000015
9914  -43.807  -52.478  3.872 0.1000000015
9281  -42.900  -53.286  2.203 0.1000000015
15972  -46.564  -44.347  3.169 0.1000000015
14251  -47.520  -46.454  3.231 0.1000000015
13494  -47.202  -47.152  3.815 0.1000000015
11974  -47.717  -48.863  4.231 0.1000000015
12008  -47.234  -49.671  2.873 0.1000000015
9943  -43.493  -52.924  2.481 0.1000000015
9294  -43.103  -53.150  1.728 0.1000000015
15082  -47.116  -45.415  3.154 0.1000000015
14272  -48.202  -46.429  2.593 0.1000000015
13495  -47.946  -47.479  3.183 0.1000000015
11992  -47.845  -49.107  3.637 0.1000000015
11292  -45.953  -50.867  2.792 0.1000000015
10632  -44.693  -51.771  1.631 0.1000000015
12009  -47.835  -48.739  2.202 0.1000000015
10633  -45.273  -51.093  1.198 0.1000000015
9955  -44.224  -52.200  1.036 0.1000000015
11213  -43.761  -50.339  7.882 0.1000000015
11211  -41.447  -50.484  7.589 0.1000000015
11196  -41.905  -50.547  8.447 0.2000000030
11195  -41.009  -50.851  8.199 0.2000000030
11214  -44.978  -50.633  8.062 0.1000000015
19614  -43.511  -39.903  5.002 0.1000000015
10534  -45.224  -51.155  6.425 0.1000000015
10560  -45.257  -51.479  5.605 0.1000000015
16832  -43.876  -43.045  4.333 0.1000000015
15970  -44.927  -44.178  3.930 0.1000000015
15080  -45.288  -45.019  3.946 0.1000000015
10588  -44.749  -52.060  4.344 0.1000000015
15061  -45.312  -45.803  4.143 0.1000000015
13473  -47.515  -47.859  4.037 0.1000000015
11973  -47.275  -49.336  4.689 0.1000000015
11271  -46.751  -50.343  4.992 0.1000000015
10604  -45.677  -51.401  3.716 0.1000000015
9932  -44.212  -52.536  3.153 0.1000000015
10618  -45.265  -51.437  2.445 0.1000000015
9954  -43.562  -52.787  1.587 0.1000000015
11907  -45.177  -49.625  11.690 0.1000000015
12662  -45.778  -49.316  10.536 0.1000000015
11180  -45.621  -50.236  11.089 0.1000000015
11179  -44.707  -50.554  11.069 0.1000000015
11188  -43.416  -50.514  9.786 0.2000000030
11922  -44.854  -50.520  9.635 0.2000000030
11187  -42.350  -50.801  9.362 0.2000000030
11200  -45.880  -50.225  9.327 0.1000000015
11924  -46.096  -49.884  9.572 0.1000000015
11932  -46.110  -50.009  8.542 0.1000000015
11216  -46.240  -50.313  7.407 0.1000000015
18681  -42.837  -40.929  5.086 0.1000000015
17783  -42.830  -42.048  4.872 0.1000000015
16830  -42.348  -43.121  4.908 0.1000000015
11215  -45.901  -50.367  8.026 0.1000000015
11231  -46.271  -50.557  6.942 0.1000000015
20482  -43.303  -39.023  5.101 0.1000000015
20458  -42.543  -38.982  5.479 0.1000000015
17784  -43.711  -41.950  4.532 0.1000000015
16831  -43.059  -43.080  4.688 0.1000000015
15060  -44.511  -45.279  4.319 0.1000000015
15059  -43.559  -45.081  4.576 0.1000000015
14236  -44.789  -46.566  4.617 0.1000000015
13464  -45.379  -47.760  5.416 0.1000000015
11956  -46.773  -49.789  5.752 0.1000000015
12708  -46.555  -49.570  6.205 0.1000000015
10561  -46.076  -51.199  5.689 0.1000000015
21346  -43.477  -38.642  4.710 0.1000000015
14237  -46.008  -46.555  4.180 0.1000000015
13465  -46.079  -48.007  5.244 0.1000000015
10590  -46.297  -50.978  5.179 0.1000000015
21345  -42.906  -38.242  4.783 0.1000000015
21359  -43.178  -38.369  3.991 0.1000000015
20495  -43.083  -38.852  3.471 0.1000000015
21344  -42.305  -38.207  4.208 0.1000000015
12681  -43.200  -48.035  9.076 0.1000000015
12661  -45.180  -48.946  11.064 0.1000000015
13432  -42.139  -47.759  8.674 0.1000000015
12682  -44.392  -48.365  8.970 0.1000000015
12650  -43.666  -48.977  12.010 0.1000000015
11164  -44.840  -50.184  11.791 0.1000000015
11178  -43.640  -50.715  10.799 0.2000000030
12695  -43.587  -48.000  8.165 0.1000000015
12670  -45.265  -48.805  9.931 0.1000000015
13446  -43.369  -47.761  7.387 0.1000000015
20441  -41.379  -38.385  6.234 0.1000000015
20457  -41.635  -38.988  6.029 0.1000000015
19589  -41.869  -40.072  5.671 0.1000000015
18680  -42.098  -41.045  5.402 0.1000000015
17763  -41.600  -42.240  5.351 0.1000000015
13454  -42.659  -47.334  6.714 0.1000000015
13455  -43.675  -47.614  6.671 0.1000000015
12683  -45.392  -48.796  8.825 0.1000000015
12698  -46.140  -49.700  7.797 0.1000000015
19590  -42.728  -39.960  5.323 0.1000000015
15955  -42.413  -44.043  4.819 0.1000000015
15058  -42.707  -45.092  4.827 0.1000000015
14234  -43.180  -45.660  4.872 0.1000000015
12706  -45.071  -48.273  6.575 0.1000000015
12707  -46.148  -49.299  6.739 0.1000000015
11949  -46.394  -49.837  7.275 0.1000000015
22160  -41.315  -37.229  5.872 0.1000000015
15956  -43.259  -44.113  4.564 0.1000000015
14226  -44.037  -46.754  5.262 0.1000000015
13463  -44.612  -47.535  5.647 0.1000000015
12712  -45.203  -48.007  5.868 0.1000000015
21324  -42.293  -38.051  5.501 0.1000000015
22180  -41.695  -37.423  5.274 0.1000000015
22181  -42.324  -37.716  4.965 0.1000000015
22204  -41.921  -37.647  4.672 0.1000000015
20494  -42.160  -38.972  3.581 0.1000000015
19634  -42.627  -39.816  3.088 0.1000000015
12660  -44.034  -48.610  11.191 0.1000000015
13445  -42.556  -47.695  7.822 0.1000000015
13444  -41.461  -47.536  7.931 0.1000000015
12680  -42.336  -47.880  9.518 0.1000000015
11906  -44.412  -49.640  12.130 0.1000000015
13453  -41.652  -47.242  7.009 0.1000000015
12659  -42.924  -48.366  11.290 0.1000000015
11151  -44.084  -50.147  12.346 0.1000000015
14217  -41.935  -46.776  6.189 0.1000000015
11163  -43.663  -50.681  11.790 0.2000000030
18679  -41.254  -41.264  5.679 0.1000000015
14224  -41.502  -46.070  5.728 0.1000000015
13461  -43.051  -47.119  6.106 0.1000000015
11893  -42.854  -49.535  12.391 0.1000000015
11162  -42.499  -50.479  12.080 0.2000000030
20456  -41.013  -39.514  6.239 0.1000000015
16812  -41.761  -43.218  5.097 0.1000000015
15935  -41.584  -44.288  5.113 0.1000000015
14225  -42.802  -46.338  5.431 0.1000000015
13462  -43.705  -47.209  5.863 0.1000000015
22203  -41.131  -37.302  4.747 0.1000000015
21343  -41.319  -38.031  4.315 0.1000000015
20481  -41.543  -38.625  3.913 0.1000000015
19633  -41.592  -39.995  3.402 0.1000000015
14215  -39.390  -46.298  6.833 0.1000000015
14210  -40.419  -47.059  7.187 0.1000000015
13443  -40.470  -47.358  7.916 0.1000000015
15036  -39.739  -45.868  6.307 0.1000000015
13452  -40.890  -47.211  7.249 0.1000000015
12667  -42.012  -47.873  10.447 0.1000000015
14216  -40.606  -46.539  6.483 0.1000000015
13431  -41.240  -47.599  9.141 0.1000000015
12649  -42.593  -48.620  11.951 0.1000000015
15044  -41.082  -45.285  5.492 0.1000000015
14223  -40.827  -45.885  5.842 0.1000000015
21303  -41.157  -37.846  6.355 0.1000000015
20440  -40.774  -38.993  6.437 0.1000000015
19573  -40.663  -39.773  6.280 0.1000000015
19588  -40.894  -40.293  6.073 0.1000000015
18678  -40.390  -41.455  5.831 0.1000000015
16811  -41.021  -43.351  5.306 0.1000000015
15934  -40.573  -44.426  5.479 0.1000000015
12658  -41.995  -48.071  11.441 0.1000000015
12637  -43.037  -49.125  12.293 0.1000000015
15954  -42.001  -43.692  4.955 0.1000000015
15045  -41.938  -45.339  5.215 0.1000000015
11892  -41.903  -49.551  12.312 0.1000000015
22159  -40.767  -36.906  6.420 0.1000000015
23001  -40.454  -36.091  6.009 0.1000000015
22179  -40.739  -36.764  5.456 0.1000000015
21342  -40.199  -38.018  4.593 0.1000000015
20480  -40.630  -38.981  4.083 0.1000000015
19613  -39.883  -39.751  4.045 0.1000000015
14209  -39.850  -46.896  7.327 0.1000000015
15035  -39.025  -45.543  6.428 0.1000000015
13442  -39.586  -47.164  8.098 0.1000000015
15042  -39.538  -45.319  6.085 0.1000000015
15925  -38.740  -44.721  6.189 0.1000000015
13430  -40.106  -47.394  8.810 0.1000000015
15933  -39.564  -44.546  5.837 0.1000000015
13418  -40.414  -47.373  9.755 0.1000000015
22158  -40.292  -37.315  7.061 0.1000000015
16810  -40.119  -43.471  5.594 0.1000000015
16809  -39.287  -43.556  5.826 0.1000000015
13419  -41.116  -47.531  10.241 0.1000000015
12648  -41.626  -48.266  11.942 0.1000000015
22143  -40.343  -36.691  6.933 0.1000000015
21302  -40.443  -38.044  6.825 0.1000000015
20439  -39.650  -39.132  6.809 0.1000000015
19572  -39.937  -40.268  6.330 0.1000000015
19587  -40.216  -40.865  6.045 0.1000000015
17762  -40.666  -42.385  5.559 0.1000000015
13401  -40.810  -47.696  11.670 0.1000000015
22987  -40.286  -36.160  6.605 0.1000000015
23000  -39.980  -35.975  5.616 0.1000000015
22178  -39.752  -36.804  5.148 0.1000000015
22202  -40.395  -37.121  4.862 0.1000000015
21322  -39.893  -37.393  4.840 0.1000000015
20479  -39.635  -39.108  4.335 0.1000000015
21321  -39.102  -37.953  4.968 0.1000000015
16800  -38.488  -43.710  6.111 0.1000000015
15924  -37.812  -44.534  6.476 0.1000000015
14208  -38.804  -46.681  7.725 0.1000000015
17747  -38.273  -42.497  6.268 0.1000000015
18667  -39.709  -41.436  6.070 0.1000000015
18666  -38.942  -41.356  6.391 0.1000000015
17748  -39.128  -42.151  6.139 0.1000000015
15932  -38.998  -44.156  5.944 0.1000000015
13441  -39.078  -47.015  8.350 0.1000000015
22142  -39.916  -36.929  7.395 0.1000000015
17761  -39.725  -42.479  5.799 0.1000000015
14184  -39.319  -46.988  9.715 0.1000000015
22971  -40.143  -36.357  7.051 0.1000000015
13412  -41.337  -47.665  11.063 0.1000000015
12647  -40.990  -48.115  12.097 0.1000000015
22986  -39.928  -35.567  6.216 0.1000000015
22985  -39.334  -35.576  5.894 0.1000000015
22999  -39.116  -36.220  5.556 0.1000000015
22998  -38.453  -36.544  5.656 0.1000000015
22176  -37.676  -37.090  5.765 0.1000000015
20455  -38.797  -38.693  4.683 0.1000000015
15034  -38.200  -45.348  6.627 0.1000000015
14214  -38.451  -46.027  6.953 0.1000000015
14207  -37.621  -46.106  7.554 0.1000000015
21286  -39.382  -37.488  7.571 0.1000000015
19571  -38.703  -40.262  6.686 0.1000000015
22970  -39.677  -35.920  7.099 0.1000000015
22969  -38.859  -35.938  7.767 0.1000000015
22141  -39.204  -36.886  7.810 0.1000000015
21301  -39.527  -38.082  7.316 0.1000000015
13416  -39.203  -47.076  9.195 0.1000000015
23793  -38.702  -35.351  7.081 0.1000000015
23794  -39.395  -35.477  6.498 0.1000000015
23806  -37.866  -35.331  6.701 0.1000000015
23807  -38.909  -35.408  6.341 0.1000000015
22984  -38.223  -35.971  5.985 0.1000000015
22983  -37.012  -35.909  6.452 0.1000000015
17746  -37.144  -42.432  6.517 0.1000000015
16799  -37.469  -43.509  6.399 0.1000000015
15033  -37.373  -45.336  6.945 0.1000000015
15923  -36.705  -44.412  6.847 0.1000000015
18665  -37.846  -41.378  6.572 0.1000000015
23783  -38.274  -35.372  7.886 0.1000000015
23791  -36.774  -34.557  7.361 0.1000000015
22156  -36.285  -36.865  6.362 0.1000000015
16798  -36.557  -43.344  6.681 0.1000000015
19570  -37.463  -40.311  7.006 0.1000000015
22130  -38.613  -36.664  8.218 0.1000000015
21285  -38.743  -38.045  7.652 0.1000000015
21300  -38.920  -38.427  7.415 0.1000000015
20437  -37.614  -39.619  7.257 0.1000000015
24705  -37.161  -34.550  8.306 0.1000000015
23792  -37.496  -34.863  7.552 0.1000000015
23805  -36.553  -34.979  6.871 0.1000000015
22982  -35.815  -36.008  6.561 0.1000000015
18664  -36.652  -41.387  6.900 0.1000000015
19561  -37.236  -39.826  7.272 0.1000000015
23782  -37.744  -35.214  8.586 0.1000000015
22959  -38.334  -36.025  8.486 0.1000000015
22140  -38.487  -37.415  8.123 0.1000000015
20429  -38.072  -38.632  7.598 0.1000000015
24716  -36.320  -34.358  7.264 0.1000000015
24715  -35.692  -34.326  6.877 0.1000000015
25680  -35.414  -33.551  6.782 0.1000000015
21272  -37.225  -38.059  8.496 0.1000000015
22129  -37.878  -37.196  8.650 0.1000000015
21284  -37.809  -38.184  8.037 0.1000000015
24704  -36.649  -34.226  7.813 0.1000000015
25668  -35.720  -33.065  7.391 0.1000000015
27563  -35.921  -31.787  7.240 0.1000000015
25656  -36.744  -33.440  8.889 0.1000000015
25669  -36.320  -33.393  8.129 0.1000000015
26617  -36.082  -32.518  7.882 0.1000000015
28570  -37.149  -30.732  7.497 0.1000000015
28559  -37.078  -31.163  8.151 0.1000000015
25645  -37.014  -33.429  9.340 0.1000000015
26605  -37.096  -32.207  8.999 0.1000000015
27548  -36.626  -31.830  8.275 0.1000000015
27549  -37.536  -31.579  8.814 0.1000000015
8614  -37.773  -55.059  1.942 0.1000000015
8625  -38.103  -55.700  1.395 0.1000000015
7987  -38.967  -55.686  0.955 0.1000000015
9264  -40.869  -53.333  2.735 0.1000000015
8627  -39.605  -55.170  0.955 0.1000000015
9279  -41.243  -53.872  1.876 0.1000000015
9911  -40.940  -52.233  4.042 0.1000000015
10585  -41.479  -51.696  4.643 0.1000000015
9928  -40.399  -52.712  3.419 0.1000000015
9265  -41.827  -53.462  2.706 0.1000000015
9942  -42.986  -53.198  2.817 0.1000000015
12766  -48.329  -47.865  2.339 0.1000000015
11351  -45.530  -50.243  -0.167 0.1000000015
11313  -45.813  -50.697  1.777 0.1000000015
10655  -45.357  -50.816  0.329 0.1000000015
11227  -41.995  -50.454  6.820 0.1000000015
11247  -42.573  -50.817  6.018 0.1000000015
11212  -42.505  -50.340  7.717 0.2000000030
14238  -46.655  -46.954  4.061 0.1000000015
12731  -47.834  -48.396  3.831 0.1000000015
12751  -48.139  -48.358  3.109 0.1000000015
12730  -47.366  -48.529  4.487 0.1000000015
11314  -46.463  -50.217  2.278 0.1000000015
11293  -46.546  -50.488  3.628 0.1000000015
10617  -44.658  -52.104  2.548 0.1000000015
11190  -45.369  -50.424  10.118 0.1000000015
11197  -43.010  -50.352  8.738 0.2000000030
11191  -45.977  -50.141  10.308 0.1000000015
10535  -45.897  -51.143  6.379 0.1000000015
10589  -45.743  -51.401  4.866 0.1000000015
15957  -44.092  -44.159  4.232 0.1000000015
13472  -46.682  -47.691  4.513 0.1000000015
12714  -46.642  -48.872  5.452 0.1000000015
10605  -46.232  -50.954  4.506 0.1000000015
10603  -44.963  -52.029  3.266 0.1000000015
12684  -45.964  -49.499  8.745 0.1000000015
11950  -46.591  -50.033  6.803 0.1000000015
14227  -44.546  -47.069  5.095 0.1000000015
13470  -44.934  -47.321  5.032 0.1000000015
12713  -45.771  -48.415  5.872 0.1000000015
10562  -46.460  -50.795  5.683 0.1000000015
12668  -43.142  -48.174  10.302 0.1000000015
12669  -44.256  -48.450  10.132 0.1000000015
12696  -44.435  -48.238  7.632 0.1000000015
10478  -42.812  -50.888  11.600 0.2000000030
12697  -45.641  -48.948  7.751 0.1000000015
14218  -42.579  -46.927  6.060 0.1000000015
13456  -44.273  -47.702  6.302 0.1000000015
12705  -44.349  -47.966  6.782 0.1000000015
12636  -42.252  -48.914  12.290 0.1000000015
15043  -40.237  -45.463  5.857 0.1000000015
17760  -38.960  -42.884  5.980 0.1000000015
22177  -38.689  -37.098  5.420 0.1000000015
21320  -37.818  -38.121  5.327 0.1000000015
20438  -38.450  -39.095  7.251 0.1000000015
11811  -39.254  -48.999  20.879 0.5000000000
7796  -39.957  -55.128  15.197 0.5000000000
8448  -39.444  -54.176  15.610 0.5000000000
12551  -39.534  -48.401  21.764 0.5000000000
11819  -38.891  -49.209  20.012 0.5000000000
11828  -39.591  -49.780  19.205 0.5000000000
13297  -39.096  -47.274  21.912 0.5000000000
13317  -39.258  -47.764  21.925 0.5000000000
11810  -38.689  -48.803  20.593 0.5000000000
8463  -39.182  -53.573  14.905 0.5000000000
12550  -38.385  -48.345  21.020 0.5000000000
13316  -38.730  -47.705  21.621 0.5000000000
12549  -37.818  -48.055  20.886 0.4000000060
12555  -37.415  -48.152  20.357 0.4000000060
7823  -37.894  -54.754  12.911 0.5000000000
7836  -37.893  -55.109  12.492 0.5000000000
8488  -37.351  -54.389  12.417 0.5000000000
8487  -37.080  -54.160  11.736 0.5000000000
9823  -36.452  -52.692  11.506 0.5000000000
11157  -35.718  -50.800  11.553 0.4000000060
11899  -35.411  -49.838  11.753 0.4000000060
8419  -39.563  -54.933  18.228 0.1000000015
8440  -39.309  -54.873  16.118 0.5000000000
12537  -39.862  -48.172  22.133 0.5000000000
12552  -40.170  -48.815  21.867 0.5000000000
11820  -39.831  -49.605  20.236 0.5000000000
11840  -39.272  -49.760  18.423 0.4000000060
9126  -39.329  -53.031  15.652 0.5000000000
14052  -40.220  -46.770  22.448 0.5000000000
13298  -39.771  -47.658  22.224 0.5000000000
14839  -40.561  -45.861  22.378 0.5000000000
15668  -42.204  -44.883  22.486 0.5000000000
15667  -41.308  -45.426  22.468 0.5000000000
14838  -39.778  -46.137  22.085 0.5000000000
15666  -40.731  -45.494  22.164 0.3000000119
14050  -38.990  -46.952  21.883 0.5000000000
14067  -38.574  -46.787  21.596 0.4000000060
14068  -39.194  -46.250  21.761 0.3000000119
12575  -37.407  -48.831  18.266 0.6999999881
11838  -37.902  -49.167  17.784 0.5000000000
15687  -40.399  -45.377  21.587 0.3000000119
14852  -38.825  -45.939  21.360 0.3000000119
13314  -37.131  -47.231  20.854 0.4000000060
12561  -37.282  -48.597  19.139 0.5000000000
11837  -37.170  -48.949  17.628 0.6000000238
11862  -37.701  -49.971  16.905 0.6000000238
10446  -38.992  -51.742  15.831 0.6000000238
7824  -38.711  -55.083  13.493 0.3000000119
14866  -39.116  -45.570  21.055 0.3000000119
14851  -38.136  -46.086  21.139 0.3000000119
12560  -36.404  -47.886  19.550 0.4000000060
12587  -36.534  -48.803  17.384 0.5000000000
11111  -37.312  -50.200  16.335 0.6000000238
11133  -37.293  -51.306  14.813 0.6000000238
9142  -37.925  -52.878  14.073 0.5000000000
8474  -37.834  -54.297  13.195 0.5000000000
14864  -37.585  -45.783  20.566 0.4000000060
13323  -36.131  -47.107  20.172 0.4000000060
12574  -36.577  -48.473  18.247 0.5000000000
11849  -36.221  -49.000  16.767 0.5000000000
11132  -36.400  -50.840  14.680 0.5000000000
10463  -37.153  -51.963  13.992 0.5000000000
9170  -37.207  -53.831  12.882 0.5000000000
14863  -36.872  -45.819  20.253 0.4000000060
14083  -35.916  -46.038  19.870 0.4000000060
13339  -35.231  -47.091  19.047 0.5000000000
12598  -35.577  -48.877  16.377 0.5000000000
11131  -35.311  -50.018  14.902 0.4000000060
10462  -36.536  -52.021  13.475 0.5000000000
9821  -36.294  -52.488  12.524 0.5000000000
14094  -35.034  -46.561  19.127 0.4000000060
12572  -34.836  -47.565  18.013 0.5000000000
11877  -35.113  -49.672  15.224 0.5000000000
11130  -34.672  -49.679  14.534 0.4000000060
10468  -35.771  -51.780  12.436 0.4000000060
9820  -35.909  -52.140  12.287 0.5000000000
13358  -33.863  -47.114  16.748 0.5000000000
12618  -34.183  -48.575  14.726 0.4000000060
11147  -34.688  -50.083  13.108 0.4000000060
11889  -34.803  -49.432  12.410 0.4000000060
12608  -33.982  -47.928  15.233 0.3000000119
12617  -33.946  -47.939  14.526 0.4000000060
12625  -34.072  -48.196  13.793 0.3000000119
12628  -34.577  -48.364  12.824 0.3000000119
13387  -35.086  -47.778  12.700 0.3000000119
7772  -39.702  -56.133  18.891 0.1000000015
8420  -40.664  -55.029  18.941 0.1000000015
9087  -40.458  -54.054  18.369 0.4000000060
9086  -39.764  -53.960  17.869 0.4000000060
8431  -39.201  -54.378  17.419 0.4000000060
8441  -39.267  -54.140  16.593 0.5000000000
9098  -39.654  -53.403  17.205 0.4000000060
9772  -39.750  -52.700  16.830 0.5000000000
9113  -39.477  -53.260  16.367 0.5000000000
11797  -40.499  -48.940  21.919 0.5000000000
11812  -40.433  -49.350  21.309 0.5000000000
9786  -39.894  -52.300  16.843 0.5000000000
14053  -41.264  -46.636  22.902 0.5000000000
13299  -40.817  -47.588  22.620 0.5000000000
15652  -42.069  -45.379  23.059 0.5000000000
15651  -41.683  -45.528  22.909 0.5000000000
10434  -39.395  -51.339  16.497 0.6000000238
15689  -42.477  -44.719  21.485 0.2000000030
15688  -41.455  -45.026  21.490 0.3000000119
15686  -39.832  -45.406  21.219 0.3000000119
15710  -39.538  -45.341  20.581 0.4000000060
15711  -40.726  -45.207  20.440 0.3000000119
15712  -41.805  -45.075  20.410 0.3000000119
15733  -41.175  -45.199  19.333 0.4000000060
15709  -38.775  -45.341  20.141 0.4000000060
15732  -40.048  -45.204  19.289 0.3000000119
14880  -38.132  -45.302  19.978 0.4000000060
14877  -35.646  -45.808  19.565 0.4000000060
14895  -34.791  -45.659  18.800 0.4000000060
15731  -38.861  -45.191  19.321 0.3000000119
15730  -37.822  -45.082  19.131 0.3000000119
15743  -34.930  -44.865  18.312 0.3000000119
13349  -34.282  -47.108  17.640 0.4000000060
15770  -35.451  -44.295  17.791 0.3000000119
14919  -33.801  -45.627  17.203 0.3000000119
13366  -33.678  -47.235  15.743 0.4000000060
12624  -33.969  -47.662  14.246 0.3000000119
16616  -34.771  -43.922  16.857 0.2000000030
14940  -33.818  -45.627  15.550 0.3000000119
13380  -34.118  -47.211  13.989 0.3000000119
16641  -34.976  -43.301  16.495 0.1000000015
15824  -34.208  -44.551  15.644 0.2000000030
14128  -33.982  -46.265  14.719 0.4000000060
19423  -38.117  -40.736  15.586 0.1000000015
9088  -41.443  -53.883  18.838 0.1000000015
9100  -41.011  -53.368  18.267 0.5000000000
9099  -40.349  -53.312  17.829 0.4000000060
11798  -41.132  -49.050  22.056 0.5000000000
11821  -40.697  -49.997  20.243 0.4000000060
11076  -41.263  -50.448  20.152 0.4000000060
11092  -40.458  -50.722  18.498 0.4000000060
10424  -40.422  -51.390  17.652 0.5000000000
9773  -40.309  -52.476  17.324 0.5000000000
14043  -41.877  -46.510  23.209 0.5000000000
13300  -41.860  -47.618  22.967 0.5000000000
12539  -41.576  -48.391  22.567 0.4000000060
10435  -40.015  -51.917  16.847 0.4000000060
15653  -43.101  -45.118  23.522 0.4000000060
14831  -41.745  -45.914  23.135 0.5000000000
15654  -43.992  -44.593  23.651 0.4000000060
15669  -43.227  -44.554  22.596 0.4000000060
15670  -44.344  -44.305  22.746 0.3000000119
15690  -43.569  -44.538  21.516 0.3000000119
15691  -44.754  -44.564  21.605 0.2000000030
15713  -42.851  -44.891  20.391 0.2000000030
15714  -43.998  -44.980  20.316 0.3000000119
15737  -44.525  -45.373  19.761 0.1000000015
15735  -43.217  -45.208  19.401 0.2000000030
15750  -41.700  -45.038  18.494 0.2000000030
15748  -39.423  -45.032  17.997 0.2000000030
15746  -37.435  -44.667  18.435 0.2000000030
15774  -41.235  -44.652  17.831 0.2000000030
16611  -38.593  -44.468  17.754 0.2000000030
16609  -37.034  -44.193  17.998 0.2000000030
15773  -40.297  -44.624  17.641 0.2000000030
16621  -39.168  -44.048  17.389 0.1000000015
16618  -36.310  -43.859  17.697 0.2000000030
16617  -35.213  -43.658  16.994 0.2000000030
17560  -40.478  -43.295  17.047 0.1000000015
17558  -38.618  -43.021  17.138 0.1000000015
17574  -37.023  -42.174  16.828 0.1000000015
18472  -35.694  -41.961  16.210 0.1000000015
17577  -40.039  -42.263  16.722 0.1000000015
17576  -38.999  -42.163  16.704 0.1000000015
18473  -36.382  -41.627  16.296 0.1000000015
18476  -39.387  -41.282  16.168 0.1000000015
19396  -38.089  -40.962  15.926 0.1000000015
19424  -39.189  -40.749  15.504 0.1000000015
19447  -41.234  -40.891  14.289 0.1000000015
9762  -42.260  -53.339  18.995 0.3000000119
9761  -41.663  -52.879  18.416 0.3000000119
10397  -43.469  -51.597  20.465 0.3000000119
10406  -42.758  -51.899  19.524 0.3000000119
9774  -40.939  -52.832  17.911 0.3000000119
11079  -43.210  -50.944  20.624 0.3000000119
10396  -42.782  -51.213  20.097 0.3000000119
10415  -41.618  -51.936  18.724 0.5000000000
10425  -41.072  -52.264  17.940 0.5000000000
11799  -42.346  -49.191  22.284 0.4000000060
11071  -42.289  -50.287  20.986 0.5000000000
11077  -41.898  -50.660  20.304 0.4000000060
11083  -40.903  -50.661  19.496 0.4000000060
10414  -41.022  -51.211  18.927 0.5000000000
14820  -44.025  -45.741  24.396 0.4000000060
14045  -43.424  -46.561  24.035 0.4000000060
13301  -42.464  -47.629  23.251 0.5000000000
15637  -46.386  -44.753  25.102 0.4000000060
15655  -45.253  -44.478  24.086 0.4000000060
15634  -43.850  -44.993  24.099 0.4000000060
14833  -43.255  -45.759  23.925 0.5000000000
15656  -46.495  -44.337  24.080 0.4000000060
15671  -45.583  -44.300  22.873 0.3000000119
15672  -46.808  -44.361  22.916 0.3000000119
15692  -45.981  -44.652  21.724 0.2000000030
15716  -46.392  -45.150  20.758 0.1000000015
15715  -45.198  -45.126  20.507 0.1000000015
14867  -45.025  -45.503  19.668 0.1000000015
15736  -44.005  -45.447  19.270 0.1000000015
15751  -42.764  -45.085  18.603 0.2000000030
14882  -44.501  -45.572  19.156 0.1000000015
14898  -44.138  -45.570  18.790 0.1000000015
15752  -43.627  -45.359  18.687 0.2000000030
15775  -42.304  -44.727  17.959 0.2000000030
16624  -41.797  -44.108  17.433 0.1000000015
17561  -41.220  -43.521  17.146 0.1000000015
17562  -41.813  -43.379  17.035 0.1000000015
18477  -40.513  -41.380  16.136 0.1000000015
18478  -41.719  -41.724  16.147 0.1000000015
19426  -41.033  -40.808  15.003 0.1000000015
18508  -42.050  -41.155  15.134 0.1000000015
18545  -42.525  -41.651  13.369 0.1000000015
18562  -43.056  -42.202  12.786 0.1000000015
17652  -42.774  -42.475  11.847 0.1000000015
17677  -43.473  -42.540  11.103 0.1000000015
9725  -43.733  -52.111  21.247 0.3000000119
9738  -43.133  -52.797  20.683 0.2000000030
11074  -43.984  -50.842  21.900 0.3000000119
11815  -43.452  -50.298  21.760 0.4000000060
11800  -43.790  -49.564  22.559 0.3000000119
14035  -44.199  -46.526  24.485 0.3000000119
12518  -43.540  -47.962  23.488 0.4000000060
11781  -44.195  -49.047  23.140 0.3000000119
15636  -45.695  -45.166  25.235 0.3000000119
14821  -45.088  -45.707  25.184 0.3000000119
13287  -44.449  -47.953  24.083 0.4000000060
12519  -44.148  -48.434  23.469 0.4000000060
11782  -44.617  -49.355  23.594 0.3000000119
15638  -47.301  -44.460  25.159 0.3000000119
15639  -48.253  -44.050  25.045 0.3000000119
15657  -47.612  -44.262  24.066 0.3000000119
15693  -47.138  -44.757  21.804 0.2000000030
15694  -48.129  -44.764  21.782 0.1000000015
15718  -48.271  -45.014  20.755 0.1000000015
14870  -47.698  -45.364  20.021 0.1000000015
14868  -45.779  -45.517  19.860 0.1000000015
14884  -46.108  -45.666  19.185 0.1000000015
14899  -44.628  -45.570  18.648 0.1000000015
15776  -43.581  -45.067  17.970 0.2000000030
14922  -44.641  -45.449  18.100 0.2000000030
16625  -42.836  -44.381  17.459 0.1000000015
16626  -43.762  -44.496  17.368 0.1000000015
16643  -43.251  -43.765  16.986 0.1000000015
17579  -42.427  -42.813  16.696 0.1000000015
18479  -42.840  -41.890  16.030 0.1000000015
18509  -43.268  -41.586  15.215 0.1000000015
18531  -41.976  -41.141  13.945 0.1000000015
17641  -43.802  -42.194  13.089 0.1000000015
17653  -43.862  -42.539  12.182 0.1000000015
17678  -44.552  -42.869  11.215 0.1000000015
17708  -45.269  -42.359  9.547 0.1000000015
9724  -43.179  -52.584  21.698 0.2000000030
9055  -42.531  -53.259  21.292 0.2000000030
9705  -43.742  -52.157  22.424 0.2000000030
10370  -44.085  -51.576  22.130 0.3000000119
10345  -44.200  -51.276  24.080 0.2000000030
10371  -44.331  -51.135  22.590 0.3000000119
10387  -44.164  -51.077  22.122 0.3000000119
13272  -44.303  -47.216  24.407 0.3000000119
11801  -44.500  -49.897  22.953 0.3000000119
14808  -46.318  -45.554  26.217 0.3000000119
14822  -45.720  -45.652  25.663 0.3000000119
12520  -44.624  -48.530  24.081 0.3000000119
15624  -47.640  -44.268  26.058 0.3000000119
15623  -46.943  -45.020  26.097 0.3000000119
13273  -44.692  -47.946  24.769 0.3000000119
12503  -44.736  -48.796  24.444 0.2000000030
16538  -47.838  -43.740  25.932 0.2000000030
15625  -48.010  -43.916  25.627 0.3000000119
15658  -48.554  -44.184  23.908 0.3000000119
15674  -48.819  -44.414  22.802 0.2000000030
15695  -48.963  -44.609  21.632 0.1000000015
15719  -48.978  -44.909  20.349 0.1000000015
15720  -49.956  -44.320  20.550 0.1000000015
16598  -50.979  -43.537  20.366 0.1000000015
14871  -48.303  -45.217  20.103 0.1000000015
15739  -49.389  -44.753  19.421 0.1000000015
16612  -50.881  -43.589  19.422 0.1000000015
16613  -51.336  -42.820  19.027 0.1000000015
18453  -51.786  -41.208  17.550 0.1000000015
14885  -47.094  -45.553  19.239 0.1000000015
14886  -48.159  -45.333  19.392 0.1000000015
14904  -48.834  -45.013  18.692 0.1000000015
15755  -50.173  -44.309  18.904 0.1000000015
16628  -51.603  -42.541  17.729 0.1000000015
17583  -52.168  -41.780  17.083 0.1000000015
14901  -46.369  -45.566  18.524 0.1000000015
14900  -45.408  -45.587  18.549 0.1000000015
14923  -45.600  -45.429  17.937 0.2000000030
15777  -44.735  -44.941  17.446 0.1000000015
15803  -44.819  -44.601  17.130 0.1000000015
17581  -44.714  -43.069  16.296 0.1000000015
17580  -43.665  -42.836  16.444 0.1000000015
17604  -44.225  -42.470  15.908 0.1000000015
18533  -43.809  -41.700  14.452 0.1000000015
18548  -44.924  -42.131  13.717 0.1000000015
18547  -44.227  -41.951  13.729 0.1000000015
17642  -44.560  -42.373  13.058 0.1000000015
17654  -44.979  -42.871  12.268 0.1000000015
11037  -43.022  -50.477  25.280 0.2000000030
10356  -44.514  -50.936  23.212 0.3000000119
11062  -44.333  -50.503  22.544 0.3000000119
11750  -43.666  -49.499  25.375 0.2000000030
11038  -43.960  -50.402  25.008 0.2000000030
11039  -44.477  -50.040  24.674 0.2000000030
10346  -44.562  -50.694  23.700 0.3000000119
11054  -44.593  -50.273  23.356 0.3000000119
14022  -45.844  -46.134  26.734 0.3000000119
14021  -45.322  -46.769  26.318 0.3000000119
13252  -44.855  -47.557  25.778 0.3000000119
14799  -46.730  -45.254  26.639 0.3000000119
14798  -46.261  -45.519  27.086 0.3000000119
14008  -45.420  -46.567  27.022 0.3000000119
13234  -44.786  -47.220  26.828 0.3000000119
17439  -46.507  -43.314  26.504 0.2000000030
16526  -46.324  -43.973  27.015 0.3000000119
12480  -44.632  -48.568  25.197 0.2000000030
11770  -44.658  -49.428  24.530 0.2000000030
16537  -47.572  -43.437  26.147 0.2000000030
17451  -48.279  -43.328  25.381 0.2000000030
17450  -47.849  -43.158  25.741 0.2000000030
16546  -48.788  -43.609  24.823 0.3000000119
17460  -48.367  -42.843  25.215 0.3000000119
15640  -48.926  -43.879  24.461 0.3000000119
16547  -49.318  -43.509  24.300 0.2000000030
17462  -49.694  -43.119  24.144 0.2000000030
16557  -49.899  -43.422  23.379 0.2000000030
15676  -50.128  -43.831  22.182 0.1000000015
14903  -48.195  -45.238  18.492 0.1000000015
15754  -49.347  -44.722  18.473 0.1000000015
15783  -49.950  -44.433  18.083 0.1000000015
14924  -46.626  -45.380  17.923 0.1000000015
14925  -47.520  -45.237  17.931 0.1000000015
14926  -48.131  -45.063  17.885 0.1000000015
15809  -50.017  -44.232  17.265 0.1000000015
15779  -46.916  -44.975  17.433 0.1000000015
15807  -48.175  -44.482  16.826 0.1000000015
15778  -45.904  -45.057  17.421 0.1000000015
15806  -47.278  -44.487  16.889 0.1000000015
16646  -46.698  -43.870  16.392 0.1000000015
15804  -45.285  -44.581  17.029 0.1000000015
16645  -45.578  -43.775  16.512 0.1000000015
16675  -46.167  -43.209  15.898 0.1000000015
17605  -44.883  -42.481  15.604 0.1000000015
18534  -44.793  -42.003  14.495 0.1000000015
11748  -41.417  -49.360  25.202 0.3000000119
12477  -42.114  -48.398  25.699 0.3000000119
12478  -43.320  -48.458  25.890 0.3000000119
11751  -44.383  -49.463  25.110 0.2000000030
12479  -44.206  -48.675  25.697 0.3000000119
11048  -44.651  -50.264  24.096 0.2000000030
15604  -45.567  -45.455  27.628 0.3000000119
14784  -44.636  -46.096  27.783 0.3000000119
13233  -43.978  -47.232  27.305 0.3000000119
12458  -44.583  -48.006  26.036 0.3000000119
17438  -45.592  -43.293  26.542 0.2000000030
15610  -44.838  -44.772  27.369 0.3000000119
15609  -43.799  -44.997  27.152 0.3000000119
17448  -46.017  -42.630  25.895 0.2000000030
18353  -46.015  -42.175  25.271 0.2000000030
17458  -46.702  -42.267  25.363 0.2000000030
18366  -48.236  -42.339  24.751 0.3000000119
18380  -49.098  -42.330  24.235 0.2000000030
16676  -47.055  -43.401  15.632 0.1000000015
17607  -46.469  -42.856  15.122 0.1000000015
17606  -45.656  -42.648  15.405 0.1000000015
18511  -44.781  -42.120  15.125 0.1000000015
11747  -40.194  -49.351  24.923 0.1000000015
12476  -40.778  -48.156  25.331 0.3000000119
13250  -41.824  -47.280  26.280 0.3000000119
14007  -43.471  -46.553  27.341 0.3000000119
14006  -42.683  -46.419  26.867 0.3000000119
16523  -43.365  -44.222  26.629 0.3000000119
14796  -43.125  -45.770  27.057 0.3000000119
17446  -43.693  -42.945  26.161 0.2000000030
17447  -44.872  -42.654  25.972 0.2000000030
18352  -45.319  -42.091  25.249 0.1000000015
18365  -47.293  -41.955  24.705 0.2000000030
18363  -44.865  -41.559  24.452 0.1000000015
18364  -46.105  -41.789  24.650 0.2000000030
18378  -46.926  -41.571  23.876 0.2000000030
18379  -48.073  -41.847  24.044 0.3000000119
14005  -42.026  -46.516  26.616 0.3000000119
15621  -42.246  -44.352  26.193 0.3000000119
15608  -42.784  -44.816  26.600 0.3000000119
14795  -42.122  -45.641  26.517 0.3000000119
16535  -42.817  -43.738  26.264 0.2000000030
17445  -42.480  -42.745  25.771 0.2000000030
18350  -42.997  -41.827  25.403 0.1000000015
18351  -44.185  -41.958  25.300 0.1000000015
18362  -43.487  -41.141  24.378 0.1000000015
18377  -45.712  -41.390  23.679 0.1000000015
13249  -40.734  -47.028  25.664 0.3000000119
13248  -40.018  -46.732  25.281 0.2000000030
14020  -41.350  -46.263  26.125 0.3000000119
16534  -41.952  -43.610  25.859 0.2000000030
15620  -41.595  -44.714  25.904 0.3000000119
17444  -41.599  -42.725  25.485 0.2000000030
16533  -41.099  -43.512  25.389 0.2000000030
18348  -41.122  -42.074  25.156 0.1000000015
18359  -40.462  -41.473  24.774 0.1000000015
18349  -41.947  -41.886  25.315 0.1000000015
18361  -42.275  -41.151  24.770 0.1000000015
18375  -43.597  -41.015  23.372 0.1000000015
14018  -39.963  -46.198  25.266 0.2000000030
14804  -40.029  -45.477  25.164 0.2000000030
14805  -40.949  -45.482  25.682 0.2000000030
15619  -40.618  -44.563  25.288 0.2000000030
16545  -40.438  -43.704  24.977 0.1000000015
17457  -40.429  -42.654  24.857 0.1000000015
18360  -41.318  -41.263  24.833 0.1000000015
19318  -42.406  -40.650  24.066 0.1000000015
19319  -43.006  -40.756  23.686 0.1000000015
19316  -40.604  -40.566  24.473 0.1000000015
19329  -40.969  -40.181  24.039 0.1000000015
19330  -41.621  -40.289  23.613 0.1000000015
19315  -39.535  -40.712  24.499 0.1000000015
20246  -39.928  -39.938  24.208 0.1000000015
20247  -40.499  -40.082  24.163 0.1000000015
11839  -38.711  -49.513  17.977 0.4000000060
11827  -38.762  -49.373  18.967 0.5000000000
12556  -38.272  -48.688  20.353 0.5000000000
11826  -38.028  -49.058  18.613 0.5000000000
11101  -39.718  -50.657  17.370 0.5000000000
11082  -40.228  -50.264  18.990 0.4000000060
7812  -39.488  -54.609  14.500 0.5000000000
11091  -39.854  -50.246  18.275 0.4000000060
11852  -38.223  -49.778  17.304 0.5000000000
11100  -38.960  -50.176  17.313 0.6000000238
9144  -38.990  -52.744  15.140 0.5000000000
7811  -38.905  -54.437  14.007 0.3000000119
7202  -39.081  -55.787  13.124 0.5000000000
9795  -39.128  -52.202  15.642 0.5000000000
12554  -36.791  -47.864  20.144 0.4000000060
8475  -38.410  -54.136  13.765 0.4000000060
9169  -36.788  -53.562  12.151 0.5000000000
10474  -35.642  -51.450  11.932 0.4000000060
10475  -35.993  -51.713  11.400 0.4000000060
11148  -35.247  -50.747  12.457 0.4000000060
11829  -40.274  -50.018  19.606 0.5000000000
11090  -39.340  -50.031  17.834 0.4000000060
13324  -36.667  -47.444  20.391 0.3000000119
14065  -36.829  -46.929  20.729 0.4000000060
11850  -36.867  -49.209  17.016 0.6000000238
11124  -37.548  -50.881  15.624 0.6000000238
11125  -38.257  -51.066  16.064 0.6000000238
11112  -38.377  -50.581  16.587 0.6000000238
9806  -38.541  -52.241  15.087 0.5000000000
8462  -38.864  -53.909  14.259 0.5000000000
13327  -35.827  -47.227  19.700 0.4000000060
12559  -35.724  -47.532  19.195 0.4000000060
12586  -35.731  -48.476  17.329 0.5000000000
11123  -36.358  -50.012  15.678 0.5000000000
9814  -37.428  -52.485  13.898 0.5000000000
10444  -37.839  -51.484  15.155 0.5000000000
9157  -37.702  -53.391  13.614 0.5000000000
9143  -38.502  -53.100  14.410 0.5000000000
14079  -37.022  -46.145  20.583 0.4000000060
12573  -35.504  -47.806  18.426 0.5000000000
11122  -35.695  -49.853  15.404 0.5000000000
11142  -36.154  -51.328  13.838 0.4000000060
9813  -36.930  -52.745  13.291 0.5000000000
14878  -36.305  -45.563  19.653 0.4000000060
14093  -34.568  -46.491  18.564 0.5000000000
12597  -34.894  -48.325  16.537 0.5000000000
11141  -35.360  -50.693  13.725 0.4000000060
10461  -35.773  -51.462  13.140 0.5000000000
13359  -34.396  -47.663  16.913 0.5000000000
11876  -34.730  -49.356  15.071 0.4000000060
11140  -34.642  -49.901  13.946 0.4000000060
14105  -33.785  -46.350  17.215 0.4000000060
12609  -34.532  -48.588  15.589 0.4000000060
11888  -34.349  -49.242  13.310 0.4000000060
11813  -41.739  -49.672  21.541 0.5000000000
9785  -39.611  -52.356  16.347 0.5000000000
14832  -42.629  -45.828  23.583 0.5000000000
10423  -39.903  -51.087  17.112 0.5000000000
15734  -42.229  -45.179  19.387 0.3000000119
14897  -36.205  -45.008  18.898 0.3000000119
15729  -36.927  -45.019  19.037 0.3000000119
14106  -34.117  -46.387  17.871 0.3000000119
15747  -38.325  -44.881  18.350 0.2000000030
15745  -36.552  -44.505  18.300 0.3000000119
14920  -34.194  -45.565  17.855 0.3000000119
15768  -33.899  -45.091  17.037 0.3000000119
15801  -33.801  -45.067  16.576 0.3000000119
14114  -33.550  -46.430  16.210 0.4000000060
13374  -33.793  -47.219  14.738 0.4000000060
16640  -34.609  -43.733  16.324 0.2000000030
15823  -33.818  -45.061  16.164 0.3000000119
17556  -36.720  -43.000  17.215 0.2000000030
17571  -34.884  -43.112  16.239 0.2000000030
19422  -37.202  -40.852  15.669 0.1000000015
11822  -41.397  -50.064  20.751 0.5000000000
11102  -40.176  -50.707  17.877 0.5000000000
14044  -42.436  -46.528  23.499 0.5000000000
15749  -40.633  -45.056  18.330 0.2000000030
16610  -37.840  -44.293  17.918 0.2000000030
15772  -39.722  -44.492  17.494 0.1000000015
16619  -37.313  -43.663  17.619 0.2000000030
16623  -40.826  -44.078  17.393 0.1000000015
16622  -40.007  -44.018  17.246 0.1000000015
17559  -39.563  -43.149  17.048 0.1000000015
16620  -38.224  -43.745  17.520 0.2000000030
17557  -37.657  -42.947  17.197 0.2000000030
17575  -37.995  -42.118  16.768 0.1000000015
18475  -38.324  -41.275  16.195 0.1000000015
18504  -37.049  -41.071  15.920 0.1000000015
19398  -40.255  -40.982  15.834 0.1000000015
19425  -40.257  -40.771  15.402 0.1000000015
10416  -42.364  -52.565  19.002 0.3000000119
10386  -43.873  -51.348  21.513 0.3000000119
9752  -43.335  -52.454  19.835 0.3000000119
11073  -43.611  -50.848  21.311 0.3000000119
9751  -42.994  -52.823  19.651 0.3000000119
10395  -42.320  -50.985  20.147 0.3000000119
11072  -43.062  -50.507  21.116 0.3000000119
10405  -41.784  -51.198  19.639 0.3000000119
12540  -42.955  -48.395  23.101 0.4000000060
12541  -43.868  -48.849  23.025 0.4000000060
11814  -42.813  -49.950  21.723 0.4000000060
15635  -44.603  -45.017  24.493 0.4000000060
13285  -42.945  -47.421  23.594 0.4000000060
15717  -47.426  -45.141  20.826 0.1000000015
14883  -45.220  -45.636  19.149 0.1000000015
14921  -44.098  -45.482  18.395 0.2000000030
16642  -42.417  -43.738  17.113 0.1000000015
17578  -41.188  -42.594  16.753 0.1000000015
18507  -41.123  -41.132  15.586 0.1000000015
18532  -42.865  -41.381  14.303 0.1000000015
18546  -43.392  -41.770  13.609 0.1000000015
9064  -42.404  -53.633  20.321 0.2000000030
11061  -43.850  -50.430  22.025 0.3000000119
14036  -44.832  -46.705  25.189 0.3000000119
13286  -43.867  -47.590  23.826 0.4000000060
15622  -46.416  -45.185  25.689 0.3000000119
15673  -47.907  -44.496  22.912 0.1000000015
14869  -46.766  -45.492  19.965 0.1000000015
16644  -44.472  -44.042  16.931 0.1000000015
9681  -43.782  -51.954  23.509 0.2000000030
10355  -44.235  -51.562  22.997 0.2000000030
14809  -46.728  -45.307  26.393 0.3000000119
14807  -45.586  -46.113  25.936 0.3000000119
16528  -47.621  -44.005  26.352 0.3000000119
15612  -46.925  -44.653  26.812 0.3000000119
16527  -47.270  -43.791  26.559 0.3000000119
15659  -49.292  -43.970  23.677 0.2000000030
15675  -49.624  -44.065  22.602 0.1000000015
15696  -49.731  -44.287  21.478 0.1000000015
15721  -50.600  -43.859  20.675 0.1000000015
15740  -50.361  -44.094  19.895 0.1000000015
15738  -48.802  -45.093  19.537 0.1000000015
16627  -50.792  -43.694  18.159 0.1000000015
17568  -51.857  -41.775  17.797 0.1000000015
17543  -51.422  -41.869  18.667 0.1000000015
14887  -48.674  -45.151  19.079 0.1000000015
18483  -52.196  -40.938  16.533 0.1000000015
14902  -47.345  -45.441  18.550 0.1000000015
18510  -44.211  -42.002  15.249 0.1000000015
11749  -42.616  -49.440  25.375 0.2000000030
10338  -43.988  -50.974  24.697 0.2000000030
14009  -45.699  -46.086  27.329 0.3000000119
15611  -45.871  -44.928  27.467 0.3000000119
14785  -45.244  -45.805  27.716 0.3000000119
13223  -44.461  -46.909  27.453 0.3000000119
13994  -45.038  -46.435  27.489 0.3000000119
12457  -44.129  -47.967  26.520 0.3000000119
17449  -47.146  -42.927  26.096 0.2000000030
16525  -45.233  -43.996  27.056 0.3000000119
17461  -49.052  -43.089  24.845 0.3000000119
16566  -50.050  -43.622  22.696 0.2000000030
15753  -48.676  -44.947  18.110 0.1000000015
15782  -49.233  -44.636  17.710 0.1000000015
16651  -51.729  -42.514  16.439 0.1000000015
15780  -47.768  -44.872  17.431 0.1000000015
15781  -48.492  -44.759  17.492 0.1000000015
15805  -46.286  -44.527  16.932 0.1000000015
17582  -45.414  -42.988  16.011 0.1000000015
11036  -41.957  -50.418  25.299 0.3000000119
13251  -42.720  -47.765  26.297 0.3000000119
12456  -43.448  -47.678  26.606 0.3000000119
15602  -44.631  -45.509  27.625 0.3000000119
13993  -44.256  -46.639  27.644 0.3000000119
14797  -43.929  -45.944  27.641 0.3000000119
13232  -42.938  -47.085  26.809 0.3000000119
17436  -44.089  -43.356  26.478 0.3000000119
18381  -49.676  -42.511  23.874 0.2000000030
17471  -50.024  -42.784  23.495 0.2000000030
11035  -40.822  -50.395  25.211 0.1000000015
12502  -40.058  -47.967  24.970 0.2000000030
12475  -40.086  -47.468  25.160 0.3000000119
15607  -42.164  -44.890  26.331 0.3000000119
18376  -44.521  -41.201  23.535 0.1000000015
14019  -40.504  -46.211  25.550 0.3000000119
14806  -41.510  -45.551  26.070 0.3000000119
17443  -41.066  -42.717  25.236 0.1000000015
14819  -39.410  -45.525  24.777 0.2000000030
19317  -41.530  -40.633  24.336 0.1000000015
7218  -40.080  -56.620  12.754 0.3000000119
7232  -40.471  -57.244  11.992 0.3000000119
6050  -38.992  -58.664  9.846 0.2000000030
5506  -37.507  -59.929  8.573 0.2000000030
6620  -40.596  -57.535  12.644 0.4000000060
6029  -40.383  -58.048  11.282 0.3000000119
7230  -39.409  -56.397  11.812 0.4000000060
6627  -40.498  -57.516  11.642 0.3000000119
6037  -39.804  -58.359  10.749 0.3000000119
7849  -38.715  -56.062  11.964 0.4000000060
7243  -40.544  -56.812  10.928 0.4000000060
6051  -40.169  -57.972  9.917 0.3000000119
6064  -38.880  -58.463  8.552 0.2000000030
7242  -39.710  -56.370  11.204 0.4000000060
6652  -40.730  -57.343  9.811 0.4000000060
7861  -38.789  -55.820  11.113 0.4000000060
7860  -38.004  -55.264  11.268 0.4000000060
6653  -40.970  -56.963  10.058 0.4000000060
7862  -39.982  -55.768  10.474 0.4000000060
7244  -40.873  -56.663  10.167 0.4000000060
6665  -40.984  -56.801  9.564 0.3000000119
6065  -39.713  -57.980  9.026 0.4000000060
8515  -37.960  -54.880  10.888 0.4000000060
7863  -40.761  -56.181  10.184 0.4000000060
6664  -40.761  -57.075  8.846 0.3000000119
9174  -37.086  -53.825  11.245 0.4000000060
8516  -38.851  -54.915  10.423 0.4000000060
7881  -41.140  -55.767  9.713 0.4000000060
9185  -37.797  -53.948  10.671 0.4000000060
7880  -40.709  -55.564  10.156 0.4000000060
7278  -41.351  -55.967  8.596 0.3000000119
9184  -37.276  -53.602  10.846 0.4000000060
8517  -40.111  -54.810  10.158 0.4000000060
8532  -40.577  -55.196  10.162 0.4000000060
9186  -39.017  -53.906  10.318 0.4000000060
8533  -40.938  -55.072  10.081 0.4000000060
7891  -41.573  -55.453  9.016 0.3000000119
8518  -40.996  -54.379  10.268 0.4000000060
8534  -41.415  -54.575  9.666 0.3000000119
7896  -40.830  -55.330  7.758 0.2000000030
9832  -37.155  -53.033  10.781 0.3000000119
9833  -38.150  -52.984  10.504 0.4000000060
9834  -39.326  -52.945  10.522 0.4000000060
9188  -41.102  -53.661  10.436 0.4000000060
8519  -41.368  -54.078  10.147 0.4000000060
8539  -41.598  -54.498  8.656 0.2000000030
8554  -40.691  -54.263  7.981 0.3000000119
11158  -36.378  -51.051  11.019 0.3000000119
10488  -37.466  -52.088  10.596 0.3000000119
9189  -41.522  -53.668  10.078 0.3000000119
9199  -41.515  -53.642  8.878 0.2000000030
9193  -41.622  -53.734  9.466 0.2000000030
8538  -41.320  -53.979  8.452 0.2000000030
8553  -39.285  -54.274  7.400 0.2000000030
11173  -36.998  -51.355  10.687 0.3000000119
11900  -36.342  -49.901  11.264 0.3000000119
11914  -37.136  -50.508  10.844 0.3000000119
10490  -39.722  -52.066  10.910 0.2000000030
9836  -41.303  -52.897  10.514 0.2000000030
9198  -40.979  -53.460  8.469 0.1000000015
9212  -38.707  -53.390  7.361 0.2000000030
11916  -38.734  -50.143  11.174 0.2000000030
11175  -39.045  -50.923  11.028 0.2000000030
10491  -40.869  -52.070  11.095 0.1000000015
9837  -41.669  -52.897  10.032 0.1000000015
9847  -40.787  -52.655  8.626 0.1000000015
9213  -39.701  -53.196  7.873 0.1000000015
12642  -35.249  -49.152  11.922 0.2000000030
11915  -38.119  -50.245  10.954 0.3000000119
13381  -34.895  -47.224  13.271 0.2000000030
12629  -35.321  -48.396  12.252 0.1000000015
12643  -35.859  -48.970  11.678 0.3000000119
11901  -37.499  -49.547  11.234 0.2000000030
11176  -40.147  -51.372  11.196 0.1000000015
10492  -41.673  -51.859  10.702 0.1000000015
9841  -41.303  -52.371  9.085 0.1000000015
9846  -40.045  -52.318  8.181 0.1000000015
12644  -36.922  -48.803  11.684 0.2000000030
11902  -38.620  -49.472  11.475 0.1000000015
11159  -39.279  -50.015  11.372 0.1000000015
11177  -40.838  -51.270  11.439 0.1000000015
10476  -41.446  -51.472  11.343 0.1000000015
10497  -41.318  -51.976  9.154 0.1000000015
10503  -40.062  -51.855  8.150 0.1000000015
10532  -38.514  -51.881  6.734 0.1000000015
12630  -36.416  -48.036  12.182 0.1000000015
12645  -38.025  -48.694  11.867 0.2000000030
12646  -38.951  -48.660  12.024 0.1000000015
11160  -40.225  -50.468  11.495 0.1000000015
10477  -42.156  -51.136  11.439 0.1000000015
10498  -41.832  -51.822  9.707 0.1000000015
10505  -41.553  -51.125  8.868 0.1000000015
10513  -39.559  -51.647  7.588 0.1000000015
10554  -38.835  -51.527  5.813 0.1000000015
11903  -39.831  -49.251  11.939 0.1000000015
10493  -42.708  -51.224  11.004 0.1000000015
11244  -39.850  -50.877  6.495 0.1000000015
10499  -42.739  -50.952  10.240 0.1000000015
18394  -47.786  -41.612  23.172 0.2000000030
14138  -34.610  -46.276  14.020 0.2000000030
13388  -35.885  -47.224  12.788 0.1000000015
13389  -37.092  -47.172  12.780 0.1000000015
11904  -40.981  -49.847  12.010 0.1000000015
11209  -39.986  -50.929  7.437 0.1000000015
10514  -40.303  -51.096  7.907 0.1000000015
11905  -41.707  -50.168  12.102 0.1000000015
7231  -40.208  -56.861  11.896 0.4000000060
6038  -40.401  -57.905  10.559 0.3000000119
6636  -40.625  -57.385  10.604 0.3000000119
6651  -40.379  -57.540  9.252 0.3000000119
7257  -41.010  -56.484  9.732 0.4000000060
7269  -41.254  -56.291  9.182 0.3000000119
9187  -40.203  -53.766  10.330 0.4000000060
8555  -41.314  -54.876  8.045 0.2000000030
10489  -38.545  -52.013  10.638 0.3000000119
9835  -40.476  -52.924  10.667 0.2000000030
9214  -40.455  -53.500  8.165 0.2000000030
11174  -37.835  -51.164  10.696 0.3000000119
9842  -41.525  -52.966  9.415 0.1000000015
9861  -38.856  -52.420  7.369 0.1000000015
10504  -40.773  -51.742  8.543 0.1000000015
10512  -38.919  -51.932  7.253 0.1000000015
12631  -37.549  -47.960  12.355 0.1000000015
11161  -41.424  -50.729  11.748 0.1000000015
10533  -39.308  -51.262  6.585 0.1000000015
11890  -40.197  -48.631  12.257 0.1000000015
7174  -39.500  -56.393  15.739 0.3000000119
6580  -40.115  -57.065  15.177 0.2000000030
5978  -39.435  -57.644  15.255 0.3000000119
5990  -40.050  -57.832  14.580 0.2000000030
8430  -38.845  -54.964  16.844 0.4000000060
7795  -39.694  -55.508  15.678 0.4000000060
6005  -39.588  -58.647  13.824 0.2000000030
8447  -39.630  -54.907  15.634 0.4000000060
6594  -40.571  -57.177  14.733 0.2000000030
6006  -40.515  -58.033  13.446 0.2000000030
6004  -39.105  -58.840  14.022 0.1000000015
5431  -39.293  -58.906  13.294 0.1000000015
6595  -40.850  -57.067  14.330 0.3000000119
5430  -38.644  -59.177  13.767 0.1000000015
6018  -39.805  -58.598  12.902 0.2000000030
5445  -38.081  -59.591  12.662 0.1000000015
5458  -37.679  -59.912  11.881 0.1000000015
5446  -39.023  -59.143  12.594 0.1000000015
5459  -38.463  -59.434  11.669 0.1000000015
4900  -37.096  -60.308  11.562 0.1000000015
5471  -37.681  -59.968  10.992 0.1000000015
4912  -37.024  -60.464  10.439 0.1000000015
7190  -40.678  -56.345  14.349 0.3000000119
6028  -39.596  -58.676  11.816 0.2000000030
5460  -39.031  -59.114  11.935 0.2000000030
4911  -36.333  -60.372  10.537 0.1000000015
7203  -39.894  -55.961  13.598 0.2000000030
7204  -40.670  -56.728  13.580 0.3000000119
6019  -40.409  -58.112  12.305 0.2000000030
6036  -38.988  -58.892  11.054 0.2000000030
4927  -36.482  -60.393  9.611 0.1000000015
4928  -37.094  -60.418  9.285 0.1000000015
7219  -40.637  -57.065  12.752 0.3000000119
7825  -39.711  -55.262  14.023 0.2000000030
5489  -38.229  -59.299  9.822 0.1000000015
5507  -38.190  -59.231  9.082 0.1000000015
4947  -36.641  -60.457  8.625 0.1000000015
4959  -37.028  -60.353  7.934 0.1000000015
5516  -38.144  -59.049  7.933 0.1000000015
6074  -38.856  -58.084  7.390 0.1000000015
4474  -35.907  -61.111  6.693 0.1000000015
4966  -37.053  -60.294  6.869 0.1000000015
5515  -37.518  -59.681  7.375 0.1000000015
5526  -38.048  -58.826  6.794 0.1000000015
6663  -40.229  -57.402  8.515 0.3000000119
5525  -37.516  -59.551  6.269 0.1000000015
7189  -40.218  -55.548  14.503 0.3000000119
7175  -40.476  -56.154  15.116 0.2000000030
5488  -37.682  -59.882  9.820 0.1000000015
4948  -37.079  -60.408  8.609 0.1000000015
5991  -40.677  -57.550  13.998 0.2000000030
6608  -40.745  -57.318  13.499 0.3000000119
5472  -38.299  -59.384  10.537 0.1000000015
4958  -36.327  -60.779  7.531 0.1000000015
4462  -35.827  -61.016  7.232 0.1000000015
6075  -39.524  -57.798  8.173 0.2000000030
6097  -38.105  -57.852  5.527 0.1000000015
6703  -37.119  -58.133  5.047 0.1000000015
6691  -37.983  -57.170  5.622 0.2000000030
6702  -36.545  -58.016  4.974 0.1000000015
6674  -39.003  -57.406  6.784 0.2000000030
6682  -38.527  -57.190  6.102 0.2000000030
6690  -37.210  -57.486  5.281 0.2000000030
7304  -38.133  -56.787  5.901 0.1000000015
6701  -35.476  -57.718  4.691 0.1000000015
7303  -37.466  -56.465  5.824 0.2000000030
7288  -37.628  -55.976  6.163 0.1000000015
6675  -39.891  -57.086  7.570 0.2000000030
6683  -39.232  -56.640  6.771 0.1000000015
7302  -36.335  -56.537  5.484 0.1000000015
7933  -36.540  -55.533  5.943 0.1000000015
6676  -40.614  -56.808  8.324 0.2000000030
7289  -38.301  -56.186  6.316 0.1000000015
7913  -37.421  -55.302  6.398 0.1000000015
7276  -40.084  -56.045  7.322 0.1000000015
7914  -38.421  -55.187  6.805 0.1000000015
7268  -41.042  -56.435  8.615 0.2000000030
7277  -40.863  -56.180  7.998 0.2000000030
8574  -37.794  -54.219  6.878 0.1000000015
7290  -39.229  -55.722  6.912 0.1000000015
7915  -39.104  -54.943  7.137 0.1000000015
8573  -36.854  -54.364  6.428 0.1000000015
6085  -38.521  -58.049  6.280 0.1000000015
7785  -39.003  -55.686  16.327 0.2000000030
8412  -41.883  -54.191  19.690 0.1000000015
9026  -42.407  -52.889  23.575 0.1000000015
9042  -42.543  -52.918  22.387 0.1000000015
9704  -43.173  -52.470  22.378 0.1000000015
10336  -42.338  -51.336  25.497 0.2000000030
9009  -42.207  -53.021  24.762 0.1000000015
10337  -43.215  -51.537  25.035 0.1000000015
9661  -43.108  -52.237  24.251 0.1000000015
9075  -41.730  -54.127  19.302 0.1000000015
9680  -43.136  -52.392  23.085 0.1000000015
10344  -43.606  -51.726  24.375 0.1000000015
9076  -42.150  -53.836  19.564 0.1000000015
9041  -41.710  -53.487  22.966 0.1000000015
9025  -41.753  -53.404  23.945 0.1000000015
10325  -42.375  -51.978  25.746 0.1000000015
7779  -38.536  -55.854  17.148 0.1000000015
7160  -38.671  -56.644  16.558 0.1000000015
14034  -39.357  -46.306  24.922 0.1000000015
13271  -39.523  -47.137  25.038 0.1000000015
12501  -39.433  -47.922  24.874 0.1000000015
12500  -38.504  -48.211  24.706 0.1000000015
11045  -38.912  -49.795  24.826 0.1000000015
13269  -37.889  -47.392  24.566 0.1000000015
12499  -37.510  -48.346  24.638 0.1000000015
11745  -37.584  -49.863  25.166 0.1000000015
13270  -38.827  -47.241  24.788 0.1000000015
11767  -38.169  -49.284  24.808 0.1000000015
10332  -38.355  -51.022  26.092 0.1000000015
14033  -38.294  -46.426  24.570 0.1000000015
11765  -36.238  -49.181  24.990 0.1000000015
14032  -37.292  -46.537  24.386 0.1000000015
13268  -36.883  -47.494  24.507 0.1000000015
11766  -37.126  -49.180  24.868 0.1000000015
11744  -36.813  -49.804  25.334 0.1000000015
15632  -39.439  -44.667  24.571 0.1000000015
13267  -35.867  -47.609  24.573 0.1000000015
12498  -36.512  -48.410  24.697 0.1000000015
14818  -38.749  -45.528  24.495 0.1000000015
15618  -40.063  -44.757  24.967 0.1000000015
18395  -48.921  -41.773  23.371 0.1000000015
18396  -49.721  -42.232  23.412 0.1000000015
17483  -49.704  -41.885  22.576 0.1000000015
15630  -37.709  -44.859  24.027 0.1000000015
16558  -50.252  -43.081  23.091 0.1000000015
17494  -50.463  -42.014  21.706 0.1000000015
17472  -50.416  -42.876  22.814 0.1000000015
12497  -35.493  -48.518  24.922 0.1000000015
16567  -50.452  -43.319  22.485 0.1000000015
11746  -39.576  -49.630  24.828 0.1000000015
11034  -39.590  -50.285  25.093 0.1000000015
11769  -39.937  -48.475  24.865 0.1000000015
11768  -39.237  -49.058  24.752 0.1000000015
11033  -38.444  -50.344  25.300 0.1000000015
14817  -37.661  -45.442  24.216 0.1000000015
17485  -50.791  -42.863  22.270 0.1000000015
14129  -34.369  -45.862  14.485 0.1000000015
14949  -34.755  -45.281  14.402 0.1000000015
14941  -34.262  -45.061  15.013 0.1000000015
6563  -37.436  -58.180  16.984 0.1000000015
5962  -37.903  -58.354  16.527 0.1000000015
6552  -37.598  -57.636  17.687 0.1000000015
6564  -38.180  -57.676  16.888 0.1000000015
6543  -37.142  -57.323  18.011 0.1000000015
6553  -38.182  -57.253  18.084 0.1000000015
6544  -37.785  -57.264  18.585 0.1000000015
7139  -36.977  -56.642  18.423 0.1000000015
8975  -32.767  -53.584  26.300 0.1000000015
8988  -32.725  -53.189  25.096 0.1000000015
10366  -33.096  -51.978  21.768 0.1000000015
10382  -32.935  -51.825  21.019 0.1000000015
10392  -33.459  -51.612  20.516 0.1000000015
10413  -34.267  -51.804  19.231 0.1000000015
10412  -33.535  -51.661  19.218 0.1000000015
7149  -36.562  -56.813  17.689 0.1000000015
7778  -36.211  -55.758  17.911 0.1000000015
5977  -38.463  -58.378  15.596 0.1000000015
9769  -33.697  -52.632  17.746 0.1000000015
9095  -34.648  -53.560  17.435 0.1000000015
8427  -34.792  -54.324  17.013 0.1000000015
7769  -36.881  -55.617  18.845 0.1000000015
5989  -39.013  -58.653  14.441 0.1000000015
9783  -32.484  -52.954  16.913 0.1000000015
8429  -36.139  -54.705  18.261 0.1000000015
9641  -32.995  -52.746  24.343 0.1000000015
10353  -33.765  -52.045  22.541 0.1000000015
7141  -38.900  -56.939  18.460 0.1000000015
7150  -38.413  -56.788  17.583 0.1000000015
10367  -33.713  -51.862  21.996 0.1000000015
10393  -34.149  -51.635  20.705 0.1000000015
10384  -34.273  -51.743  21.490 0.1000000015
9096  -35.545  -53.678  18.080 0.1000000015
7140  -37.552  -56.491  19.191 0.1000000015
9084  -35.910  -53.406  18.630 0.1000000015
9097  -36.149  -53.981  18.514 0.1000000015
8417  -36.574  -54.530  18.833 0.1000000015
7770  -37.300  -55.953  19.219 0.1000000015
8989  -33.629  -53.044  25.626 0.1000000015
8976  -33.885  -53.383  26.515 0.1000000015
8962  -34.221  -53.927  27.279 0.1000000015
9642  -33.599  -52.736  24.728 0.1000000015
9657  -34.406  -52.500  24.170 0.1000000015
6545  -38.667  -57.354  18.984 0.1000000015
7771  -38.850  -55.981  18.062 0.1000000015
9676  -34.312  -52.189  23.164 0.1000000015
10368  -34.378  -51.954  22.375 0.1000000015
10394  -34.864  -51.798  20.871 0.1000000015
9749  -35.462  -52.180  20.044 0.1000000015
9771  -35.462  -52.934  18.539 0.1000000015
9758  -34.983  -52.262  18.995 0.1000000015
9759  -35.915  -52.863  19.157 0.1000000015
8408  -36.841  -54.260  19.268 0.1000000015
7761  -37.011  -54.922  19.223 0.1000000015
9760  -36.404  -53.251  19.426 0.1000000015
9085  -36.430  -53.674  19.026 0.1000000015
7142  -39.279  -57.135  19.109 0.1000000015
8990  -34.581  -53.114  25.785 0.1000000015
8963  -35.275  -54.026  27.349 0.1000000015
8294  -35.723  -54.498  28.170 0.1000000015
6534  -38.930  -57.395  19.633 0.1000000015
6546  -39.057  -57.441  19.328 0.1000000015
9643  -34.427  -52.810  25.047 0.1000000015
6533  -38.338  -57.143  19.421 0.1000000015
9701  -34.944  -52.086  22.668 0.1000000015
7762  -37.554  -55.584  19.581 0.1000000015
10369  -34.925  -51.948  22.188 0.1000000015
9074  -37.422  -54.081  20.016 0.1000000015
9735  -35.586  -52.017  21.149 0.1000000015
9736  -36.388  -52.515  20.702 0.1000000015
9750  -36.362  -52.864  19.854 0.1000000015
8977  -34.922  -53.534  26.537 0.1000000015
7129  -38.714  -57.125  19.985 0.1000000015
8409  -37.276  -54.529  19.641 0.1000000015
7748  -38.243  -55.675  20.447 0.1000000015
9721  -35.429  -51.994  22.011 0.1000000015
9722  -36.239  -52.234  21.714 0.1000000015
7112  -38.983  -56.639  20.485 0.1000000015
7113  -39.637  -56.632  20.193 0.1000000015
7111  -38.608  -56.227  20.541 0.1000000015
9644  -35.001  -52.980  25.245 0.1000000015
9062  -38.054  -54.255  20.772 0.1000000015
8400  -37.840  -54.651  20.237 0.1000000015
9658  -35.379  -52.772  24.548 0.1000000015
9737  -36.990  -52.904  20.708 0.1000000015
9061  -37.524  -53.552  20.655 0.1000000015
9677  -35.165  -52.355  23.478 0.1000000015
9723  -37.054  -52.687  21.323 0.1000000015
7750  -39.726  -56.088  20.927 0.1000000015
8401  -38.362  -54.877  20.990 0.1000000015
7749  -38.977  -55.689  21.163 0.1000000015
8991  -35.630  -53.243  25.555 0.1000000015
9040  -38.478  -53.783  22.511 0.1000000015
9053  -38.267  -53.993  21.398 0.1000000015
9052  -37.821  -53.095  21.868 0.1000000015
9678  -36.104  -52.555  23.554 0.1000000015
7733  -40.501  -55.439  21.312 0.1000000015
8388  -38.818  -54.685  21.880 0.1000000015
7731  -39.449  -55.085  22.135 0.1000000015
8978  -35.975  -53.704  26.624 0.1000000015
9703  -36.901  -52.517  22.552 0.1000000015
7722  -40.271  -55.249  22.042 0.1000000015
9004  -35.965  -53.016  24.869 0.1000000015
8293  -34.672  -54.537  27.963 0.1000000015
8264  -36.596  -55.291  30.056 0.1000000015
8278  -36.316  -54.948  29.293 0.1000000015
8277  -35.263  -54.956  28.714 0.1000000015
9675  -33.503  -52.259  23.062 0.1000000015
10403  -34.646  -51.777  20.219 0.1000000015
9757  -34.032  -52.061  18.584 0.1000000015
9770  -34.771  -52.768  18.143 0.1000000015
8428  -35.466  -54.630  17.524 0.1000000015
7777  -35.644  -55.481  17.241 0.1000000015
7784  -35.996  -56.194  17.284 0.1000000015
9656  -33.593  -52.465  23.878 0.1000000015
9073  -36.901  -53.648  19.744 0.1000000015
6517  -39.116  -57.139  20.086 0.1000000015
7128  -38.261  -56.531  19.999 0.1000000015
7638  -35.628  -55.221  29.291 0.1000000015
3169  -27.800  -64.552  1.063 0.1000000015
2740  -28.082  -64.916  1.262 0.1000000015
4996  -28.043  -60.162  4.679 0.1000000015
4515  -27.967  -60.948  4.518 0.1000000015
5008  -28.505  -60.573  4.274 0.1000000015
4528  -28.558  -61.358  3.549 0.1000000015
3614  -27.335  -63.990  1.174 0.1000000015
5550  -27.508  -59.656  4.587 0.1000000015
6148  -28.376  -58.024  2.689 0.1000000015
3170  -28.824  -64.333  1.448 0.1000000015
2727  -29.177  -64.844  2.512 0.1000000015
3615  -28.363  -63.491  1.292 0.1000000015
4061  -28.334  -61.928  3.054 0.1000000015
3598  -28.200  -62.921  1.681 0.1000000015
2726  -28.381  -65.189  1.847 0.1000000015
4997  -28.635  -59.989  4.419 0.1000000015
3581  -27.439  -62.649  2.942 0.1000000015
4059  -27.235  -62.525  3.485 0.1000000015
5551  -28.216  -59.472  4.483 0.1000000015
6718  -29.124  -57.573  3.315 0.1000000015
6737  -28.888  -57.447  2.634 0.1000000015
6755  -29.280  -56.893  1.937 0.1000000015
4470  -32.509  -61.729  6.042 0.1000000015
3546  -32.053  -63.857  5.592 0.1000000015
4022  -32.773  -62.455  5.723 0.1000000015
3155  -29.927  -64.429  2.385 0.1000000015
3138  -30.205  -64.596  3.118 0.1000000015
2712  -30.629  -64.826  4.193 0.1000000015
2697  -31.391  -64.728  5.112 0.1000000015
3103  -31.709  -64.404  5.563 0.1000000015
3171  -29.820  -63.878  1.547 0.1000000015
2696  -31.019  -64.911  4.860 0.1000000015
3616  -29.449  -63.400  1.285 0.1000000015
2711  -29.889  -64.829  3.503 0.1000000015
4077  -28.868  -62.397  1.812 0.1000000015
4091  -28.578  -62.785  1.591 0.1000000015
6109  -28.378  -58.795  4.155 0.1000000015
4493  -33.176  -62.089  5.744 0.1000000015
3547  -32.491  -63.284  5.530 0.1000000015
4471  -33.392  -61.441  6.087 0.1000000015
3123  -31.461  -64.574  4.452 0.1000000015
3124  -32.258  -64.044  4.385 0.1000000015
3104  -32.396  -63.875  5.160 0.1000000015
3139  -30.758  -64.540  3.501 0.1000000015
3156  -31.034  -63.998  2.657 0.1000000015
4541  -28.636  -61.812  2.781 0.1000000015
4529  -29.198  -61.064  3.191 0.1000000015
5567  -29.692  -59.681  3.846 0.1000000015
5553  -29.712  -59.088  4.038 0.1000000015
6110  -29.170  -58.556  4.064 0.1000000015
4092  -29.204  -62.679  1.379 0.1000000015
4006  -32.059  -62.555  5.990 0.1000000015
4556  -29.803  -62.202  1.378 0.1000000015
3533  -31.881  -63.152  5.996 0.1000000015
3172  -30.464  -63.849  1.893 0.1000000015
3617  -30.498  -63.276  1.315 0.1000000015
4005  -31.503  -62.805  6.546 0.1000000015
4558  -31.437  -61.513  0.763 0.1000000015
4107  -31.833  -61.748  0.686 0.1000000015
5053  -33.022  -60.327  -0.152 0.1000000015
3105  -32.781  -63.563  5.109 0.1000000015
3140  -31.654  -64.056  3.468 0.1000000015
3157  -31.487  -63.849  2.940 0.1000000015
3618  -31.504  -63.017  1.493 0.1000000015
3600  -31.776  -63.506  2.644 0.1000000015
4094  -31.182  -62.333  0.951 0.1000000015
4095  -32.339  -62.189  1.042 0.1000000015
3582  -32.049  -63.724  3.387 0.1000000015
3125  -32.808  -63.644  4.744 0.1000000015
3141  -32.169  -63.867  3.722 0.1000000015
3602  -33.025  -62.876  3.014 0.1000000015
3599  -31.047  -63.542  1.940 0.1000000015
4569  -31.951  -61.185  0.370 0.1000000015
3619  -32.123  -62.883  1.856 0.1000000015
3122  -31.009  -64.749  4.266 0.1000000015
3154  -29.030  -64.679  1.970 0.1000000015
3597  -27.623  -63.100  2.051 0.1000000015
3601  -32.511  -62.971  2.507 0.1000000015
4060  -27.769  -62.129  3.458 0.1000000015
4075  -27.782  -62.554  2.684 0.1000000015
4076  -28.347  -62.375  2.339 0.1000000015
4108  -32.190  -61.573  0.535 0.1000000015
4492  -32.842  -62.116  5.782 0.1000000015
4514  -27.244  -61.353  4.687 0.1000000015
4995  -27.173  -60.453  4.856 0.1000000015
5009  -29.176  -60.395  3.820 0.1000000015
5022  -29.616  -60.788  3.063 0.1000000015
5552  -29.031  -59.399  4.257 0.1000000015
6027  -39.007  -59.040  11.630 0.2000000030
6052  -40.563  -57.664  10.229 0.3000000119
6108  -27.677  -59.103  4.293 0.1000000015
6111  -29.904  -58.521  3.911 0.1000000015
6129  -28.562  -58.103  3.437 0.1000000015
6581  -40.735  -56.826  14.827 0.2000000030
6637  -40.851  -56.974  10.421 0.4000000060
6688  -35.540  -57.158  4.929 0.1000000015
6689  -36.050  -57.293  5.162 0.1000000015
7176  -40.794  -56.610  14.665 0.2000000030
7217  -39.273  -56.152  12.656 0.5000000000
7241  -39.285  -56.205  11.333 0.4000000060
7837  -38.557  -55.696  12.608 0.5000000000
7848  -38.117  -55.529  11.794 0.5000000000
7864  -40.993  -56.170  10.017 0.4000000060
7879  -40.373  -55.338  10.226 0.4000000060
7897  -41.389  -55.398  8.295 0.2000000030
7912  -36.726  -54.939  6.254 0.1000000015
7934  -37.259  -55.849  6.115 0.1000000015
7970  -37.076  -55.583  1.963 0.1000000015
8403  -41.979  -54.178  19.913 0.1000000015
8411  -41.523  -54.629  19.705 0.1000000015
8500  -37.166  -54.219  11.479 0.4000000060
8501  -37.465  -54.678  11.548 0.5000000000
8552  -38.402  -54.006  7.178 0.2000000030
8575  -38.660  -54.562  7.119 0.2000000030
8576  -39.016  -54.616  7.224 0.1000000015
9060  -36.859  -53.058  20.297 0.1000000015
9089  -41.968  -53.797  19.156 0.1000000015
9156  -36.904  -53.238  12.904 0.5000000000
9158  -38.387  -53.639  14.012 0.5000000000
9175  -37.481  -54.355  11.010 0.4000000060
9197  -40.380  -53.024  8.293 0.1000000015
9278  -40.320  -53.802  2.218 0.1000000015
9282  -43.267  -53.078  2.039 0.1000000015
9291  -41.318  -54.117  1.279 0.1000000015
9305  -43.136  -53.031  1.133 0.1000000015
9655  -32.891  -52.611  23.637 0.1000000015
9662  -43.727  -51.816  24.077 0.1000000015
9699  -33.272  -52.149  22.416 0.1000000015
9700  -34.547  -52.080  22.738 0.1000000015
9702  -35.814  -52.239  22.668 0.1000000015
9739  -43.434  -52.334  20.215 0.3000000119
9748  -34.680  -51.891  19.658 0.1000000015
9756  -32.865  -51.898  18.581 0.1000000015
9794  -38.817  -51.928  15.554 0.6000000238
9805  -38.042  -52.513  14.384 0.5000000000
9807  -38.908  -52.403  15.293 0.5000000000
9822  -35.881  -52.094  11.971 0.5000000000
9848  -41.295  -53.040  8.902 0.1000000015
9862  -39.479  -52.363  7.801 0.1000000015
9913  -42.991  -52.546  3.972 0.1000000015
9927  -39.349  -52.639  3.553 0.1000000015
9931  -43.359  -52.872  3.290 0.1000000015
9944  -44.163  -52.468  2.097 0.1000000015
9986  -44.202  -52.135  -0.266 0.1000000015
10354  -33.985  -52.081  22.802 0.1000000015
10383  -33.592  -51.726  21.257 0.1000000015
10385  -34.921  -51.862  21.681 0.1000000015
10402  -34.014  -51.571  19.892 0.1000000015
10404  -41.211  -51.069  19.388 0.4000000060
10407  -43.337  -52.200  19.835 0.3000000119
10433  -38.647  -51.139  16.217 0.6000000238
10445  -38.481  -51.524  15.687 0.6000000238
10453  -36.884  -51.535  14.191 0.5000000000
10454  -37.695  -51.893  14.547 0.5000000000
10455  -38.145  -51.795  15.120 0.5000000000
10469  -35.996  -51.992  12.907 0.5000000000
10487  -36.602  -52.011  10.856 0.4000000060
10536  -46.363  -50.904  6.208 0.1000000015
10553  -37.954  -51.936  5.773 0.1000000015
10557  -42.026  -51.175  5.266 0.1000000015
10586  -42.551  -51.881  4.599 0.1000000015
11046  -39.309  -49.726  24.798 0.1000000015
11047  -44.317  -50.599  24.530 0.2000000030
11078  -42.656  -50.749  20.504 0.3000000119
11084  -41.449  -50.778  19.923 0.4000000060
11110  -36.806  -49.881  16.314 0.6000000238
11113  -39.154  -50.673  16.928 0.6000000238
11149  -42.685  -49.930  12.371 0.2000000030
11150  -43.307  -50.119  12.380 0.1000000015
11165  -45.507  -49.993  11.559 0.1000000015
11181  -46.060  -50.040  10.848 0.1000000015
11189  -44.522  -50.443  10.114 0.2000000030
11198  -44.385  -50.367  9.115 0.2000000030
11199  -45.322  -50.509  9.129 0.1000000015
11210  -40.603  -50.698  7.495 0.1000000015
11224  -39.672  -50.961  7.048 0.1000000015
11225  -40.203  -50.675  6.927 0.1000000015
11226  -40.992  -50.508  6.836 0.1000000015
11230  -45.559  -50.823  7.135 0.1000000015
11246  -41.481  -50.691  6.051 0.1000000015
11250  -46.615  -50.445  6.116 0.1000000015
11331  -45.818  -50.529  0.702 0.1000000015
11350  -45.188  -50.763  -0.135 0.1000000015
11352  -46.299  -49.839  0.294 0.1000000015
11818  -38.080  -48.880  19.604 0.5000000000
11851  -37.530  -49.419  17.221 0.6000000238
11859  -35.979  -49.276  16.218 0.5000000000
11860  -36.491  -49.520  16.395 0.5000000000
11861  -37.104  -49.720  16.750 0.6000000238
11869  -34.908  -49.111  15.568 0.5000000000
11870  -35.471  -49.470  15.628 0.5000000000
11871  -36.085  -49.561  15.970 0.5000000000
11883  -34.307  -49.216  14.214 0.4000000060
11894  -43.626  -49.606  12.395 0.1000000015
11917  -45.810  -49.727  11.153 0.1000000015
11918  -46.063  -49.790  10.434 0.1000000015
11923  -45.038  -50.503  9.868 0.2000000030
11930  -44.979  -50.555  9.402 0.1000000015
11931  -45.174  -50.528  9.635 0.1000000015
11942  -46.275  -50.104  7.566 0.1000000015
11943  -46.368  -50.248  7.196 0.1000000015
11991  -47.241  -49.819  4.013 0.1000000015
12538  -40.390  -48.400  22.209 0.5000000000
12585  -34.905  -47.868  17.496 0.5000000000
12596  -34.158  -47.840  16.131 0.5000000000
12610  -35.065  -48.881  15.932 0.5000000000
12651  -44.588  -49.145  11.740 0.1000000015
12671  -45.886  -49.359  9.728 0.1000000015
13222  -44.233  -46.948  27.565 0.3000000119
13231  -42.348  -46.832  26.733 0.3000000119
13284  -42.123  -47.052  23.264 0.5000000000
13315  -37.767  -47.586  21.113 0.4000000060
13325  -37.215  -47.616  20.727 0.4000000060
13328  -36.206  -47.462  20.004 0.4000000060
13338  -34.827  -47.262  18.379 0.5000000000
13348  -33.934  -46.870  17.213 0.4000000060
13382  -35.673  -46.789  13.199 0.1000000015
13402  -41.434  -47.909  11.571 0.1000000015
13410  -39.841  -47.070  10.233 0.1000000015
13411  -40.567  -47.322  10.751 0.1000000015
13417  -39.698  -47.216  9.390 0.1000000015
13428  -38.991  -47.031  8.822 0.1000000015
13429  -39.421  -47.190  8.745 0.1000000015
13471  -45.634  -47.348  4.802 0.1000000015
13521  -48.505  -47.048  2.266 0.1000000015
13995  -45.480  -46.014  27.587 0.3000000119
14051  -39.343  -46.821  22.050 0.5000000000
14066  -37.384  -46.607  20.943 0.4000000060
14077  -35.915  -46.819  20.014 0.4000000060
14078  -36.409  -46.474  20.295 0.4000000060
14081  -34.940  -46.189  19.167 0.4000000060
14082  -35.541  -46.446  19.601 0.4000000060
14121  -33.661  -46.569  15.379 0.4000000060
14137  -34.052  -46.742  14.325 0.3000000119
14198  -38.689  -46.874  8.540 0.1000000015
14213  -37.882  -45.756  6.966 0.1000000015
14235  -43.781  -45.977  4.810 0.1000000015
14249  -46.253  -46.133  3.885 0.1000000015
14786  -45.716  -45.653  27.526 0.3000000119
14840  -41.175  -45.912  22.781 0.5000000000
14853  -39.569  -45.651  21.480 0.3000000119
14854  -40.042  -45.680  21.932 0.3000000119
14865  -38.576  -45.586  20.710 0.4000000060
14876  -35.205  -45.843  19.328 0.4000000060
14879  -37.252  -45.370  19.809 0.3000000119
14881  -44.191  -45.592  19.031 0.1000000015
14896  -35.507  -45.317  19.042 0.3000000119
14935  -33.663  -45.587  16.576 0.3000000119
14948  -34.183  -45.607  14.809 0.1000000015
15603  -45.278  -45.320  27.633 0.3000000119
15613  -47.418  -44.165  26.481 0.3000000119
15633  -40.102  -44.258  24.853 0.1000000015
15744  -35.760  -44.677  18.435 0.3000000119
15769  -34.580  -44.425  17.241 0.2000000030
15771  -36.016  -44.325  18.060 0.2000000030
15802  -34.081  -44.625  16.503 0.3000000119
15926  -39.197  -45.058  6.099 0.1000000015
15936  -42.133  -44.720  4.961 0.1000000015
16524  -44.108  -43.899  26.731 0.3000000119
16536  -43.456  -43.671  26.460 0.3000000119
16539  -48.323  -43.605  25.264 0.2000000030
16608  -36.648  -44.198  17.981 0.2000000030
17437  -44.574  -43.335  26.500 0.3000000119
17459  -47.632  -42.537  25.365 0.2000000030
17470  -49.593  -42.760  24.177 0.2000000030
17484  -50.385  -42.435  22.584 0.1000000015
17555  -35.908  -43.092  17.060 0.2000000030
17572  -35.322  -42.765  16.418 0.1000000015
17573  -36.144  -42.390  16.721 0.1000000015
17632  -45.189  -42.257  15.057 0.1000000015
17764  -42.298  -41.772  5.190 0.1000000015
17782  -42.155  -42.504  5.103 0.1000000015
18367  -48.745  -42.647  24.805 0.3000000119
18474  -37.300  -41.349  16.229 0.1000000015
18480  -43.646  -42.117  15.795 0.1000000015
18503  -36.656  -41.097  15.842 0.1000000015
18505  -38.840  -40.979  15.872 0.1000000015
18506  -39.150  -40.966  15.867 0.1000000015
19381  -51.494  -40.620  17.099 0.1000000015
19395  -37.806  -40.994  15.942 0.1000000015
19397  -39.937  -40.939  15.874 0.1000000015
20493  -41.278  -39.314  3.690 0.1000000015
21323  -41.728  -37.858  5.959 0.1000000015
21341  -39.281  -38.609  4.587 0.1000000015
21358  -42.709  -38.504  3.769 0.1000000015
22157  -37.206  -36.603  6.135 0.1000000015
22175  -36.787  -37.256  6.068 0.1000000015
22205  -42.396  -37.872  4.660 0.1000000015
23808  -39.461  -35.401  6.186 0.1000000015
24692  -36.785  -34.031  8.591 0.1000000015
24693  -37.214  -34.626  9.017 0.1000000015
24703  -35.990  -33.801  7.381 0.1000000015
26604  -36.665  -32.747  8.736 0.1000000015
26616  -35.676  -32.445  7.241 0.1000000015
28560  -37.815  -30.862  8.239 0.1000000015
28569  -36.584  -31.249  7.605 0.1000000015
