#!ascii label  , from subject sub-02 vox2ras=TkReg
484
7849  -38.715  -56.062  11.964 0.0000000000
13393  -40.615  -47.905  12.067 0.0000000000
11877  -35.113  -49.672  15.224 0.0000000000
10490  -39.722  -52.066  10.910 0.0000000000
14957  -35.384  -45.592  13.910 0.0000000000
10435  -40.015  -51.917  16.847 0.0000000000
13316  -38.730  -47.705  21.621 0.0000000000
14821  -45.088  -45.707  25.184 0.0000000000
14106  -34.117  -46.387  17.871 0.0000000000
12624  -33.969  -47.662  14.246 0.0000000000
16640  -34.609  -43.733  16.324 0.0000000000
11828  -39.591  -49.780  19.205 0.0000000000
11798  -41.132  -49.050  22.056 0.0000000000
15656  -46.495  -44.337  24.080 0.0000000000
15669  -43.227  -44.554  22.596 0.0000000000
7881  -41.140  -55.767  9.713 0.0000000000
11903  -39.831  -49.251  11.939 0.0000000000
10492  -41.673  -51.859  10.702 0.0000000000
11163  -43.663  -50.681  11.790 0.0000000000
9813  -36.930  -52.745  13.291 0.0000000000
9186  -39.017  -53.906  10.318 0.0000000000
12644  -36.922  -48.803  11.684 0.0000000000
14153  -37.557  -46.365  12.660 0.0000000000
11862  -37.701  -49.971  16.905 0.0000000000
12574  -36.577  -48.473  18.247 0.0000000000
14863  -36.872  -45.819  20.253 0.0000000000
13287  -44.449  -47.953  24.083 0.0000000000
14831  -41.745  -45.914  23.135 0.0000000000
15688  -41.455  -45.026  21.490 0.0000000000
15749  -40.633  -45.056  18.330 0.0000000000
9193  -41.622  -53.734  9.466 0.0000000000
15019  -35.163  -44.903  8.864 0.0000000000
13416  -39.203  -47.076  9.195 0.0000000000
13445  -42.556  -47.695  7.822 0.0000000000
15745  -36.552  -44.505  18.300 0.0000000000
15768  -33.899  -45.091  17.037 0.0000000000
7862  -39.982  -55.768  10.474 0.0000000000
11890  -40.197  -48.631  12.257 0.0000000000
11905  -41.707  -50.168  12.102 0.0000000000
12636  -42.252  -48.914  12.290 0.0000000000
11906  -44.412  -49.640  12.130 0.0000000000
12658  -41.995  -48.071  11.441 0.0000000000
11142  -36.154  -51.328  13.838 0.0000000000
11140  -34.642  -49.901  13.946 0.0000000000
14138  -34.610  -46.276  14.020 0.0000000000
13387  -35.086  -47.778  12.700 0.0000000000
13388  -35.885  -47.224  12.788 0.0000000000
13389  -37.092  -47.172  12.780 0.0000000000
14140  -36.395  -45.851  13.468 0.0000000000
9806  -38.541  -52.241  15.087 0.0000000000
10434  -39.395  -51.339  16.497 0.0000000000
11810  -38.689  -48.803  20.593 0.0000000000
11826  -38.028  -49.058  18.613 0.0000000000
12555  -37.415  -48.152  20.357 0.0000000000
13323  -36.131  -47.107  20.172 0.0000000000
14851  -38.136  -46.086  21.139 0.0000000000
14035  -44.199  -46.526  24.485 0.0000000000
13285  -42.945  -47.421  23.594 0.0000000000
14833  -43.255  -45.759  23.925 0.0000000000
15690  -43.569  -44.538  21.516 0.0000000000
15689  -42.477  -44.719  21.485 0.0000000000
15712  -41.805  -45.075  20.410 0.0000000000
15733  -41.175  -45.199  19.333 0.0000000000
9834  -39.326  -52.945  10.522 0.0000000000
8518  -40.996  -54.379  10.268 0.0000000000
9835  -40.476  -52.924  10.667 0.0000000000
9841  -41.303  -52.371  9.085 0.0000000000
15917  -35.138  -43.701  7.899 0.0000000000
14196  -36.957  -46.158  8.579 0.0000000000
14210  -40.419  -47.059  7.187 0.0000000000
13359  -34.396  -47.663  16.913 0.0000000000
12618  -34.183  -48.575  14.726 0.0000000000
13366  -33.678  -47.235  15.743 0.0000000000
14940  -33.818  -45.627  15.550 0.0000000000
14941  -34.262  -45.061  15.013 0.0000000000
11091  -39.854  -50.246  18.275 0.0000000000
11812  -40.433  -49.350  21.309 0.0000000000
12537  -39.862  -48.172  22.133 0.0000000000
15637  -46.386  -44.753  25.102 0.0000000000
15654  -43.992  -44.593  23.651 0.0000000000
15671  -45.583  -44.300  22.873 0.0000000000
15691  -44.754  -44.564  21.605 0.0000000000
15715  -45.198  -45.126  20.507 0.0000000000
11159  -39.279  -50.015  11.372 0.0000000000
10491  -40.869  -52.070  11.095 0.0000000000
11161  -41.424  -50.729  11.748 0.0000000000
10493  -42.708  -51.224  11.004 0.0000000000
11187  -42.350  -50.801  9.362 0.0000000000
11179  -44.707  -50.554  11.069 0.0000000000
11180  -45.621  -50.236  11.089 0.0000000000
12670  -45.265  -48.805  9.931 0.0000000000
8488  -37.351  -54.389  12.417 0.0000000000
7861  -38.789  -55.820  11.113 0.0000000000
9832  -37.155  -53.033  10.781 0.0000000000
11173  -36.998  -51.355  10.687 0.0000000000
11889  -34.803  -49.432  12.410 0.0000000000
11900  -36.342  -49.901  11.264 0.0000000000
11915  -38.119  -50.245  10.954 0.0000000000
12645  -38.025  -48.694  11.867 0.0000000000
12632  -38.593  -47.936  12.370 0.0000000000
13391  -39.083  -47.145  12.201 0.0000000000
9142  -37.925  -52.878  14.073 0.0000000000
11133  -37.293  -51.306  14.813 0.0000000000
11123  -36.358  -50.012  15.678 0.0000000000
11839  -38.711  -49.513  17.977 0.0000000000
11837  -37.170  -48.949  17.628 0.0000000000
12586  -35.731  -48.476  17.329 0.0000000000
13339  -35.231  -47.091  19.047 0.0000000000
14877  -35.646  -45.808  19.565 0.0000000000
15730  -37.822  -45.082  19.131 0.0000000000
12540  -42.955  -48.395  23.101 0.0000000000
13300  -41.860  -47.618  22.967 0.0000000000
14052  -40.220  -46.770  22.448 0.0000000000
15652  -42.069  -45.379  23.059 0.0000000000
15667  -41.308  -45.426  22.468 0.0000000000
14068  -39.194  -46.250  21.761 0.0000000000
15710  -39.538  -45.341  20.581 0.0000000000
15731  -38.861  -45.191  19.321 0.0000000000
8532  -40.577  -55.196  10.162 0.0000000000
8534  -41.415  -54.575  9.666 0.0000000000
9837  -41.669  -52.897  10.032 0.0000000000
9198  -40.979  -53.460  8.469 0.0000000000
14972  -36.317  -44.946  12.885 0.0000000000
14162  -37.859  -46.133  12.038 0.0000000000
14163  -38.519  -46.496  11.615 0.0000000000
14182  -37.667  -46.500  9.662 0.0000000000
13410  -39.841  -47.070  10.233 0.0000000000
12667  -42.012  -47.873  10.447 0.0000000000
12681  -43.200  -48.035  9.076 0.0000000000
16609  -37.034  -44.193  17.998 0.0000000000
16618  -36.310  -43.859  17.697 0.0000000000
7243  -40.544  -56.812  10.928 0.0000000000
7242  -39.710  -56.370  11.204 0.0000000000
13392  -40.091  -47.667  12.041 0.0000000000
12635  -41.351  -48.647  12.247 0.0000000000
12647  -40.990  -48.115  12.097 0.0000000000
12648  -41.626  -48.266  11.942 0.0000000000
13401  -40.810  -47.696  11.670 0.0000000000
11131  -35.311  -50.018  14.902 0.0000000000
11141  -35.360  -50.693  13.725 0.0000000000
11130  -34.672  -49.679  14.534 0.0000000000
13381  -34.895  -47.224  13.271 0.0000000000
14139  -35.789  -46.230  13.530 0.0000000000
14151  -36.051  -46.601  13.206 0.0000000000
9786  -39.894  -52.300  16.843 0.0000000000
9785  -39.611  -52.356  16.347 0.0000000000
12550  -38.385  -48.345  21.020 0.0000000000
12549  -37.818  -48.055  20.886 0.0000000000
13314  -37.131  -47.231  20.854 0.0000000000
14067  -38.574  -46.787  21.596 0.0000000000
14822  -45.720  -45.652  25.663 0.0000000000
14807  -45.586  -46.113  25.936 0.0000000000
14036  -44.832  -46.705  25.189 0.0000000000
14820  -44.025  -45.741  24.396 0.0000000000
15714  -43.998  -44.980  20.316 0.0000000000
15713  -42.851  -44.891  20.391 0.0000000000
15734  -42.229  -45.179  19.387 0.0000000000
15735  -43.217  -45.208  19.401 0.0000000000
10489  -38.545  -52.013  10.638 0.0000000000
14207  -37.621  -46.106  7.554 0.0000000000
14209  -39.850  -46.896  7.327 0.0000000000
14215  -39.390  -46.298  6.833 0.0000000000
13349  -34.282  -47.108  17.640 0.0000000000
13358  -33.863  -47.114  16.748 0.0000000000
14105  -33.785  -46.350  17.215 0.0000000000
16616  -34.771  -43.922  16.857 0.0000000000
15801  -33.801  -45.067  16.576 0.0000000000
15823  -33.818  -45.061  16.164 0.0000000000
15824  -34.208  -44.551  15.644 0.0000000000
12552  -40.170  -48.815  21.867 0.0000000000
11797  -40.499  -48.940  21.919 0.0000000000
15655  -45.253  -44.478  24.086 0.0000000000
7278  -41.351  -55.967  8.596 0.0000000000
11160  -40.225  -50.468  11.495 0.0000000000
11162  -42.499  -50.479  12.080 0.0000000000
10478  -42.812  -50.888  11.600 0.0000000000
11178  -43.640  -50.715  10.799 0.0000000000
11188  -43.416  -50.514  9.786 0.0000000000
12650  -43.666  -48.977  12.010 0.0000000000
11907  -45.177  -49.625  11.690 0.0000000000
12662  -45.778  -49.316  10.536 0.0000000000
12661  -45.180  -48.946  11.064 0.0000000000
9170  -37.207  -53.831  12.882 0.0000000000
8487  -37.080  -54.160  11.736 0.0000000000
10488  -37.466  -52.088  10.596 0.0000000000
11158  -36.378  -51.051  11.019 0.0000000000
12617  -33.946  -47.939  14.526 0.0000000000
11888  -34.349  -49.242  13.310 0.0000000000
12625  -34.072  -48.196  13.793 0.0000000000
12642  -35.249  -49.152  11.922 0.0000000000
12643  -35.859  -48.970  11.678 0.0000000000
11901  -37.499  -49.547  11.234 0.0000000000
12631  -37.549  -47.960  12.355 0.0000000000
13390  -38.097  -47.162  12.617 0.0000000000
14154  -38.261  -46.635  12.313 0.0000000000
11125  -38.257  -51.066  16.064 0.0000000000
10444  -37.839  -51.484  15.155 0.0000000000
11124  -37.548  -50.881  15.624 0.0000000000
11111  -37.312  -50.200  16.335 0.0000000000
11840  -39.272  -49.760  18.423 0.0000000000
11090  -39.340  -50.031  17.834 0.0000000000
12561  -37.282  -48.597  19.139 0.0000000000
12575  -37.407  -48.831  18.266 0.0000000000
12587  -36.534  -48.803  17.384 0.0000000000
12573  -35.504  -47.806  18.426 0.0000000000
12559  -35.724  -47.532  19.195 0.0000000000
14079  -37.022  -46.145  20.583 0.0000000000
14083  -35.916  -46.038  19.870 0.0000000000
14878  -36.305  -45.563  19.653 0.0000000000
15729  -36.927  -45.019  19.037 0.0000000000
12518  -43.540  -47.962  23.488 0.0000000000
14044  -42.436  -46.528  23.499 0.0000000000
13301  -42.464  -47.629  23.251 0.0000000000
14043  -41.877  -46.510  23.209 0.0000000000
13299  -40.817  -47.588  22.620 0.0000000000
14053  -41.264  -46.636  22.902 0.0000000000
15653  -43.101  -45.118  23.522 0.0000000000
15668  -42.204  -44.883  22.486 0.0000000000
15687  -40.399  -45.377  21.587 0.0000000000
15666  -40.731  -45.494  22.164 0.0000000000
14866  -39.116  -45.570  21.055 0.0000000000
15686  -39.832  -45.406  21.219 0.0000000000
15732  -40.048  -45.204  19.289 0.0000000000
15748  -39.423  -45.032  17.997 0.0000000000
8516  -38.851  -54.915  10.423 0.0000000000
8517  -40.111  -54.810  10.158 0.0000000000
8519  -41.368  -54.078  10.147 0.0000000000
8539  -41.598  -54.498  8.656 0.0000000000
9836  -41.303  -52.897  10.514 0.0000000000
9846  -40.045  -52.318  8.181 0.0000000000
9847  -40.787  -52.655  8.626 0.0000000000
14958  -36.101  -45.241  13.433 0.0000000000
15846  -35.578  -44.377  12.729 0.0000000000
15001  -37.080  -45.761  11.360 0.0000000000
14173  -37.474  -46.100  10.950 0.0000000000
13428  -38.991  -47.031  8.822 0.0000000000
14183  -38.671  -46.840  9.419 0.0000000000
14175  -39.201  -46.792  10.418 0.0000000000
14184  -39.319  -46.988  9.715 0.0000000000
13419  -41.116  -47.531  10.241 0.0000000000
13418  -40.414  -47.373  9.755 0.0000000000
13444  -41.461  -47.536  7.931 0.0000000000
13432  -42.139  -47.759  8.674 0.0000000000
15743  -34.930  -44.865  18.312 0.0000000000
14920  -34.194  -45.565  17.855 0.0000000000
15770  -35.451  -44.295  17.791 0.0000000000
16617  -35.213  -43.658  16.994 0.0000000000
15672  -46.808  -44.361  22.916 0.0000000000
7863  -40.761  -56.181  10.184 0.0000000000
11904  -40.981  -49.847  12.010 0.0000000000
11891  -40.791  -49.005  12.292 0.0000000000
11892  -41.903  -49.551  12.312 0.0000000000
11893  -42.854  -49.535  12.391 0.0000000000
11151  -44.084  -50.147  12.346 0.0000000000
12637  -43.037  -49.125  12.293 0.0000000000
12649  -42.593  -48.620  11.951 0.0000000000
12659  -42.924  -48.366  11.290 0.0000000000
10462  -36.536  -52.021  13.475 0.0000000000
10461  -35.773  -51.462  13.140 0.0000000000
10468  -35.771  -51.780  12.436 0.0000000000
11148  -35.247  -50.747  12.457 0.0000000000
13380  -34.118  -47.211  13.989 0.0000000000
12628  -34.577  -48.364  12.824 0.0000000000
12630  -36.416  -48.036  12.182 0.0000000000
14152  -36.649  -46.310  13.185 0.0000000000
10446  -38.992  -51.742  15.831 0.0000000000
11112  -38.377  -50.581  16.587 0.0000000000
11819  -38.891  -49.209  20.012 0.0000000000
11827  -38.762  -49.373  18.967 0.0000000000
12556  -38.272  -48.688  20.353 0.0000000000
12554  -36.791  -47.864  20.144 0.0000000000
12560  -36.404  -47.886  19.550 0.0000000000
13324  -36.667  -47.444  20.391 0.0000000000
14065  -36.829  -46.929  20.729 0.0000000000
14864  -37.585  -45.783  20.566 0.0000000000
13272  -44.303  -47.216  24.407 0.0000000000
13286  -43.867  -47.590  23.826 0.0000000000
14045  -43.424  -46.561  24.035 0.0000000000
14832  -42.629  -45.828  23.583 0.0000000000
15711  -40.726  -45.207  20.440 0.0000000000
15750  -41.700  -45.038  18.494 0.0000000000
9187  -40.203  -53.766  10.330 0.0000000000
9188  -41.102  -53.661  10.436 0.0000000000
9189  -41.522  -53.668  10.078 0.0000000000
10497  -41.318  -51.976  9.154 0.0000000000
15918  -35.658  -44.313  7.545 0.0000000000
15026  -35.569  -45.081  8.231 0.0000000000
15020  -35.900  -45.670  8.984 0.0000000000
14197  -38.022  -46.618  8.542 0.0000000000
13441  -39.078  -47.015  8.350 0.0000000000
13430  -40.106  -47.394  8.810 0.0000000000
13443  -40.470  -47.358  7.916 0.0000000000
13452  -40.890  -47.211  7.249 0.0000000000
12597  -34.894  -48.325  16.537 0.0000000000
11876  -34.730  -49.356  15.071 0.0000000000
12609  -34.532  -48.588  15.589 0.0000000000
12608  -33.982  -47.928  15.233 0.0000000000
14919  -33.801  -45.627  17.203 0.0000000000
14114  -33.550  -46.430  16.210 0.0000000000
13374  -33.793  -47.219  14.738 0.0000000000
14128  -33.982  -46.265  14.719 0.0000000000
14129  -34.369  -45.862  14.485 0.0000000000
14949  -34.755  -45.281  14.402 0.0000000000
10423  -39.903  -51.087  17.112 0.0000000000
11829  -40.274  -50.018  19.606 0.0000000000
11820  -39.831  -49.605  20.236 0.0000000000
11811  -39.254  -48.999  20.879 0.0000000000
12551  -39.534  -48.401  21.764 0.0000000000
13317  -39.258  -47.764  21.925 0.0000000000
15636  -45.695  -45.166  25.235 0.0000000000
15635  -44.603  -45.017  24.493 0.0000000000
15670  -44.344  -44.305  22.746 0.0000000000
15737  -44.525  -45.373  19.761 0.0000000000
11175  -39.045  -50.923  11.028 0.0000000000
11176  -40.147  -51.372  11.196 0.0000000000
11177  -40.838  -51.270  11.439 0.0000000000
10476  -41.446  -51.472  11.343 0.0000000000
10477  -42.156  -51.136  11.439 0.0000000000
11164  -44.840  -50.184  11.791 0.0000000000
11190  -45.369  -50.424  10.118 0.0000000000
11191  -45.977  -50.141  10.308 0.0000000000
11924  -46.096  -49.884  9.572 0.0000000000
7836  -37.893  -55.109  12.492 0.0000000000
7860  -38.004  -55.264  11.268 0.0000000000
8515  -37.960  -54.880  10.888 0.0000000000
9185  -37.797  -53.948  10.671 0.0000000000
9184  -37.276  -53.602  10.846 0.0000000000
9833  -38.150  -52.984  10.504 0.0000000000
11174  -37.835  -51.164  10.696 0.0000000000
11147  -34.688  -50.083  13.108 0.0000000000
11899  -35.411  -49.838  11.753 0.0000000000
11914  -37.136  -50.508  10.844 0.0000000000
11916  -38.734  -50.143  11.174 0.0000000000
11902  -38.620  -49.472  11.475 0.0000000000
12646  -38.951  -48.660  12.024 0.0000000000
12633  -39.634  -48.174  12.308 0.0000000000
7823  -37.894  -54.754  12.911 0.0000000000
8474  -37.834  -54.297  13.195 0.0000000000
9157  -37.702  -53.391  13.614 0.0000000000
9143  -38.502  -53.100  14.410 0.0000000000
9814  -37.428  -52.485  13.898 0.0000000000
10463  -37.153  -51.963  13.992 0.0000000000
11132  -36.400  -50.840  14.680 0.0000000000
11122  -35.695  -49.853  15.404 0.0000000000
11101  -39.718  -50.657  17.370 0.0000000000
11100  -38.960  -50.176  17.313 0.0000000000
11852  -38.223  -49.778  17.304 0.0000000000
11838  -37.902  -49.167  17.784 0.0000000000
11850  -36.867  -49.209  17.016 0.0000000000
11849  -36.221  -49.000  16.767 0.0000000000
12598  -35.577  -48.877  16.377 0.0000000000
12572  -34.836  -47.565  18.013 0.0000000000
14093  -34.568  -46.491  18.564 0.0000000000
13327  -35.827  -47.227  19.700 0.0000000000
14094  -35.034  -46.561  19.127 0.0000000000
14895  -34.791  -45.659  18.800 0.0000000000
14897  -36.205  -45.008  18.898 0.0000000000
15746  -37.435  -44.667  18.435 0.0000000000
12539  -41.576  -48.391  22.567 0.0000000000
13298  -39.771  -47.658  22.224 0.0000000000
13297  -39.096  -47.274  21.912 0.0000000000
15634  -43.850  -44.993  24.099 0.0000000000
15651  -41.683  -45.528  22.909 0.0000000000
14839  -40.561  -45.861  22.378 0.0000000000
14838  -39.778  -46.137  22.085 0.0000000000
14050  -38.990  -46.952  21.883 0.0000000000
14852  -38.825  -45.939  21.360 0.0000000000
15709  -38.775  -45.341  20.141 0.0000000000
14880  -38.132  -45.302  19.978 0.0000000000
15747  -38.325  -44.881  18.350 0.0000000000
7880  -40.709  -55.564  10.156 0.0000000000
8533  -40.938  -55.072  10.081 0.0000000000
7891  -41.573  -55.453  9.016 0.0000000000
9842  -41.525  -52.966  9.415 0.0000000000
9199  -41.515  -53.642  8.878 0.0000000000
17556  -36.720  -43.000  17.215 0.0000000000
17602  -34.832  -42.763  15.683 0.0000000000
15828  -34.650  -44.325  14.706 0.0000000000
15829  -35.109  -44.589  14.185 0.0000000000
14950  -35.433  -45.000  13.967 0.0000000000
14959  -36.616  -45.693  13.282 0.0000000000
14973  -36.876  -45.514  12.669 0.0000000000
15847  -36.263  -44.932  12.452 0.0000000000
14974  -37.480  -45.915  12.374 0.0000000000
13399  -39.136  -46.780  11.657 0.0000000000
14181  -36.724  -46.091  9.936 0.0000000000
14172  -36.927  -45.978  10.561 0.0000000000
14174  -38.430  -46.572  10.556 0.0000000000
14164  -39.051  -46.641  11.166 0.0000000000
13400  -39.775  -47.026  11.355 0.0000000000
13412  -41.337  -47.665  11.063 0.0000000000
12680  -42.336  -47.880  9.518 0.0000000000
12668  -43.142  -48.174  10.302 0.0000000000
12669  -44.256  -48.450  10.132 0.0000000000
7230  -39.409  -56.397  11.812 0.0000000000
7241  -39.285  -56.205  11.333 0.0000000000
7848  -38.117  -55.529  11.794 0.0000000000
7864  -40.993  -56.170  10.017 0.0000000000
7879  -40.373  -55.338  10.226 0.0000000000
8501  -37.465  -54.678  11.548 0.0000000000
9156  -36.904  -53.238  12.904 0.0000000000
9158  -38.387  -53.639  14.012 0.0000000000
9175  -37.481  -54.355  11.010 0.0000000000
9214  -40.455  -53.500  8.165 0.0000000000
9772  -39.750  -52.700  16.830 0.0000000000
9794  -38.817  -51.928  15.554 0.0000000000
9805  -38.042  -52.513  14.384 0.0000000000
9848  -41.295  -53.040  8.902 0.0000000000
9862  -39.479  -52.363  7.801 0.0000000000
10433  -38.647  -51.139  16.217 0.0000000000
10445  -38.481  -51.524  15.687 0.0000000000
10453  -36.884  -51.535  14.191 0.0000000000
10454  -37.695  -51.893  14.547 0.0000000000
10455  -38.145  -51.795  15.120 0.0000000000
10469  -35.996  -51.992  12.907 0.0000000000
11110  -36.806  -49.881  16.314 0.0000000000
11113  -39.154  -50.673  16.928 0.0000000000
11149  -42.685  -49.930  12.371 0.0000000000
11150  -43.307  -50.119  12.380 0.0000000000
11165  -45.507  -49.993  11.559 0.0000000000
11181  -46.060  -50.040  10.848 0.0000000000
11189  -44.522  -50.443  10.114 0.0000000000
11818  -38.080  -48.880  19.604 0.0000000000
11821  -40.697  -49.997  20.243 0.0000000000
11851  -37.530  -49.419  17.221 0.0000000000
11859  -35.979  -49.276  16.218 0.0000000000
11860  -36.491  -49.520  16.395 0.0000000000
11861  -37.104  -49.720  16.750 0.0000000000
11869  -34.908  -49.111  15.568 0.0000000000
11870  -35.471  -49.470  15.628 0.0000000000
11871  -36.085  -49.561  15.970 0.0000000000
11883  -34.307  -49.216  14.214 0.0000000000
11894  -43.626  -49.606  12.395 0.0000000000
11917  -45.810  -49.727  11.153 0.0000000000
11918  -46.063  -49.790  10.434 0.0000000000
11930  -44.979  -50.555  9.402 0.0000000000
11931  -45.174  -50.528  9.635 0.0000000000
12538  -40.390  -48.400  22.209 0.0000000000
12585  -34.905  -47.868  17.496 0.0000000000
12596  -34.158  -47.840  16.131 0.0000000000
12610  -35.065  -48.881  15.932 0.0000000000
12634  -40.531  -48.263  12.241 0.0000000000
12651  -44.588  -49.145  11.740 0.0000000000
12671  -45.886  -49.359  9.728 0.0000000000
13284  -42.123  -47.052  23.264 0.0000000000
13315  -37.767  -47.586  21.113 0.0000000000
13325  -37.215  -47.616  20.727 0.0000000000
13328  -36.206  -47.462  20.004 0.0000000000
13338  -34.827  -47.262  18.379 0.0000000000
13348  -33.934  -46.870  17.213 0.0000000000
13382  -35.673  -46.789  13.199 0.0000000000
13402  -41.434  -47.909  11.571 0.0000000000
13411  -40.567  -47.322  10.751 0.0000000000
13417  -39.698  -47.216  9.390 0.0000000000
13429  -39.421  -47.190  8.745 0.0000000000
14051  -39.343  -46.821  22.050 0.0000000000
14066  -37.384  -46.607  20.943 0.0000000000
14077  -35.915  -46.819  20.014 0.0000000000
14078  -36.409  -46.474  20.295 0.0000000000
14081  -34.940  -46.189  19.167 0.0000000000
14082  -35.541  -46.446  19.601 0.0000000000
14121  -33.661  -46.569  15.379 0.0000000000
14137  -34.052  -46.742  14.325 0.0000000000
14198  -38.689  -46.874  8.540 0.0000000000
14840  -41.175  -45.912  22.781 0.0000000000
14853  -39.569  -45.651  21.480 0.0000000000
14854  -40.042  -45.680  21.932 0.0000000000
14865  -38.576  -45.586  20.710 0.0000000000
14876  -35.205  -45.843  19.328 0.0000000000
14879  -37.252  -45.370  19.809 0.0000000000
14896  -35.507  -45.317  19.042 0.0000000000
14935  -33.663  -45.587  16.576 0.0000000000
14948  -34.183  -45.607  14.809 0.0000000000
14992  -37.342  -45.760  11.894 0.0000000000
15018  -34.795  -44.474  9.044 0.0000000000
15744  -35.760  -44.677  18.435 0.0000000000
15769  -34.580  -44.425  17.241 0.0000000000
15771  -36.016  -44.325  18.060 0.0000000000
15802  -34.081  -44.625  16.503 0.0000000000
16608  -36.648  -44.198  17.981 0.0000000000
16610  -37.840  -44.293  17.918 0.0000000000
16641  -34.976  -43.301  16.495 0.0000000000
16792  -34.830  -43.159  8.129 0.0000000000
17555  -35.908  -43.092  17.060 0.0000000000
