#!ascii label  , from subject sub-02 vox2ras=TkReg
700
50229  -23.040  -9.300  -7.408 0.4285714328
50262  -23.737  -8.512  -8.712 0.2857142985
50261  -22.899  -8.381  -8.364 0.4285714328
50244  -24.544  -9.235  -8.261 0.4285714328
50263  -24.775  -8.671  -9.017 0.4285714328
51273  -24.002  -7.583  -9.471 0.2857142985
51274  -25.184  -8.090  -9.706 0.4285714328
51295  -24.773  -7.274  -10.105 0.4285714328
51296  -25.819  -7.494  -10.394 0.4285714328
52340  -25.262  -6.213  -10.663 0.4285714328
53507  -26.225  -6.325  -11.468 0.4285714328
54732  -25.339  -4.713  -11.552 0.5714285970
53519  -25.880  -5.295  -11.810 0.5714285970
53520  -26.662  -5.794  -12.125 0.4285714328
53532  -27.808  -5.405  -12.553 0.2857142985
54733  -25.930  -4.799  -12.180 0.7142857313
54742  -26.634  -4.528  -12.613 0.7142857313
54755  -28.028  -4.210  -13.382 0.7142857313
55828  -29.188  -4.210  -14.175 0.4285714328
54754  -27.376  -4.179  -12.995 0.7142857313
53542  -27.729  -4.487  -12.975 0.5714285970
55836  -29.141  -3.300  -14.489 0.5714285970
55826  -27.617  -3.544  -13.560 0.5714285970
56868  -28.706  -2.812  -14.384 0.5714285970
57950  -28.268  -2.323  -14.259 0.5714285970
56869  -29.472  -2.812  -14.653 0.5714285970
56861  -27.965  -2.829  -14.033 0.5714285970
56870  -30.367  -2.986  -14.895 0.4285714328
59029  -29.519  -1.093  -15.021 0.5714285970
59030  -30.397  -1.118  -15.012 0.5714285970
57961  -28.091  -1.309  -14.497 0.7142857313
60275  -30.170  -0.394  -15.395 0.7142857313
60276  -30.929  -0.323  -15.736 0.5714285970
59028  -28.537  -0.858  -14.772 0.5714285970
59007  -26.711  -1.173  -14.112 0.5714285970
60274  -29.225  -0.229  -15.112 0.8571428657
61488  -30.467  -0.033  -15.835 0.7142857313
60292  -31.139  0.200  -16.044 0.5714285970
60273  -28.124  0.040  -14.819 0.7142857313
60272  -26.954  0.294  -14.674 0.5714285970
61507  -30.666  0.582  -15.820 0.7142857313
61508  -31.317  0.765  -15.621 0.5714285970
61486  -28.857  0.656  -15.096 0.7142857313
62574  -31.073  1.627  -15.764 0.5714285970
61487  -29.933  0.258  -15.485 0.7142857313
61506  -29.584  1.177  -15.385 0.7142857313
62573  -30.199  1.833  -15.582 0.7142857313
63604  -30.708  2.604  -15.740 0.7142857313
63605  -31.517  2.578  -15.891 0.7142857313
62572  -29.057  2.211  -15.402 0.7142857313
63621  -31.057  3.343  -16.117 0.7142857313
63603  -29.691  2.969  -15.556 0.7142857313
61505  -28.388  1.585  -15.201 0.5714285970
64683  -31.587  3.291  -17.640 0.5714285970
63602  -28.505  3.163  -15.461 0.8571428657
64682  -31.166  4.036  -16.987 0.7142857313
64666  -29.790  3.644  -15.681 0.8571428657
64681  -30.024  4.290  -15.941 0.7142857313
65738  -30.983  5.779  -16.911 0.8571428657
64693  -31.248  4.489  -17.512 0.5714285970
65751  -31.049  4.989  -17.095 0.8571428657
66799  -30.530  6.572  -16.609 0.8571428657
66800  -31.276  6.649  -17.086 0.8571428657
68893  -30.952  8.225  -16.628 0.8571428657
65737  -30.412  5.404  -16.490 0.8571428657
67854  -30.751  7.503  -16.641 0.8571428657
67853  -29.976  7.496  -16.453 1.0000000000
68892  -30.348  8.356  -16.505 1.0000000000
69906  -29.938  9.271  -16.389 1.0000000000
70974  -28.005  9.861  -17.008 0.7142857313
68891  -29.485  8.421  -16.554 1.0000000000
68890  -28.538  8.516  -16.776 1.0000000000
69905  -29.030  9.321  -16.601 1.0000000000
73185  -29.047  11.892  -16.877 1.0000000000
73184  -28.019  12.323  -17.689 0.8571428657
74211  -27.590  13.602  -18.550 0.8571428657
74212  -28.629  13.461  -17.759 1.0000000000
76227  -30.015  16.161  -17.791 0.8571428657
76226  -28.470  15.261  -18.586 0.8571428657
75241  -28.873  15.284  -18.234 1.0000000000
114287  -30.374  17.387  -18.047 0.8571428657
79121  -30.299  18.643  -18.923 0.7142857313
78196  -29.124  17.901  -18.954 0.5714285970
80016  -30.533  19.580  -19.705 0.7142857313
80838  -31.567  19.398  -18.708 0.5714285970
114296  -29.020  18.482  -19.893 0.5714285970
78209  -28.370  17.673  -19.652 0.5714285970
79135  -27.655  19.034  -19.373 0.4285714328
114302  -29.007  19.551  -20.552 0.4285714328
81662  -30.669  21.017  -20.405 0.4285714328
114297  -27.481  20.886  -19.189 0.2857142985
114300  -26.986  21.095  -18.245 0.2857142985
114304  -27.730  20.349  -19.520 0.2857142985
57962  -28.774  -1.869  -14.560 0.5714285970
64694  -31.515  3.836  -18.217 0.5714285970
65752  -31.314  5.259  -17.696 0.8571428657
67855  -31.246  7.664  -16.871 0.8571428657
70975  -28.465  10.149  -16.751 0.8571428657
114293  -27.247  22.415  -16.659 0.1428571492
51272  -22.990  -7.564  -8.781 0.2857142985
51310  -26.244  -7.197  -10.937 0.4285714328
51294  -24.220  -6.950  -9.928 0.2857142985
53506  -25.660  -5.718  -11.273 0.4285714328
52342  -26.647  -6.896  -11.474 0.4285714328
53505  -24.929  -5.497  -10.650 0.5714285970
53531  -27.379  -4.880  -12.714 0.4285714328
55815  -25.749  -3.825  -12.541 0.2857142985
55827  -28.626  -3.694  -14.102 0.4285714328
56860  -27.003  -2.765  -13.688 0.5714285970
57964  -30.716  -2.062  -14.782 0.4285714328
57949  -27.592  -1.837  -14.135 0.7142857313
57963  -29.918  -1.991  -14.775 0.7142857313
59027  -27.481  -0.725  -14.452 0.5714285970
62575  -31.782  1.787  -15.528 0.5714285970
63620  -30.295  3.385  -15.762 0.7142857313
65736  -29.217  5.578  -16.074 1.0000000000
68905  -31.404  8.393  -16.890 1.0000000000
67852  -28.967  7.539  -16.531 1.0000000000
69904  -28.260  9.373  -16.888 0.8571428657
70994  -28.197  10.960  -17.055 0.7142857313
72049  -28.931  10.932  -16.522 1.0000000000
72071  -27.489  11.694  -17.744 0.7142857313
72073  -29.433  11.509  -16.528 1.0000000000
72070  -26.789  11.058  -18.092 0.7142857313
76240  -28.582  15.826  -18.824 0.8571428657
75222  -28.590  15.030  -18.332 1.0000000000
74190  -29.703  13.890  -17.411 1.0000000000
81661  -29.388  20.954  -20.612 0.4285714328
114298  -27.932  21.167  -19.677 0.2857142985
56859  -25.967  -2.751  -13.112 0.4285714328
50243  -23.470  -9.174  -7.996 0.4285714328
50245  -25.592  -9.161  -8.325 0.4285714328
52326  -24.533  -6.275  -10.207 0.2857142985
52327  -25.215  -6.839  -10.497 0.4285714328
52341  -25.873  -6.703  -10.952 0.4285714328
54719  -25.143  -5.064  -11.000 0.4285714328
55803  -25.493  -4.373  -12.111 0.2857142985
55825  -26.740  -3.574  -13.046 0.5714285970
61485  -27.660  1.000  -14.904 0.7142857313
66798  -29.622  6.541  -16.343 1.0000000000
70993  -27.554  10.344  -17.360 0.8571428657
77251  -29.897  16.736  -18.135 0.8571428657
77250  -28.935  16.833  -18.876 0.8571428657
114299  -26.627  21.663  -16.765 0.2857142985
72072  -28.535  11.573  -17.050 1.0000000000
80847  -30.223  20.212  -20.316 0.5714285970
83402  -30.493  23.052  -21.514 0.2857142985
83409  -29.715  23.680  -22.309 0.1428571492
82509  -30.178  22.162  -20.996 0.2857142985
83403  -31.690  23.189  -21.241 0.2857142985
83401  -29.524  23.026  -21.576 0.1428571492
83408  -29.041  23.752  -21.991 0.1428571492
81660  -28.825  21.835  -20.185 0.1428571492
82508  -29.273  22.443  -21.032 0.1428571492
82511  -32.668  22.455  -20.550 0.2857142985
82510  -31.388  22.401  -20.839 0.2857142985
80854  -34.897  20.730  -20.979 0.2857142985
81664  -33.252  21.497  -19.903 0.2857142985
82503  -30.485  21.568  -20.695 0.2857142985
80849  -32.848  20.367  -19.310 0.2857142985
82505  -32.091  21.896  -20.238 0.2857142985
79124  -33.844  18.347  -18.996 0.1428571492
80850  -33.987  20.456  -19.651 0.2857142985
81663  -31.896  21.206  -19.833 0.2857142985
82504  -31.148  21.667  -20.572 0.2857142985
78216  -34.248  17.265  -21.403 0.1428571492
78198  -34.289  17.494  -19.536 0.1428571492
80018  -33.782  19.390  -19.297 0.4285714328
80848  -31.430  20.260  -19.559 0.2857142985
76231  -33.159  15.522  -17.999 0.2857142985
79123  -33.084  18.321  -18.060 0.4285714328
80839  -32.319  19.783  -18.973 0.2857142985
75244  -33.300  14.672  -18.727 0.1428571492
77241  -33.436  16.368  -17.972 0.2857142985
80004  -32.628  19.203  -18.552 0.4285714328
77239  -31.562  16.737  -17.547 0.5714285970
114288  -31.747  18.598  -17.989 0.7142857313
74236  -32.989  13.846  -18.635 0.1428571492
75227  -32.894  14.643  -17.954 0.1428571492
114286  -31.200  17.891  -17.808 0.7142857313
76230  -32.355  15.591  -17.650 0.4285714328
73208  -32.512  12.263  -18.410 0.2857142985
73189  -32.486  13.020  -17.904 0.7142857313
77238  -30.584  16.494  -17.686 0.7142857313
74213  -29.518  13.509  -17.470 0.8571428657
74215  -31.227  13.504  -17.265 0.8571428657
76229  -31.417  15.620  -17.525 0.5714285970
72092  -32.387  11.442  -19.215 0.2857142985
73222  -32.613  12.324  -19.380 0.2857142985
75225  -31.275  14.636  -17.388 0.7142857313
76257  -27.605  15.596  -19.440 0.5714285970
75224  -30.221  14.762  -17.317 0.8571428657
72102  -32.259  11.631  -20.328 0.1428571492
73188  -31.981  12.470  -17.609 0.7142857313
71015  -32.026  10.611  -20.144 0.1428571492
66795  -26.583  6.212  -17.181 0.5714285970
67867  -26.827  7.679  -17.304 0.4285714328
68889  -27.707  8.811  -17.078 0.5714285970
70978  -31.187  10.245  -16.466 0.8571428657
73186  -30.259  11.915  -16.662 0.8571428657
69939  -31.938  9.476  -19.887 0.2857142985
73162  -31.001  11.588  -16.611 0.8571428657
75223  -29.361  14.983  -17.650 0.8571428657
69945  -31.501  9.674  -21.027 0.4285714328
72075  -31.806  11.327  -17.388 0.7142857313
73187  -31.141  12.149  -16.955 0.7142857313
65750  -25.996  6.163  -17.610 0.2857142985
67851  -27.681  7.634  -16.889 0.5714285970
67850  -26.765  7.056  -17.198 0.5714285970
70977  -30.348  10.174  -16.265 0.8571428657
70976  -29.420  10.146  -16.369 0.8571428657
72051  -30.636  11.184  -16.403 0.8571428657
72074  -30.055  11.419  -16.422 0.8571428657
69930  -32.143  9.420  -18.720 0.4285714328
70995  -31.754  10.326  -17.104 0.8571428657
72052  -31.305  11.164  -16.736 0.8571428657
68927  -31.883  8.367  -19.540 0.4285714328
62570  -26.808  2.599  -15.598 0.7142857313
63600  -26.263  3.391  -16.009 0.4285714328
62571  -27.879  2.469  -15.388 0.7142857313
64664  -27.971  4.064  -15.529 0.8571428657
64663  -26.920  4.124  -15.909 0.5714285970
65734  -27.001  5.571  -16.613 0.5714285970
65733  -26.049  5.448  -17.169 0.4285714328
64680  -28.640  4.776  -15.731 0.8571428657
66797  -28.483  6.578  -16.427 0.7142857313
66796  -27.409  6.453  -16.723 0.5714285970
67868  -31.632  7.495  -17.401 0.7142857313
69918  -31.590  9.333  -16.917 0.7142857313
67890  -31.766  7.146  -20.262 0.2857142985
67881  -31.880  7.404  -19.084 0.4285714328
61503  -26.386  1.985  -15.592 0.4285714328
62569  -25.902  2.540  -15.922 0.4285714328
64665  -29.116  3.852  -15.545 0.7142857313
66812  -31.711  6.291  -18.259 0.7142857313
66824  -31.842  6.129  -19.506 0.2857142985
66813  -31.839  6.842  -18.729 0.5714285970
60271  -25.793  0.373  -14.852 0.5714285970
61504  -27.236  1.827  -15.299 0.5714285970
64703  -31.656  3.860  -19.286 0.4285714328
65762  -31.718  5.120  -19.507 0.4285714328
57948  -26.373  -1.908  -13.750 0.5714285970
63634  -31.848  2.924  -18.052 0.4285714328
63622  -31.675  2.964  -16.983 0.4285714328
63644  -31.944  3.089  -19.218 0.4285714328
52352  -27.189  -6.889  -11.689 0.1428571492
63606  -32.010  2.628  -16.206 0.4285714328
63623  -32.282  2.885  -17.205 0.4285714328
54743  -28.996  -4.987  -13.282 0.1428571492
60278  -32.070  0.614  -14.261 0.2857142985
62556  -33.092  2.507  -14.804 0.2857142985
62555  -32.359  2.017  -15.092 0.2857142985
59031  -31.039  -1.114  -14.695 0.4285714328
63586  -33.219  2.972  -15.233 0.2857142985
61489  -31.661  0.895  -15.074 0.2857142985
63607  -32.918  3.041  -15.889 0.2857142985
53522  -28.561  -5.839  -11.650 0.1428571492
53533  -28.569  -5.386  -12.488 0.1428571492
54757  -29.641  -4.553  -14.031 0.2857142985
54767  -30.358  -4.238  -14.379 0.2857142985
57951  -31.520  -1.804  -13.891 0.2857142985
60256  -31.699  -0.182  -13.816 0.2857142985
59008  -31.409  -0.703  -14.026 0.2857142985
57965  -31.129  -2.023  -14.552 0.2857142985
53534  -29.102  -5.364  -12.139 0.1428571492
55817  -31.766  -3.268  -12.753 0.2857142985
54745  -30.184  -4.700  -12.799 0.2857142985
55830  -31.309  -3.542  -13.968 0.2857142985
55829  -30.853  -4.098  -14.274 0.2857142985
56871  -31.241  -2.950  -14.648 0.2857142985
50264  -25.827  -8.632  -9.009 0.2857142985
51312  -27.004  -7.647  -10.638 0.1428571492
52343  -27.349  -7.170  -11.060 0.1428571492
49259  -23.725  -9.474  -7.279 0.2857142985
51275  -26.188  -8.166  -9.677 0.2857142985
49260  -24.450  -9.512  -7.472 0.1428571492
50228  -22.497  -9.240  -7.114 0.2857142985
49242  -22.437  -9.410  -6.488 0.1428571492
54744  -29.512  -5.020  -12.994 0.1428571492
55816  -30.849  -4.073  -13.082 0.2857142985
56862  -31.800  -2.829  -13.673 0.2857142985
60257  -32.389  0.266  -13.544 0.2857142985
61490  -32.377  1.243  -14.567 0.2857142985
60293  -31.245  0.167  -15.746 0.4285714328
62576  -32.325  2.453  -15.479 0.2857142985
63624  -33.220  3.378  -17.171 0.2857142985
65735  -28.011  5.677  -16.160 0.5714285970
65761  -31.594  4.863  -18.827 0.4285714328
65771  -31.945  4.792  -20.316 0.2857142985
66832  -32.181  5.949  -20.793 0.2857142985
75221  -28.007  14.674  -18.686 0.7142857313
69919  -32.012  9.394  -17.704 0.7142857313
76241  -29.635  15.924  -18.006 0.7142857313
74214  -30.584  13.334  -17.118 0.8571428657
75243  -29.782  15.389  -17.577 0.8571428657
83400  -28.915  23.297  -21.098 0.1428571492
78197  -33.998  17.454  -18.620 0.1428571492
49261  -25.407  -9.493  -7.557 0.1428571492
50242  -22.325  -8.613  -7.718 0.2857142985
51297  -26.634  -7.752  -10.212 0.1428571492
53521  -27.666  -6.301  -11.899 0.1428571492
53523  -29.255  -5.449  -11.352 0.1428571492
54735  -30.438  -4.506  -11.920 0.1428571492
55837  -29.700  -3.780  -14.618 0.2857142985
55839  -31.147  -3.745  -14.651 0.2857142985
60238  -32.773  -0.169  -12.855 0.2857142985
61468  -32.966  0.843  -13.824 0.2857142985
61484  -26.397  1.214  -15.197 0.5714285970
61502  -25.618  1.830  -15.666 0.2857142985
63601  -27.363  3.314  -15.597 0.7142857313
64677  -25.643  4.621  -16.770 0.4285714328
63635  -32.503  3.082  -18.330 0.2857142985
64679  -27.486  4.861  -16.015 0.7142857313
66811  -26.203  6.739  -17.565 0.2857142985
63645  -32.869  3.195  -19.483 0.1428571492
64711  -32.631  3.937  -20.713 0.4285714328
64710  -31.847  3.711  -20.052 0.4285714328
64722  -32.943  4.371  -21.098 0.1428571492
65781  -32.664  4.920  -21.034 0.1428571492
68918  -32.001  8.425  -18.423 0.5714285970
70996  -32.213  10.388  -17.939 0.7142857313
71021  -31.276  9.959  -21.836 0.2857142985
71022  -31.584  10.956  -21.493 0.1428571492
74216  -32.025  13.661  -17.545 0.5714285970
73231  -32.549  12.509  -20.468 0.1428571492
73209  -32.757  13.044  -18.546 0.1428571492
82507  -28.986  22.513  -20.478 0.1428571492
75226  -32.159  14.637  -17.606 0.5714285970
74254  -33.142  13.893  -19.619 0.1428571492
76243  -33.701  15.559  -18.751 0.1428571492
80005  -33.290  18.958  -18.767 0.2857142985
77253  -33.953  16.514  -18.532 0.2857142985
76244  -34.086  15.941  -19.170 0.1428571492
77268  -34.277  16.596  -20.238 0.1428571492
78210  -34.356  17.472  -20.523 0.1428571492
80853  -34.564  20.552  -20.326 0.2857142985
80022  -35.079  19.796  -20.791 0.2857142985
79143  -35.145  19.384  -21.301 0.1428571492
79142  -34.800  18.476  -21.109 0.1428571492
50246  -26.571  -8.890  -8.239 0.1428571492
53508  -28.116  -6.429  -10.972 0.1428571492
61491  -33.255  1.778  -14.311 0.2857142985
67899  -31.925  6.943  -21.554 0.2857142985
79149  -34.527  18.278  -22.410 0.1428571492
80027  -35.223  20.124  -21.540 0.2857142985
52351  -27.043  -6.623  -11.932 0.1428571492
54756  -28.725  -4.546  -13.612 0.2857142985
53544  -28.475  -4.991  -12.937 0.1428571492
68906  -31.811  8.433  -17.527 0.7142857313
69907  -30.878  9.150  -16.460 0.8571428657
77252  -30.285  16.879  -17.940 0.7142857313
66823  -31.744  5.594  -19.015 0.4285714328
74191  -29.878  13.771  -17.377 0.8571428657
81669  -30.008  21.481  -20.723 0.2857142985
81668  -29.448  21.824  -20.711 0.2857142985
83410  -30.733  23.921  -21.995 0.1428571492
81670  -33.534  22.107  -20.366 0.2857142985
80017  -33.005  19.543  -18.966 0.2857142985
79136  -34.430  18.440  -19.833 0.1428571492
80021  -34.646  19.520  -20.021 0.1428571492
78184  -32.346  17.594  -17.506 0.5714285970
79112  -33.079  17.592  -17.616 0.4285714328
76259  -33.860  15.403  -19.560 0.1428571492
74217  -32.687  13.776  -17.893 0.1428571492
78186  -33.545  17.228  -17.952 0.2857142985
77254  -34.286  16.616  -19.288 0.2857142985
78185  -33.061  17.045  -17.618 0.4285714328
76228  -30.422  15.680  -17.508 0.7142857313
72076  -32.333  11.386  -18.190 0.5714285970
71005  -32.253  10.455  -18.994 0.4285714328
73161  -30.777  11.728  -16.631 0.8571428657
68904  -26.871  8.410  -17.462 0.4285714328
63619  -26.151  4.166  -16.306 0.4285714328
64678  -26.533  4.797  -16.463 0.5714285970
67869  -31.883  7.491  -18.189 0.5714285970
65770  -31.654  4.389  -19.679 0.4285714328
61509  -31.710  1.192  -15.248 0.2857142985
55838  -30.706  -3.954  -15.011 0.2857142985
60277  -31.484  0.236  -14.703 0.2857142985
54758  -30.272  -4.532  -13.686 0.2857142985
59009  -31.855  -0.793  -13.283 0.2857142985
54734  -29.736  -5.026  -12.047 0.1428571492
49244  -24.371  -9.551  -6.706 0.1428571492
49243  -23.354  -9.454  -6.672 0.1428571492
49245  -25.236  -9.625  -6.839 0.1428571492
75260  -27.041  14.684  -19.484 0.5714285970
74234  -26.517  13.152  -19.165 0.4285714328
74235  -26.984  13.631  -19.098 0.4285714328
75240  -27.592  14.542  -19.077 0.5714285970
73207  -26.739  12.562  -18.547 0.4285714328
76239  -28.094  15.149  -18.906 0.4285714328
72091  -26.796  11.790  -18.262 0.4285714328
73183  -27.366  12.780  -18.293 0.5714285970
69917  -27.157  9.383  -17.424 0.5714285970
62557  -34.392  2.782  -14.505 0.1428571492
63587  -33.757  3.157  -15.187 0.1428571492
63608  -34.163  3.509  -16.077 0.1428571492
54731  -24.765  -4.190  -11.542 0.2857142985
61492  -36.283  2.034  -14.505 0.1428571492
62544  -35.032  2.136  -14.131 0.1428571492
62559  -36.866  2.624  -15.080 0.1428571492
62558  -35.664  2.697  -14.588 0.1428571492
62577  -36.987  3.059  -15.565 0.1428571492
54718  -24.402  -4.491  -10.844 0.2857142985
60258  -33.485  0.565  -13.324 0.1428571492
61470  -34.724  1.435  -13.798 0.1428571492
61469  -33.602  1.252  -13.863 0.1428571492
61493  -37.156  1.685  -14.895 0.1428571492
62545  -35.669  2.096  -14.302 0.1428571492
63577  -37.724  3.380  -14.094 0.1428571492
62560  -37.833  2.568  -15.220 0.1428571492
63590  -38.263  3.268  -15.031 0.1428571492
53489  -24.370  -5.312  -10.311 0.2857142985
54701  -24.027  -4.898  -10.254 0.2857142985
57932  -32.394  -1.335  -12.486 0.1428571492
58990  -32.985  -0.543  -12.406 0.1428571492
57952  -31.954  -1.563  -13.177 0.1428571492
60239  -33.273  0.013  -12.778 0.1428571492
60260  -35.468  0.825  -13.621 0.1428571492
60240  -34.202  0.133  -12.743 0.1428571492
61472  -36.423  1.487  -14.490 0.1428571492
60259  -34.463  0.750  -13.346 0.1428571492
61494  -38.230  1.609  -15.048 0.1428571492
62535  -37.913  2.537  -13.334 0.1428571492
62546  -38.116  2.488  -14.494 0.1428571492
53472  -23.276  -5.750  -9.410 0.2857142985
57916  -32.922  -1.655  -11.627 0.1428571492
57933  -33.364  -1.025  -11.842 0.1428571492
58991  -33.854  -0.489  -12.249 0.1428571492
60242  -35.982  0.190  -13.429 0.1428571492
60261  -36.508  0.745  -14.381 0.1428571492
60279  -37.604  0.738  -15.240 0.1428571492
63564  -37.228  3.308  -12.804 0.1428571492
56849  -32.221  -2.387  -12.273 0.1428571492
55818  -31.993  -2.902  -12.118 0.1428571492
57917  -33.891  -1.446  -11.331 0.1428571492
56834  -33.464  -1.847  -10.991 0.1428571492
58993  -35.841  -0.522  -12.754 0.1428571492
59010  -36.637  -0.431  -13.835 0.1428571492
58992  -34.850  -0.518  -12.325 0.1428571492
59032  -37.150  0.020  -14.938 0.1428571492
61473  -38.505  1.708  -13.869 0.1428571492
61458  -38.253  1.903  -12.582 0.1428571492
55805  -31.791  -3.220  -11.610 0.1428571492
56823  -34.650  -2.506  -10.638 0.1428571492
56822  -33.909  -2.273  -10.564 0.1428571492
55806  -32.133  -2.682  -11.602 0.1428571492
57918  -34.783  -1.698  -11.432 0.1428571492
56833  -32.672  -2.242  -11.211 0.1428571492
57953  -37.009  -1.458  -13.953 0.1428571492
57936  -36.317  -1.437  -12.894 0.1428571492
59011  -37.286  -0.711  -14.778 0.1428571492
59033  -37.847  -0.376  -15.672 0.1428571492
61495  -39.002  1.070  -14.733 0.1428571492
55791  -33.323  -2.729  -10.265 0.1428571492
56820  -32.856  -2.481  -10.699 0.1428571492
56851  -36.011  -2.394  -12.088 0.1428571492
55807  -35.584  -2.867  -11.042 0.1428571492
60280  -38.569  0.539  -15.496 0.1428571492
57919  -35.246  -1.939  -11.550 0.1428571492
57935  -35.407  -1.479  -12.024 0.1428571492
60241  -35.198  0.208  -12.912 0.1428571492
58989  -32.458  -0.496  -12.860 0.1428571492
62523  -37.643  2.549  -12.090 0.1428571492
63588  -34.983  3.360  -15.180 0.1428571492
52325  -23.794  -6.456  -9.696 0.2857142985
61474  -39.040  1.054  -13.741 0.1428571492
63545  -37.169  3.414  -11.646 0.1428571492
70992  -26.675  10.014  -17.959 0.4285714328
63611  -38.159  3.372  -15.992 0.1428571492
76258  -28.013  16.215  -19.533 0.4285714328
80033  -35.222  19.973  -22.456 0.1428571492
53488  -23.818  -5.448  -9.890 0.2857142985
80857  -35.093  20.946  -21.469 0.1428571492
57931  -32.074  -2.184  -13.129 0.1428571492
55804  -31.150  -3.859  -11.713 0.1428571492
56848  -32.110  -2.755  -13.036 0.1428571492
63636  -33.461  3.721  -18.317 0.1428571492
62543  -33.984  2.051  -14.099 0.1428571492
63589  -36.274  3.272  -15.343 0.1428571492
63610  -37.137  3.448  -16.106 0.1428571492
61471  -35.736  1.523  -14.145 0.1428571492
57934  -34.398  -1.071  -11.773 0.1428571492
55790  -32.346  -2.979  -10.692 0.1428571492
56835  -34.359  -1.946  -10.949 0.1428571492
56821  -33.219  -2.233  -10.713 0.1428571492
56836  -35.172  -2.368  -11.135 0.1428571492
56850  -35.529  -2.171  -11.638 0.1428571492
50215  -20.789  -8.444  -6.201 0.1428571492
50227  -21.606  -8.736  -6.904 0.1428571492
51253  -21.645  -7.608  -7.715 0.1428571492
51254  -22.244  -7.636  -8.240 0.1428571492
52281  -21.672  -6.903  -8.052 0.1428571492
52304  -22.166  -6.499  -8.542 0.1428571492
52305  -23.085  -6.546  -9.169 0.1428571492
52280  -21.135  -6.507  -7.478 0.1428571492
52303  -21.432  -6.116  -8.039 0.1428571492
54680  -21.626  -4.275  -8.596 0.1428571492
54681  -22.032  -4.184  -9.172 0.1428571492
54700  -23.416  -4.413  -10.177 0.1428571492
53487  -23.183  -5.001  -9.493 0.1428571492
55802  -25.054  -4.042  -12.026 0.1428571492
54717  -23.604  -4.032  -10.734 0.2857142985
56847  -25.315  -3.054  -12.755 0.2857142985
59025  -25.275  -0.375  -14.512 0.4285714328
59026  -26.320  -0.444  -14.437 0.4285714328
69916  -26.638  9.153  -17.948 0.2857142985
74251  -25.287  13.265  -20.080 0.2857142985
74252  -26.038  13.689  -19.865 0.2857142985
74253  -26.648  14.173  -19.579 0.2857142985
75259  -26.429  14.708  -19.844 0.4285714328
55786  -22.846  -3.501  -10.862 0.1428571492
55787  -23.694  -3.767  -11.129 0.2857142985
55814  -24.899  -3.415  -12.402 0.1428571492
53470  -21.566  -5.285  -8.293 0.1428571492
54699  -22.618  -4.336  -9.577 0.1428571492
55772  -22.588  -3.830  -10.154 0.1428571492
55800  -23.321  -3.343  -11.491 0.2857142985
55801  -24.203  -3.567  -11.808 0.2857142985
56832  -23.384  -2.987  -11.945 0.2857142985
55813  -24.403  -3.142  -12.396 0.2857142985
57947  -25.176  -1.891  -13.454 0.4285714328
59006  -25.757  -1.154  -14.112 0.4285714328
59024  -24.466  -0.304  -14.425 0.2857142985
68903  -26.345  8.567  -18.218 0.2857142985
69929  -26.080  9.490  -18.660 0.2857142985
72101  -25.662  11.896  -19.366 0.2857142985
72100  -25.174  11.951  -19.747 0.2857142985
56846  -24.704  -2.757  -12.736 0.2857142985
68917  -25.652  8.391  -18.696 0.2857142985
71003  -25.466  10.416  -19.197 0.2857142985
71014  -25.010  11.168  -19.738 0.2857142985
71004  -26.166  10.661  -18.688 0.2857142985
72089  -25.633  11.293  -19.284 0.2857142985
72090  -26.201  11.821  -18.848 0.2857142985
69928  -25.065  9.547  -19.223 0.2857142985
69937  -24.291  10.325  -19.599 0.2857142985
56858  -25.215  -2.550  -13.021 0.4285714328
50241  -21.634  -8.187  -7.415 0.1428571492
73206  -26.244  12.751  -19.203 0.2857142985
53471  -22.427  -5.250  -9.024 0.1428571492
50216  -21.364  -9.029  -6.375 0.1428571492
51239  -21.146  -7.577  -7.098 0.1428571492
59005  -24.742  -1.005  -14.088 0.4285714328
73221  -25.613  12.599  -19.610 0.2857142985
69938  -24.842  10.491  -19.572 0.2857142985
61483  -25.219  1.127  -15.356 0.2857142985
83414  -34.990  23.500  -22.090 0.1428571492
82519  -35.242  22.611  -22.256 0.1428571492
81674  -34.575  22.187  -21.304 0.1428571492
81671  -34.348  21.679  -20.688 0.1428571492
81672  -34.824  21.263  -21.198 0.1428571492
83417  -35.384  23.431  -22.706 0.1428571492
83404  -32.824  23.247  -21.103 0.1428571492
84267  -32.307  24.927  -21.809 0.1428571492
81678  -35.402  21.713  -22.575 0.1428571492
81675  -34.991  21.747  -21.633 0.1428571492
81665  -34.125  21.090  -20.044 0.1428571492
82512  -33.611  22.600  -20.760 0.1428571492
83405  -33.646  23.207  -21.211 0.1428571492
83412  -33.128  23.968  -21.460 0.1428571492
82516  -34.741  22.716  -21.662 0.1428571492
82515  -34.221  22.663  -21.191 0.1428571492
84270  -35.204  24.001  -22.462 0.1428571492
68916  -24.727  8.568  -18.936 0.1428571492
71013  -24.307  11.158  -19.864 0.1428571492
72088  -23.185  12.098  -19.379 0.1428571492
72098  -23.675  12.043  -19.898 0.1428571492
67880  -25.621  7.724  -18.411 0.1428571492
72099  -24.411  11.986  -20.008 0.1428571492
73228  -23.531  13.488  -19.725 0.1428571492
74260  -23.514  13.911  -19.733 0.1428571492
74250  -23.538  14.301  -19.483 0.2857142985
63618  -25.449  3.909  -16.392 0.2857142985
66809  -24.829  6.506  -18.158 0.1428571492
66810  -25.593  6.741  -17.949 0.1428571492
67879  -25.104  7.677  -18.605 0.1428571492
68937  -31.562  8.338  -20.991 0.1428571492
69927  -24.150  9.494  -19.294 0.1428571492
73220  -24.620  12.946  -20.101 0.1428571492
74262  -24.778  13.986  -20.286 0.1428571492
74261  -23.826  14.229  -20.000 0.1428571492
75272  -24.241  14.958  -20.014 0.2857142985
76271  -25.329  15.636  -19.982 0.2857142985
78194  -26.797  17.873  -19.310 0.2857142985
79118  -25.959  17.489  -18.647 0.2857142985
79120  -26.962  18.642  -18.904 0.2857142985
80837  -26.489  21.193  -16.897 0.1428571492
76270  -24.659  15.477  -19.912 0.2857142985
77275  -26.409  16.062  -19.741 0.2857142985
77267  -28.188  16.819  -19.573 0.2857142985
78207  -26.736  17.045  -19.687 0.2857142985
78193  -25.938  17.282  -19.194 0.2857142985
78195  -27.265  18.321  -19.357 0.2857142985
80015  -26.997  19.255  -18.415 0.1428571492
79119  -26.477  17.984  -18.516 0.2857142985
81652  -28.222  22.131  -19.246 0.1428571492
114305  -27.433  22.472  -17.137 0.1428571492
78183  -25.565  17.239  -18.573 0.1428571492
77236  -25.234  16.870  -18.374 0.1428571492
75258  -23.912  14.937  -19.359 0.2857142985
80002  -26.578  20.103  -17.306 0.1428571492
80001  -26.892  18.963  -17.939 0.1428571492
74249  -23.365  13.945  -19.303 0.2857142985
79987  -26.741  18.153  -17.630 0.1428571492
79990  -26.831  19.993  -15.431 0.1428571492
79988  -27.004  18.571  -17.493 0.1428571492
74208  -24.855  12.597  -18.102 0.1428571492
69944  -31.319  9.325  -21.713 0.1428571492
66838  -32.729  6.040  -21.820 0.1428571492
65749  -25.353  5.925  -17.738 0.1428571492
66821  -24.563  7.161  -18.425 0.1428571492
68946  -31.328  8.678  -21.958 0.1428571492
67878  -24.367  7.850  -18.637 0.1428571492
69926  -23.210  9.843  -19.055 0.1428571492
69936  -23.672  10.345  -19.464 0.1428571492
75257  -23.546  14.515  -19.089 0.2857142985
76255  -24.820  15.983  -19.656 0.1428571492
78206  -26.100  16.663  -19.637 0.2857142985
77249  -25.083  16.934  -19.033 0.1428571492
79108  -26.456  17.735  -17.672 0.2857142985
79989  -26.964  19.307  -16.832 0.1428571492
68947  -31.557  7.779  -22.288 0.1428571492
78208  -27.494  17.676  -19.709 0.2857142985
114303  -27.538  22.231  -18.117 0.1428571492
65732  -25.061  5.155  -17.351 0.1428571492
67866  -26.174  7.600  -17.933 0.1428571492
77265  -26.939  16.249  -19.661 0.2857142985
75274  -25.743  14.785  -20.182 0.1428571492
71012  -23.647  11.153  -19.701 0.1428571492
68915  -23.871  8.686  -18.852 0.1428571492
73218  -23.418  13.056  -19.457 0.1428571492
73219  -23.814  12.835  -19.980 0.1428571492
67865  -25.518  7.339  -18.260 0.1428571492
73229  -23.814  13.507  -20.056 0.1428571492
73230  -24.211  13.659  -20.179 0.1428571492
75273  -24.964  14.884  -20.232 0.2857142985
77274  -25.915  16.150  -19.818 0.2857142985
76256  -26.773  15.473  -19.691 0.2857142985
79107  -26.014  17.440  -18.113 0.1428571492
78215  -26.480  16.510  -19.670 0.2857142985
77266  -27.517  16.629  -19.718 0.2857142985
80000  -26.671  18.341  -17.890 0.2857142985
82502  -28.773  22.490  -19.581 0.1428571492
76254  -24.393  15.763  -19.423 0.1428571492
77264  -25.358  16.473  -19.540 0.2857142985
56818  -21.974  -2.771  -10.826 0.1428571492
56844  -23.108  -2.401  -12.147 0.1428571492
57905  -21.197  -1.437  -10.652 0.1428571492
58977  -21.329  -0.712  -11.486 0.1428571492
57927  -22.244  -0.985  -12.277 0.1428571492
57915  -22.642  -2.057  -12.033 0.1428571492
58988  -22.448  -0.425  -12.637 0.1428571492
57928  -23.133  -1.491  -12.624 0.1428571492
57929  -24.329  -2.073  -12.950 0.1428571492
59003  -23.155  -0.407  -13.207 0.1428571492
57945  -23.602  -0.918  -13.265 0.1428571492
57946  -24.138  -1.329  -13.405 0.1428571492
59004  -23.847  -0.504  -13.880 0.1428571492
60237  -22.622  0.243  -13.060 0.1428571492
60254  -23.130  0.622  -13.831 0.1428571492
60270  -24.634  0.414  -14.866 0.1428571492
61501  -24.794  1.833  -15.581 0.1428571492
62568  -24.994  2.492  -15.855 0.1428571492
57930  -24.863  -2.323  -13.055 0.1428571492
56803  -21.847  -3.012  -10.234 0.1428571492
56817  -21.517  -2.160  -10.619 0.1428571492
57914  -21.872  -1.551  -11.673 0.1428571492
63599  -25.287  3.198  -16.149 0.1428571492
56831  -22.583  -2.690  -11.526 0.1428571492
56819  -22.427  -3.031  -11.114 0.1428571492
56845  -23.878  -2.666  -12.425 0.1428571492
56830  -21.975  -2.285  -11.288 0.1428571492
57913  -21.195  -1.057  -11.236 0.1428571492
60255  -23.916  0.141  -14.436 0.1428571492
60235  -21.392  0.583  -11.845 0.1428571492
56802  -21.493  -2.367  -9.925 0.1428571492
51311  -26.620  -7.465  -10.849 0.1428571492
53543  -28.064  -4.733  -12.967 0.5714285970
54766  -30.161  -4.150  -14.566 0.2857142985
56837  -35.682  -2.629  -11.424 0.1428571492
57906  -21.596  -2.081  -11.059 0.1428571492
62578  -37.470  3.007  -15.617 0.1428571492
66820  -24.114  7.363  -18.439 0.1428571492
66822  -25.128  7.046  -18.331 0.1428571492
68936  -31.406  8.989  -21.416 0.1428571492
69903  -27.739  9.556  -17.134 0.5714285970
72050  -29.812  10.934  -16.299 1.0000000000
74263  -25.387  14.319  -20.261 0.1428571492
75206  -29.798  13.985  -17.408 0.8571428657
75207  -30.027  14.370  -17.236 0.8571428657
75242  -29.372  15.379  -17.850 0.8571428657
76225  -28.272  15.028  -18.627 1.0000000000
76242  -30.004  15.465  -17.485 0.8571428657
76272  -26.121  15.483  -19.972 0.2857142985
77237  -30.234  16.270  -17.755 0.7142857313
77240  -32.686  16.465  -17.618 0.4285714328
78214  -26.226  16.371  -19.708 0.2857142985
79122  -32.267  18.948  -18.217 0.4285714328
81667  -29.139  22.139  -20.644 0.1428571492
