#!ascii label  , from subject sub-02 vox2ras=TkReg
966
88353  38.277  28.492  27.554 0.0000000000
85709  47.842  23.935  20.940 0.0000000000
89014  43.358  29.403  18.303 0.0000000000
83497  49.055  21.923  10.458 0.0000000000
84218  39.781  21.971  25.007 0.0000000000
91003  50.383  33.019  21.447 0.0000000000
85762  50.699  24.577  15.880 0.0000000000
86494  39.096  25.604  11.861 0.0000000000
88923  49.673  30.017  28.186 0.0000000000
87054  43.545  26.131  27.540 0.0000000000
83410  43.684  20.935  20.270 0.0000000000
89748  44.269  29.834  12.236 0.0000000000
87138  41.177  26.348  15.020 0.0000000000
88377  44.707  28.114  22.259 0.0000000000
85752  44.291  25.125  15.909 0.0000000000
88468  39.837  28.441  8.209 0.0000000000
88929  43.147  29.186  29.140 0.0000000000
88300  40.988  28.115  29.550 0.0000000000
83384  42.006  21.594  22.121 0.0000000000
89694  46.505  30.740  16.730 0.0000000000
89733  47.084  30.079  13.157 0.0000000000
89034  43.257  29.691  16.391 0.0000000000
88414  41.155  28.620  15.183 0.0000000000
88397  41.626  28.355  16.925 0.0000000000
87077  48.878  26.594  24.997 0.0000000000
88964  47.872  29.295  25.223 0.0000000000
87089  49.809  26.944  22.473 0.0000000000
85085  50.698  24.188  12.338 0.0000000000
85749  47.218  25.083  16.316 0.0000000000
85814  47.438  24.503  11.941 0.0000000000
85800  44.236  24.396  12.841 0.0000000000
84348  45.949  22.775  10.505 0.0000000000
82613  45.366  20.138  12.705 0.0000000000
87047  36.686  27.007  28.883 0.0000000000
85667  39.358  24.993  28.132 0.0000000000
89674  46.396  30.823  18.830 0.0000000000
84275  46.830  22.320  17.563 0.0000000000
85719  49.906  24.820  18.908 0.0000000000
84306  49.044  22.378  14.573 0.0000000000
83474  50.460  21.884  12.065 0.0000000000
90973  46.890  33.105  24.894 0.0000000000
89602  45.339  31.076  26.426 0.0000000000
87724  46.578  28.353  28.813 0.0000000000
85684  46.015  24.769  24.281 0.0000000000
84976  41.820  23.382  26.749 0.0000000000
84991  43.894  23.210  23.586 0.0000000000
84240  45.440  22.509  20.381 0.0000000000
82579  45.470  20.232  16.400 0.0000000000
88303  34.327  28.037  29.425 0.0000000000
91087  45.737  32.206  11.552 0.0000000000
90460  43.786  30.712  9.111 0.0000000000
89072  41.076  28.808  11.974 0.0000000000
87152  40.112  26.551  12.989 0.0000000000
85803  41.281  24.256  12.964 0.0000000000
90971  49.416  32.903  24.911 0.0000000000
90348  46.951  31.028  21.764 0.0000000000
89007  43.582  29.023  20.048 0.0000000000
86415  47.206  25.906  19.353 0.0000000000
86419  43.341  25.999  19.098 0.0000000000
87121  41.870  26.768  18.207 0.0000000000
86467  42.401  25.391  15.241 0.0000000000
85802  42.230  24.362  12.903 0.0000000000
89094  39.493  29.295  9.461 0.0000000000
89771  40.629  30.194  9.048 0.0000000000
88350  41.012  28.944  28.158 0.0000000000
88337  39.734  28.484  28.655 0.0000000000
89686  44.632  30.085  17.128 0.0000000000
89696  44.877  30.204  15.998 0.0000000000
89023  43.496  29.580  17.336 0.0000000000
89024  42.458  29.138  16.981 0.0000000000
88396  42.099  28.655  17.603 0.0000000000
85690  48.701  25.138  23.333 0.0000000000
87082  49.778  26.512  23.679 0.0000000000
85707  49.837  25.062  21.429 0.0000000000
85109  49.826  23.694  10.665 0.0000000000
85826  49.327  24.427  11.548 0.0000000000
85110  48.648  23.964  10.291 0.0000000000
85098  46.924  24.105  10.390 0.0000000000
84347  46.984  22.937  10.296 0.0000000000
83486  47.291  21.115  10.989 0.0000000000
82626  47.863  20.525  10.829 0.0000000000
85669  37.738  24.510  27.751 0.0000000000
90368  48.282  31.502  18.360 0.0000000000
90363  48.463  31.622  19.506 0.0000000000
83445  46.605  21.400  15.605 0.0000000000
84286  47.911  22.511  16.331 0.0000000000
83465  47.931  20.947  13.998 0.0000000000
81729  50.800  20.214  11.825 0.0000000000
81736  51.234  20.117  11.246 0.0000000000
82617  50.883  20.948  10.989 0.0000000000
87712  43.894  27.648  29.462 0.0000000000
88296  45.176  28.548  29.554 0.0000000000
87741  44.976  27.213  28.259 0.0000000000
87065  45.651  27.008  26.853 0.0000000000
86383  44.458  25.476  25.551 0.0000000000
84194  40.454  22.772  27.572 0.0000000000
84954  40.938  23.598  28.161 0.0000000000
84210  41.157  22.670  25.651 0.0000000000
83399  42.884  21.011  20.873 0.0000000000
84229  42.638  22.043  22.323 0.0000000000
84236  43.780  22.086  21.502 0.0000000000
84235  44.535  22.426  21.333 0.0000000000
83409  44.389  21.333  19.923 0.0000000000
83419  45.091  21.707  19.098 0.0000000000
82565  44.242  20.160  18.597 0.0000000000
79060  46.101  16.819  15.793 0.0000000000
89735  45.056  30.003  12.813 0.0000000000
89756  46.557  30.557  11.379 0.0000000000
89757  45.865  30.402  10.840 0.0000000000
90444  44.851  31.472  10.022 0.0000000000
89767  44.754  30.279  9.596 0.0000000000
89091  42.920  29.278  9.430 0.0000000000
89070  42.605  29.432  11.936 0.0000000000
87789  40.906  27.526  15.509 0.0000000000
87804  40.453  27.444  13.889 0.0000000000
87145  40.966  26.232  14.245 0.0000000000
86484  40.826  25.089  13.215 0.0000000000
86476  41.368  25.535  13.914 0.0000000000
90282  48.155  31.981  27.327 0.0000000000
91605  48.554  33.532  25.513 0.0000000000
90288  48.844  32.276  26.523 0.0000000000
88980  45.960  28.813  23.882 0.0000000000
89638  46.462  30.230  23.701 0.0000000000
89651  45.611  29.679  22.810 0.0000000000
89667  45.513  30.232  20.651 0.0000000000
89001  44.362  28.867  21.343 0.0000000000
85730  50.627  25.214  17.857 0.0000000000
86421  50.242  25.836  18.793 0.0000000000
86436  49.437  25.807  17.753 0.0000000000
85767  45.861  24.950  15.189 0.0000000000
86439  45.580  25.363  17.459 0.0000000000
86441  43.614  25.592  17.522 0.0000000000
87120  42.352  26.306  18.370 0.0000000000
86442  42.715  25.838  17.440 0.0000000000
86443  42.173  26.050  17.041 0.0000000000
86466  43.051  25.198  15.645 0.0000000000
85087  44.447  23.776  11.058 0.0000000000
85801  43.171  24.383  12.905 0.0000000000
85088  43.490  23.268  11.368 0.0000000000
84327  42.119  22.738  12.344 0.0000000000
92257  50.309  34.821  22.102 0.0000000000
87839  37.893  27.042  9.136 0.0000000000
87831  39.511  26.949  9.418 0.0000000000
88967  42.582  29.839  25.879 0.0000000000
88952  41.204  29.108  27.237 0.0000000000
88930  42.054  29.087  28.866 0.0000000000
87029  42.568  26.710  29.094 0.0000000000
84223  40.655  21.980  23.600 0.0000000000
89719  47.029  30.285  14.256 0.0000000000
89709  44.983  30.167  14.946 0.0000000000
89050  43.260  29.717  14.498 0.0000000000
89051  42.452  29.434  14.183 0.0000000000
89036  41.726  29.076  15.639 0.0000000000
88407  41.293  28.321  15.928 0.0000000000
87132  41.034  26.961  15.622 0.0000000000
87744  49.213  27.942  27.021 0.0000000000
88948  49.088  29.335  26.021 0.0000000000
87753  49.231  27.450  24.768 0.0000000000
87759  48.447  27.522  23.757 0.0000000000
87091  47.475  26.915  22.566 0.0000000000
85794  50.853  24.505  13.919 0.0000000000
85764  49.518  25.231  15.688 0.0000000000
85780  49.262  25.065  14.570 0.0000000000
85797  47.726  24.626  13.203 0.0000000000
85783  45.643  24.808  14.073 0.0000000000
85784  44.571  24.706  14.021 0.0000000000
85815  46.228  24.318  11.792 0.0000000000
85830  45.368  24.092  10.903 0.0000000000
85114  44.796  23.051  10.365 0.0000000000
81732  46.230  19.457  12.076 0.0000000000
88322  37.469  28.072  29.177 0.0000000000
87731  38.372  27.645  29.197 0.0000000000
87057  37.897  26.360  28.150 0.0000000000
84956  39.024  23.332  28.353 0.0000000000
83345  39.171  21.797  26.889 0.0000000000
90380  48.128  31.343  17.283 0.0000000000
89684  46.404  30.747  17.784 0.0000000000
89676  44.749  30.128  18.142 0.0000000000
85031  47.199  22.987  19.201 0.0000000000
85712  49.190  24.325  19.712 0.0000000000
85043  48.345  23.197  18.036 0.0000000000
85042  49.243  23.600  17.528 0.0000000000
85062  49.983  23.451  15.797 0.0000000000
82601  49.090  20.659  13.190 0.0000000000
84316  49.458  22.234  13.938 0.0000000000
84304  50.709  23.314  14.118 0.0000000000
84323  50.733  22.949  12.182 0.0000000000
83495  50.563  21.891  10.875 0.0000000000
82624  49.890  20.872  10.434 0.0000000000
81745  48.530  19.637  10.653 0.0000000000
90300  45.573  31.557  25.672 0.0000000000
89591  47.116  31.050  28.046 0.0000000000
89594  43.943  30.005  27.771 0.0000000000
88926  46.212  29.705  29.212 0.0000000000
88333  48.522  28.601  28.191 0.0000000000
87063  47.750  27.123  26.333 0.0000000000
87079  47.039  25.922  25.092 0.0000000000
85699  46.573  24.025  22.580 0.0000000000
87043  40.478  26.505  28.837 0.0000000000
86358  41.715  25.120  28.663 0.0000000000
85675  42.532  24.437  26.784 0.0000000000
84222  41.557  22.412  23.514 0.0000000000
84985  42.872  23.353  24.816 0.0000000000
85686  43.489  24.027  25.049 0.0000000000
85694  44.898  23.802  23.969 0.0000000000
84997  45.681  23.481  22.332 0.0000000000
85002  46.657  23.545  21.351 0.0000000000
84250  46.423  22.689  19.326 0.0000000000
83437  45.840  21.270  16.729 0.0000000000
82586  46.228  20.341  15.001 0.0000000000
80854  45.153  18.518  16.282 0.0000000000
80863  46.148  18.507  14.714 0.0000000000
88323  36.599  28.173  29.107 0.0000000000
87734  35.635  27.724  29.479 0.0000000000
87050  33.777  26.258  29.112 0.0000000000
91086  46.739  32.037  12.157 0.0000000000
91088  44.675  32.588  11.479 0.0000000000
89777  42.369  30.509  8.122 0.0000000000
88458  41.498  28.619  8.688 0.0000000000
87822  40.358  27.773  10.998 0.0000000000
89053  41.008  28.877  13.139 0.0000000000
87810  40.169  27.603  13.102 0.0000000000
87158  39.761  26.213  12.199 0.0000000000
90980  50.010  33.362  23.399 0.0000000000
90298  48.489  31.153  25.505 0.0000000000
90319  48.581  32.120  23.351 0.0000000000
90347  48.001  31.648  21.493 0.0000000000
89666  46.433  30.837  20.862 0.0000000000
89671  45.539  30.481  19.475 0.0000000000
89010  43.244  29.182  19.198 0.0000000000
86412  50.348  25.924  19.896 0.0000000000
87105  49.293  26.564  20.740 0.0000000000
87108  45.578  26.242  20.890 0.0000000000
86437  47.992  25.548  17.482 0.0000000000
86417  45.032  25.688  19.331 0.0000000000
87110  43.797  26.563  20.470 0.0000000000
87772  42.869  27.427  19.919 0.0000000000
88387  42.440  28.311  19.043 0.0000000000
88390  42.230  28.524  18.250 0.0000000000
87124  41.753  26.628  17.248 0.0000000000
86458  41.918  25.963  16.253 0.0000000000
86468  41.696  25.874  15.164 0.0000000000
85785  43.561  24.674  13.968 0.0000000000
85786  42.589  24.835  13.959 0.0000000000
85787  41.863  24.845  13.584 0.0000000000
85820  41.603  23.785  12.598 0.0000000000
82604  44.550  20.392  13.571 0.0000000000
89761  40.427  30.338  10.614 0.0000000000
89760  41.839  31.032  10.689 0.0000000000
88363  38.861  28.598  26.797 0.0000000000
88352  39.300  28.597  27.602 0.0000000000
88338  38.515  28.305  28.705 0.0000000000
89022  44.033  29.810  17.949 0.0000000000
89015  42.700  29.072  17.877 0.0000000000
85703  48.868  24.636  22.002 0.0000000000
85696  49.445  25.282  22.788 0.0000000000
84345  49.420  22.946  10.300 0.0000000000
84346  48.195  22.975  10.141 0.0000000000
83498  47.664  21.797  10.543 0.0000000000
82625  48.810  20.765  10.580 0.0000000000
91002  50.744  33.545  21.172 0.0000000000
90362  49.575  32.371  19.817 0.0000000000
90357  49.342  32.244  20.834 0.0000000000
82593  46.883  20.349  14.430 0.0000000000
83455  46.801  20.988  14.833 0.0000000000
82592  47.549  20.384  13.977 0.0000000000
80889  51.875  19.309  10.979 0.0000000000
81742  51.210  19.989  10.688 0.0000000000
87727  43.536  26.944  29.022 0.0000000000
87726  44.670  27.248  28.802 0.0000000000
87040  43.927  26.753  28.441 0.0000000000
87066  44.355  26.225  26.560 0.0000000000
87067  43.765  26.099  26.878 0.0000000000
84205  39.744  22.118  26.522 0.0000000000
84204  40.656  22.623  26.838 0.0000000000
84211  40.225  22.301  25.759 0.0000000000
83391  43.277  21.698  21.406 0.0000000000
83398  43.583  21.411  20.845 0.0000000000
83397  44.222  21.684  20.599 0.0000000000
83420  44.590  21.026  18.818 0.0000000000
82554  44.138  20.548  19.258 0.0000000000
89736  44.232  29.853  12.719 0.0000000000
89747  44.806  29.905  11.755 0.0000000000
89766  45.436  30.524  10.055 0.0000000000
89079  44.327  29.785  11.193 0.0000000000
89080  43.562  29.590  11.004 0.0000000000
89069  43.771  29.735  12.153 0.0000000000
87139  40.797  26.824  14.890 0.0000000000
86477  40.839  25.776  13.586 0.0000000000
89589  48.998  31.343  27.465 0.0000000000
90281  48.655  32.109  27.076 0.0000000000
89588  49.697  30.384  27.487 0.0000000000
88376  45.265  28.211  22.877 0.0000000000
88990  45.639  29.069  23.487 0.0000000000
88996  45.148  28.827  22.565 0.0000000000
89000  45.041  29.255  21.964 0.0000000000
88380  44.204  28.110  21.675 0.0000000000
85746  50.735  25.109  16.722 0.0000000000
85731  50.413  25.712  17.433 0.0000000000
85751  45.046  25.137  16.019 0.0000000000
86455  44.314  25.346  16.722 0.0000000000
86456  43.476  25.392  16.413 0.0000000000
85769  43.822  24.876  15.180 0.0000000000
85102  43.861  22.990  10.959 0.0000000000
84338  43.614  22.797  11.255 0.0000000000
84326  43.024  22.586  11.757 0.0000000000
89104  39.762  29.048  8.459 0.0000000000
88461  38.357  27.744  9.169 0.0000000000
87838  39.047  27.485  8.817 0.0000000000
87172  38.590  26.548  9.330 0.0000000000
87837  40.183  27.740  8.571 0.0000000000
88968  41.540  29.481  25.929 0.0000000000
88969  40.428  29.166  25.889 0.0000000000
88336  40.680  28.741  28.674 0.0000000000
88335  41.246  28.944  28.648 0.0000000000
88318  41.414  28.709  29.131 0.0000000000
88299  42.058  28.184  29.445 0.0000000000
87714  41.620  27.483  29.407 0.0000000000
90402  47.317  30.776  15.820 0.0000000000
89707  47.050  30.644  15.517 0.0000000000
89697  44.045  30.037  15.716 0.0000000000
89710  44.088  29.986  14.739 0.0000000000
89042  43.207  29.799  15.465 0.0000000000
89043  42.413  29.498  15.152 0.0000000000
89035  42.432  29.429  16.050 0.0000000000
89025  41.834  28.936  16.367 0.0000000000
87788  41.238  27.547  16.259 0.0000000000
87069  48.666  26.965  25.598 0.0000000000
87749  48.834  27.504  25.909 0.0000000000
87088  49.984  26.429  22.695 0.0000000000
87083  49.870  27.038  23.351 0.0000000000
87084  49.184  27.196  23.191 0.0000000000
87085  48.230  27.207  23.118 0.0000000000
87090  48.851  27.012  22.399 0.0000000000
85811  50.659  24.387  13.087 0.0000000000
85779  50.332  25.029  14.763 0.0000000000
85795  50.123  24.785  13.707 0.0000000000
85813  48.646  24.529  12.234 0.0000000000
85782  46.770  24.808  14.209 0.0000000000
85798  46.522  24.587  13.016 0.0000000000
85799  45.367  24.458  12.877 0.0000000000
85112  46.160  23.501  10.380 0.0000000000
85099  46.426  24.012  10.449 0.0000000000
85113  45.213  23.236  10.326 0.0000000000
82618  47.156  20.399  11.327 0.0000000000
82619  46.484  20.316  11.787 0.0000000000
87732  37.481  27.669  29.165 0.0000000000
87046  37.646  27.071  28.786 0.0000000000
84970  38.096  23.470  28.136 0.0000000000
84957  38.387  22.857  28.329 0.0000000000
84180  39.371  22.794  28.245 0.0000000000
84196  38.881  21.956  27.931 0.0000000000
90364  47.383  31.140  19.205 0.0000000000
90369  47.284  31.090  18.097 0.0000000000
89675  45.544  30.487  18.465 0.0000000000
84264  46.846  22.589  18.521 0.0000000000
85030  47.921  23.178  18.747 0.0000000000
84263  47.592  22.754  18.042 0.0000000000
84296  47.957  22.249  15.480 0.0000000000
84273  48.639  22.991  16.750 0.0000000000
84285  48.664  22.852  16.059 0.0000000000
85055  49.415  23.356  16.507 0.0000000000
84294  49.709  22.933  15.105 0.0000000000
81731  49.416  19.785  12.865 0.0000000000
82610  50.240  20.896  12.238 0.0000000000
83475  49.990  21.836  12.682 0.0000000000
84315  50.158  22.589  13.498 0.0000000000
84324  50.405  22.593  12.693 0.0000000000
84314  50.755  23.320  13.246 0.0000000000
82623  50.580  20.888  10.639 0.0000000000
83496  50.062  21.915  10.476 0.0000000000
81744  49.590  19.797  10.462 0.0000000000
89614  45.175  31.161  25.891 0.0000000000
90291  46.279  31.445  26.910 0.0000000000
89592  45.845  30.846  27.692 0.0000000000
88938  43.339  29.781  27.887 0.0000000000
89604  43.735  30.122  27.062 0.0000000000
87725  45.843  28.042  29.139 0.0000000000
88910  45.633  29.433  29.386 0.0000000000
88314  46.767  28.852  29.019 0.0000000000
87739  47.161  28.149  28.145 0.0000000000
87745  48.019  27.489  26.732 0.0000000000
87746  46.560  27.460  27.210 0.0000000000
86382  45.787  25.784  25.192 0.0000000000
87071  46.627  26.274  25.534 0.0000000000
85683  46.568  25.029  24.161 0.0000000000
85692  46.939  24.822  23.679 0.0000000000
87044  39.388  26.575  28.628 0.0000000000
87730  39.260  27.535  29.239 0.0000000000
86360  39.827  25.583  28.290 0.0000000000
84953  41.503  23.678  27.982 0.0000000000
85656  41.702  24.237  28.341 0.0000000000
85666  42.007  23.924  28.006 0.0000000000
86357  42.327  24.977  28.394 0.0000000000
84965  42.166  23.844  27.006 0.0000000000
84231  41.198  22.012  23.038 0.0000000000
84230  41.792  22.001  22.782 0.0000000000
84220  43.264  22.718  23.006 0.0000000000
84992  43.081  22.999  23.891 0.0000000000
85687  42.935  23.819  25.315 0.0000000000
84984  43.759  23.548  24.376 0.0000000000
84983  44.419  23.615  24.042 0.0000000000
84234  45.265  22.704  21.098 0.0000000000
85004  45.074  22.957  21.820 0.0000000000
85003  45.829  23.226  21.568 0.0000000000
84996  46.306  23.604  21.951 0.0000000000
85009  46.030  23.020  20.852 0.0000000000
84239  46.187  22.855  20.092 0.0000000000
84251  45.535  22.296  19.604 0.0000000000
82572  44.991  20.751  17.493 0.0000000000
83427  45.314  21.450  17.912 0.0000000000
83446  46.169  21.008  15.756 0.0000000000
80847  44.284  17.799  17.398 0.0000000000
79966  46.191  17.343  15.233 0.0000000000
79073  46.824  17.273  14.822 0.0000000000
88340  36.548  28.399  28.170 0.0000000000
88325  34.961  28.333  28.863 0.0000000000
88324  35.774  28.285  28.994 0.0000000000
87735  35.104  28.069  29.431 0.0000000000
87048  35.384  26.724  28.895 0.0000000000
87717  35.129  27.160  29.492 0.0000000000
90433  46.388  31.444  11.299 0.0000000000
91732  46.208  33.173  12.506 0.0000000000
91733  45.086  33.284  12.224 0.0000000000
90453  44.375  30.942  9.343 0.0000000000
90454  43.410  31.040  9.386 0.0000000000
89769  42.668  30.961  9.492 0.0000000000
89776  43.351  30.545  8.838 0.0000000000
89082  41.998  28.972  10.276 0.0000000000
89092  42.221  28.927  8.983 0.0000000000
88443  41.226  28.713  10.947 0.0000000000
88444  40.734  28.277  10.425 0.0000000000
88436  40.716  28.479  11.711 0.0000000000
89044  41.673  29.152  14.794 0.0000000000
89052  41.526  29.130  13.798 0.0000000000
88421  41.073  28.739  14.490 0.0000000000
87153  39.912  27.017  12.361 0.0000000000
86493  39.808  25.726  12.448 0.0000000000
86485  40.283  25.438  12.933 0.0000000000
91624  47.433  33.604  24.324 0.0000000000
90961  48.995  33.198  25.726 0.0000000000
91604  48.781  33.622  25.342 0.0000000000
91612  49.178  33.801  24.758 0.0000000000
91611  49.684  34.049  24.136 0.0000000000
90981  49.440  32.778  23.953 0.0000000000
88963  48.687  28.870  25.550 0.0000000000
89601  48.681  30.032  25.987 0.0000000000
89613  47.495  29.837  25.084 0.0000000000
90333  46.969  30.871  22.992 0.0000000000
90320  47.652  31.279  23.809 0.0000000000
90332  47.756  31.523  22.607 0.0000000000
90359  47.434  31.298  20.471 0.0000000000
89006  44.456  29.435  20.507 0.0000000000
89668  44.890  29.958  19.861 0.0000000000
89009  44.147  29.589  19.588 0.0000000000
89672  44.782  30.109  19.060 0.0000000000
85720  49.196  24.188  19.104 0.0000000000
85711  49.905  25.035  20.291 0.0000000000
86422  49.577  26.191  18.687 0.0000000000
86413  49.797  26.382  19.476 0.0000000000
87115  48.515  26.345  20.029 0.0000000000
87107  46.675  26.283  20.802 0.0000000000
86407  47.389  26.185  20.055 0.0000000000
85765  48.228  25.053  15.509 0.0000000000
86453  48.363  25.450  17.110 0.0000000000
85733  47.395  25.339  17.009 0.0000000000
86426  44.759  25.578  18.455 0.0000000000
86425  45.800  25.510  18.450 0.0000000000
86418  44.034  25.897  19.411 0.0000000000
86410  44.507  26.000  20.074 0.0000000000
87771  43.316  27.429  20.590 0.0000000000
87111  43.174  26.856  20.031 0.0000000000
87118  42.152  26.860  18.853 0.0000000000
87775  41.972  27.451  18.694 0.0000000000
88388  41.887  27.980  18.413 0.0000000000
88391  41.701  28.096  17.777 0.0000000000
87777  41.659  27.386  17.968 0.0000000000
85818  42.777  23.813  12.169 0.0000000000
86475  41.976  25.305  14.357 0.0000000000
85819  41.937  23.775  12.453 0.0000000000
85090  41.690  23.409  12.575 0.0000000000
83466  45.105  20.754  12.827 0.0000000000
82603  44.915  20.208  13.158 0.0000000000
88445  38.970  29.030  10.789 0.0000000000
89103  40.081  29.683  8.711 0.0000000000
89779  40.664  29.893  8.126 0.0000000000
88953  39.991  28.800  26.823 0.0000000000
88319  40.340  28.373  29.254 0.0000000000
89685  45.576  30.446  17.444 0.0000000000
89695  45.727  30.483  16.339 0.0000000000
89687  44.049  29.936  16.546 0.0000000000
86390  48.234  25.707  24.489 0.0000000000
87076  49.461  26.294  24.250 0.0000000000
86401  49.184  25.317  23.231 0.0000000000
86400  49.600  25.628  23.048 0.0000000000
86403  50.240  25.737  22.073 0.0000000000
85096  50.169  24.107  11.492 0.0000000000
85812  49.888  24.452  12.527 0.0000000000
85097  49.340  24.306  10.869 0.0000000000
85827  48.359  24.600  10.987 0.0000000000
85828  47.082  24.329  10.716 0.0000000000
85834  47.768  24.292  10.407 0.0000000000
85111  47.287  23.892  10.256 0.0000000000
83499  46.740  22.345  10.601 0.0000000000
87059  36.064  26.356  28.320 0.0000000000
87058  36.990  26.408  28.186 0.0000000000
85670  36.797  24.629  27.611 0.0000000000
90379  49.185  31.633  17.447 0.0000000000
90367  49.285  31.987  18.576 0.0000000000
84287  47.097  22.170  16.581 0.0000000000
84297  47.318  22.052  15.851 0.0000000000
83454  47.551  21.406  14.640 0.0000000000
83453  48.343  21.862  14.484 0.0000000000
81730  50.228  19.898  12.373 0.0000000000
80880  51.191  19.235  11.912 0.0000000000
82609  50.694  20.969  11.535 0.0000000000
83485  50.616  21.923  11.425 0.0000000000
89603  44.613  30.544  26.753 0.0000000000
88913  43.693  28.797  29.590 0.0000000000
88912  44.280  29.036  29.531 0.0000000000
88297  44.193  28.394  29.646 0.0000000000
87711  44.877  27.936  29.514 0.0000000000
87740  45.607  27.446  27.930 0.0000000000
87747  45.898  27.385  27.299 0.0000000000
87052  45.294  27.141  27.557 0.0000000000
87072  45.224  26.172  25.900 0.0000000000
86392  45.391  25.194  24.819 0.0000000000
84955  40.026  23.344  28.288 0.0000000000
85657  40.838  24.306  28.397 0.0000000000
84968  40.436  23.019  27.939 0.0000000000
84967  41.028  23.169  27.623 0.0000000000
84203  41.396  22.944  26.487 0.0000000000
83392  42.579  21.394  21.493 0.0000000000
83383  42.406  21.677  21.972 0.0000000000
84237  43.156  21.931  21.784 0.0000000000
84228  43.534  22.407  22.237 0.0000000000
84999  44.096  22.949  22.799 0.0000000000
84242  44.167  21.935  20.982 0.0000000000
84241  44.683  22.129  20.600 0.0000000000
84252  44.985  22.046  20.025 0.0000000000
83408  44.987  21.855  19.660 0.0000000000
83428  44.624  20.747  18.274 0.0000000000
82573  44.540  20.224  17.930 0.0000000000
79959  44.978  16.853  16.846 0.0000000000
79059  46.698  16.880  15.428 0.0000000000
89734  46.079  30.091  12.929 0.0000000000
89745  47.067  30.317  12.089 0.0000000000
89746  45.983  30.185  11.876 0.0000000000
90442  46.409  30.911  11.020 0.0000000000
90443  45.759  31.231  10.475 0.0000000000
91097  45.118  31.917  10.763 0.0000000000
90452  45.180  30.892  9.677 0.0000000000
89775  44.082  30.328  9.113 0.0000000000
89099  44.188  29.837  9.379 0.0000000000
89081  42.698  29.319  10.710 0.0000000000
89071  41.545  28.990  11.636 0.0000000000
88408  40.812  28.045  15.277 0.0000000000
88415  40.685  28.144  14.624 0.0000000000
87797  40.639  27.430  14.733 0.0000000000
87146  40.658  26.561  13.863 0.0000000000
90963  47.460  32.767  25.875 0.0000000000
90972  47.683  33.471  25.175 0.0000000000
90955  48.242  32.846  26.300 0.0000000000
90954  48.662  33.063  26.177 0.0000000000
90297  48.857  31.878  25.633 0.0000000000
88979  46.580  29.268  24.299 0.0000000000
89626  47.098  30.023  24.692 0.0000000000
88989  46.058  29.579  23.772 0.0000000000
89650  46.207  30.429  22.439 0.0000000000
89660  46.107  30.509  21.498 0.0000000000
89661  45.557  29.951  21.774 0.0000000000
89005  44.979  29.550  21.255 0.0000000000
89002  43.806  28.776  20.696 0.0000000000
85041  50.099  24.442  17.879 0.0000000000
86435  50.281  25.907  18.095 0.0000000000
86423  48.285  25.908  18.551 0.0000000000
85766  46.987  24.897  15.339 0.0000000000
85734  46.529  25.228  16.949 0.0000000000
85750  46.003  25.052  16.320 0.0000000000
86440  44.499  25.471  17.579 0.0000000000
86427  43.834  25.676  18.441 0.0000000000
87117  42.749  26.579  19.283 0.0000000000
86428  43.020  25.878  18.415 0.0000000000
87123  42.074  26.253  17.715 0.0000000000
86457  42.604  25.646  16.362 0.0000000000
85770  43.061  24.921  14.836 0.0000000000
85817  43.818  23.967  11.902 0.0000000000
85089  42.386  23.229  11.962 0.0000000000
91631  50.596  34.156  22.330 0.0000000000
88454  38.333  28.261  9.818 0.0000000000
87165  38.917  26.126  10.401 0.0000000000
88951  42.348  29.520  26.961 0.0000000000
88939  42.264  29.356  28.105 0.0000000000
88940  41.556  29.105  28.322 0.0000000000
88316  42.901  28.858  29.435 0.0000000000
88298  43.143  28.425  29.530 0.0000000000
87713  42.765  27.232  29.279 0.0000000000
87055  43.116  25.798  28.001 0.0000000000
84224  40.008  21.821  24.255 0.0000000000
83377  40.400  21.396  23.124 0.0000000000
83385  40.982  21.324  22.498 0.0000000000
83393  41.704  21.063  21.765 0.0000000000
82535  42.025  20.795  21.368 0.0000000000
82543  42.368  20.312  20.932 0.0000000000
82542  43.159  20.686  20.489 0.0000000000
82555  43.543  20.284  19.803 0.0000000000
82566  43.819  19.935  19.110 0.0000000000
89708  45.924  30.398  15.170 0.0000000000
89720  46.031  30.132  14.045 0.0000000000
89721  45.045  30.117  13.878 0.0000000000
89722  44.162  29.879  13.722 0.0000000000
89059  43.393  29.656  13.446 0.0000000000
88332  49.663  28.515  27.613 0.0000000000
88947  50.087  29.492  26.734 0.0000000000
88349  49.736  28.478  26.578 0.0000000000
88361  49.058  28.314  25.610 0.0000000000
88362  48.519  28.602  25.237 0.0000000000
87752  49.687  26.791  24.441 0.0000000000
87754  48.668  27.794  24.435 0.0000000000
88369  47.980  28.433  24.736 0.0000000000
88370  47.009  28.415  24.187 0.0000000000
87761  46.220  27.698  23.417 0.0000000000
87764  45.683  27.476  22.905 0.0000000000
85778  50.709  24.510  14.935 0.0000000000
85763  50.494  25.150  15.783 0.0000000000
85796  48.982  24.723  13.436 0.0000000000
85781  47.993  24.859  14.385 0.0000000000
85768  44.859  24.954  15.084 0.0000000000
85816  45.035  24.097  11.474 0.0000000000
85829  45.892  24.117  10.918 0.0000000000
85086  44.859  24.020  10.927 0.0000000000
85101  44.456  23.220  10.686 0.0000000000
83489  44.559  22.404  11.143 0.0000000000
83477  45.423  21.240  12.218 0.0000000000
83487  46.378  21.628  11.243 0.0000000000
83476  46.095  20.895  11.932 0.0000000000
82612  45.899  20.207  12.255 0.0000000000
88339  37.468  28.350  28.425 0.0000000000
88321  38.201  27.988  29.276 0.0000000000
87045  38.518  26.954  28.751 0.0000000000
86369  39.054  25.570  28.104 0.0000000000
86371  37.346  25.538  27.713 0.0000000000
85668  38.764  24.495  28.062 0.0000000000
85659  39.068  23.973  28.288 0.0000000000
84195  39.651  22.368  27.685 0.0000000000
84212  39.581  21.985  25.714 0.0000000000
90390  47.948  31.136  16.329 0.0000000000
90381  47.217  31.024  17.074 0.0000000000
85007  47.704  23.676  20.368 0.0000000000
85708  48.740  24.294  20.790 0.0000000000
85006  48.426  23.879  19.935 0.0000000000
85015  48.596  23.781  19.265 0.0000000000
85029  48.997  23.831  18.547 0.0000000000
84274  47.960  22.746  17.276 0.0000000000
85028  49.613  24.191  18.211 0.0000000000
85054  50.485  24.200  16.883 0.0000000000
85061  50.583  24.195  16.129 0.0000000000
81722  48.702  19.721  13.248 0.0000000000
82602  48.239  20.470  13.590 0.0000000000
83464  48.575  21.495  13.899 0.0000000000
82611  49.726  20.449  12.685 0.0000000000
83463  49.466  21.665  13.308 0.0000000000
84305  50.100  22.883  14.536 0.0000000000
85069  50.671  23.777  15.112 0.0000000000
85077  51.093  23.936  14.073 0.0000000000
85084  51.053  23.930  12.939 0.0000000000
85095  50.777  23.640  11.863 0.0000000000
84334  50.683  22.826  11.306 0.0000000000
85108  50.507  23.485  11.116 0.0000000000
84344  50.310  22.836  10.671 0.0000000000
90299  46.482  32.392  25.401 0.0000000000
90290  47.147  32.167  26.518 0.0000000000
89590  48.170  31.378  28.017 0.0000000000
89581  48.967  30.791  28.317 0.0000000000
89616  43.468  30.244  25.769 0.0000000000
88928  44.371  29.632  28.775 0.0000000000
89585  45.012  29.923  28.670 0.0000000000
89584  45.619  30.221  28.684 0.0000000000
89583  46.706  30.467  28.667 0.0000000000
88313  48.087  29.208  28.623 0.0000000000
88312  49.225  29.215  28.295 0.0000000000
87738  48.762  28.135  27.513 0.0000000000
87750  48.352  27.253  26.183 0.0000000000
87070  48.049  26.871  25.894 0.0000000000
87064  47.115  27.036  26.413 0.0000000000
87078  47.657  26.076  25.143 0.0000000000
86397  47.702  25.260  23.956 0.0000000000
85698  47.891  24.548  22.726 0.0000000000
85704  47.589  24.067  21.650 0.0000000000
88320  39.241  28.073  29.343 0.0000000000
87716  39.847  27.699  29.502 0.0000000000
87715  40.576  27.469  29.435 0.0000000000
86359  40.739  25.340  28.460 0.0000000000
87031  41.267  26.878  29.219 0.0000000000
87030  42.105  26.748  29.181 0.0000000000
87041  42.786  26.174  28.669 0.0000000000
86368  42.825  25.283  27.552 0.0000000000
84217  40.495  22.278  24.776 0.0000000000
84216  41.295  22.632  24.446 0.0000000000
84986  41.968  23.067  25.109 0.0000000000
84221  42.410  22.538  23.266 0.0000000000
84993  42.173  22.904  24.149 0.0000000000
84980  42.491  23.567  25.580 0.0000000000
85680  42.917  24.411  25.811 0.0000000000
86384  43.388  25.097  25.904 0.0000000000
85679  43.836  24.729  25.329 0.0000000000
85685  44.640  24.437  24.654 0.0000000000
85693  45.654  24.004  23.596 0.0000000000
84998  44.872  23.182  22.558 0.0000000000
84989  45.353  23.567  22.960 0.0000000000
85705  46.778  23.811  21.883 0.0000000000
85001  47.311  23.718  20.974 0.0000000000
85017  46.985  23.217  19.827 0.0000000000
84265  45.825  22.230  18.716 0.0000000000
84276  46.114  22.202  18.020 0.0000000000
83436  46.253  21.787  16.972 0.0000000000
82585  46.497  20.650  14.859 0.0000000000
81716  46.635  19.402  14.360 0.0000000000
81685  44.141  19.275  18.205 0.0000000000
81694  44.271  19.087  17.771 0.0000000000
81702  44.461  18.909  17.425 0.0000000000
79967  45.413  17.995  16.045 0.0000000000
80853  45.498  18.516  15.762 0.0000000000
81701  45.440  19.621  15.996 0.0000000000
81708  46.077  19.424  14.796 0.0000000000
80862  46.453  18.582  14.476 0.0000000000
88354  37.353  28.511  27.259 0.0000000000
87733  36.557  27.620  29.295 0.0000000000
88341  35.620  28.421  27.994 0.0000000000
87718  34.626  27.477  29.556 0.0000000000
87049  34.240  26.363  28.991 0.0000000000
86362  34.533  25.657  28.343 0.0000000000
91734  44.071  33.426  11.998 0.0000000000
91098  44.303  32.113  10.694 0.0000000000
91089  43.687  32.673  11.452 0.0000000000
89770  41.543  30.610  9.284 0.0000000000
89778  41.312  30.287  8.159 0.0000000000
89785  41.699  30.058  7.479 0.0000000000
89101  42.908  29.583  8.284 0.0000000000
89102  42.130  28.930  7.917 0.0000000000
88466  41.379  28.663  8.013 0.0000000000
87830  40.295  27.544  9.790 0.0000000000
87823  39.876  26.965  10.580 0.0000000000
87159  39.694  26.475  11.479 0.0000000000
89060  42.549  29.455  13.096 0.0000000000
89061  41.665  29.219  12.722 0.0000000000
88422  40.667  28.383  13.750 0.0000000000
88428  40.510  28.333  12.730 0.0000000000
87811  40.130  27.731  12.464 0.0000000000
86486  39.547  25.216  12.526 0.0000000000
92249  49.853  34.926  22.834 0.0000000000
92241  50.209  34.436  23.277 0.0000000000
90990  50.175  33.134  22.406 0.0000000000
89600  49.158  30.614  26.519 0.0000000000
89611  48.676  31.045  25.850 0.0000000000
89625  47.360  30.668  24.441 0.0000000000
90309  48.197  31.254  24.927 0.0000000000
90308  48.757  32.041  24.475 0.0000000000
90991  49.373  32.765  22.861 0.0000000000
90346  48.807  32.087  21.352 0.0000000000
90358  48.630  31.805  20.578 0.0000000000
89670  46.401  30.867  19.918 0.0000000000
89013  44.032  29.728  18.728 0.0000000000
86405  50.376  25.789  21.031 0.0000000000
87104  50.153  26.426  20.817 0.0000000000
87097  49.602  26.793  21.584 0.0000000000
87098  48.421  26.671  21.561 0.0000000000
87100  45.940  26.553  21.628 0.0000000000
87101  44.935  26.700  21.683 0.0000000000
85747  49.862  25.616  16.723 0.0000000000
86438  46.665  25.418  17.631 0.0000000000
86424  46.964  25.629  18.464 0.0000000000
86416  46.060  25.693  19.323 0.0000000000
86409  45.307  25.890  20.131 0.0000000000
87109  44.660  26.315  20.806 0.0000000000
87768  44.428  27.419  21.788 0.0000000000
88381  43.679  28.167  21.063 0.0000000000
88383  43.178  28.246  20.322 0.0000000000
88386  42.996  28.583  19.698 0.0000000000
88384  42.716  28.022  19.708 0.0000000000
89011  42.740  28.954  18.577 0.0000000000
87779  41.517  27.445  17.098 0.0000000000
87131  41.413  26.651  16.143 0.0000000000
81737  47.676  19.453  11.066 0.0000000000
79958  45.763  16.819  16.073 0.0000000000
79965  46.523  17.403  14.917 0.0000000000
79975  46.340  17.894  14.717 0.0000000000
81709  45.303  19.053  15.993 0.0000000000
81717  46.237  19.382  14.623 0.0000000000
81718  44.413  19.486  13.773 0.0000000000
81725  44.674  19.400  13.497 0.0000000000
82580  44.580  19.995  17.675 0.0000000000
82594  46.422  20.033  14.631 0.0000000000
82600  49.682  21.094  12.797 0.0000000000
83346  38.629  21.651  27.419 0.0000000000
83426  46.067  22.005  17.574 0.0000000000
83444  47.305  21.792  15.369 0.0000000000
84181  38.683  22.341  28.234 0.0000000000
84227  44.313  22.663  22.045 0.0000000000
84295  48.981  22.749  15.398 0.0000000000
84307  48.337  22.146  14.895 0.0000000000
84336  44.779  22.602  10.780 0.0000000000
84349  45.058  22.850  10.395 0.0000000000
84350  44.631  22.898  10.550 0.0000000000
84966  41.760  23.585  27.467 0.0000000000
84969  38.744  23.789  28.234 0.0000000000
84975  42.290  23.791  26.331 0.0000000000
84977  41.344  23.112  27.062 0.0000000000
84981  41.900  23.163  26.012 0.0000000000
84990  44.744  23.459  23.372 0.0000000000
85008  46.791  23.367  20.568 0.0000000000
85016  47.800  23.440  19.552 0.0000000000
85053  50.665  24.298  16.521 0.0000000000
85063  49.247  23.138  15.932 0.0000000000
85070  50.178  23.278  15.146 0.0000000000
85100  45.253  23.907  10.600 0.0000000000
85655  42.286  24.461  28.067 0.0000000000
85658  39.723  24.388  28.299 0.0000000000
85665  42.289  24.218  27.536 0.0000000000
85678  44.291  24.885  25.152 0.0000000000
85691  48.199  25.012  23.380 0.0000000000
85697  48.975  25.078  22.959 0.0000000000
85700  45.805  23.778  22.870 0.0000000000
85702  49.609  25.206  22.381 0.0000000000
85732  47.874  25.405  17.051 0.0000000000
85745  50.744  24.501  16.443 0.0000000000
85748  48.365  25.303  16.689 0.0000000000
85835  47.405  24.218  10.385 0.0000000000
86367  43.250  25.760  27.235 0.0000000000
86370  38.258  25.469  27.850 0.0000000000
86372  36.397  25.624  27.760 0.0000000000
86377  44.088  25.851  26.211 0.0000000000
86378  43.548  25.739  26.609 0.0000000000
86379  42.970  25.014  26.424 0.0000000000
86381  46.392  25.848  25.088 0.0000000000
86385  43.051  24.859  26.030 0.0000000000
86388  49.399  26.030  24.154 0.0000000000
86389  49.125  25.929  24.279 0.0000000000
86391  46.789  25.492  24.599 0.0000000000
86393  44.801  25.057  24.958 0.0000000000
86395  49.443  25.933  23.869 0.0000000000
86396  48.856  25.362  23.656 0.0000000000
86398  47.137  25.195  24.049 0.0000000000
86406  47.928  26.276  20.035 0.0000000000
86408  46.318  25.974  20.110 0.0000000000
86414  48.445  26.246  19.615 0.0000000000
86452  48.833  25.482  17.178 0.0000000000
86454  45.065  25.305  16.821 0.0000000000
87032  35.106  26.925  29.369 0.0000000000
87033  34.720  26.886  29.379 0.0000000000
87039  44.407  26.997  28.433 0.0000000000
87042  41.538  26.128  28.849 0.0000000000
87053  44.674  26.963  27.842 0.0000000000
87056  38.626  26.232  28.230 0.0000000000
87073  44.651  25.989  25.973 0.0000000000
87092  46.285  26.862  22.379 0.0000000000
87093  45.481  26.951  22.246 0.0000000000
87096  50.206  26.405  21.754 0.0000000000
87099  47.097  26.515  21.602 0.0000000000
87102  44.246  26.823  21.273 0.0000000000
87106  48.070  26.382  20.484 0.0000000000
87113  49.898  26.471  20.139 0.0000000000
87114  49.064  26.403  20.053 0.0000000000
87116  43.392  26.379  19.677 0.0000000000
87180  38.323  26.859  9.063 0.0000000000
87710  45.294  28.147  29.479 0.0000000000
87728  43.050  26.773  29.025 0.0000000000
87729  39.896  27.214  29.211 0.0000000000
87737  49.349  28.161  27.398 0.0000000000
87755  47.841  27.951  24.156 0.0000000000
87757  49.884  27.144  24.081 0.0000000000
87758  49.385  27.432  23.944 0.0000000000
87760  47.206  27.595  23.541 0.0000000000
87763  46.492  27.251  23.012 0.0000000000
87765  44.999  27.459  22.344 0.0000000000
87769  43.841  27.394  21.233 0.0000000000
87774  42.407  27.440  19.314 0.0000000000
87816  40.337  27.978  11.624 0.0000000000
87817  40.115  27.502  11.726 0.0000000000
87846  40.119  28.087  8.103 0.0000000000
87847  39.823  27.910  8.281 0.0000000000
88295  45.830  29.082  29.526 0.0000000000
88301  40.054  27.991  29.594 0.0000000000
88302  39.593  27.887  29.531 0.0000000000
88311  49.966  29.207  27.911 0.0000000000
88315  45.926  28.609  29.439 0.0000000000
88317  42.458  28.783  29.310 0.0000000000
88331  50.243  28.985  27.654 0.0000000000
88334  47.665  28.703  28.540 0.0000000000
88348  50.318  28.910  27.244 0.0000000000
88351  40.330  28.781  27.866 0.0000000000
88368  48.828  28.159  24.937 0.0000000000
88371  46.263  28.595  23.957 0.0000000000
88373  46.412  28.107  23.769 0.0000000000
88374  45.802  28.273  23.540 0.0000000000
88429  40.284  28.066  12.153 0.0000000000
88435  41.135  28.760  11.501 0.0000000000
88437  40.311  28.045  11.864 0.0000000000
88451  41.389  28.645  9.769 0.0000000000
88452  40.822  28.197  9.250 0.0000000000
88453  38.958  28.870  10.178 0.0000000000
88459  40.964  28.386  8.537 0.0000000000
88460  39.056  28.451  9.019 0.0000000000
88467  40.624  28.533  8.056 0.0000000000
88911  45.113  29.245  29.395 0.0000000000
88924  48.657  29.979  28.646 0.0000000000
88925  47.427  29.828  28.867 0.0000000000
88927  45.340  29.706  29.103 0.0000000000
88931  41.560  29.015  28.786 0.0000000000
88936  50.174  29.564  27.498 0.0000000000
88937  44.071  29.911  28.118 0.0000000000
88949  48.400  29.762  25.727 0.0000000000
88950  43.039  29.856  26.828 0.0000000000
88965  47.226  29.618  24.810 0.0000000000
88966  43.213  29.988  26.372 0.0000000000
88978  47.285  28.866  24.655 0.0000000000
88997  44.680  28.632  21.972 0.0000000000
89062  41.047  28.840  12.380 0.0000000000
89068  44.310  29.816  11.712 0.0000000000
89089  44.318  29.756  10.160 0.0000000000
89090  43.600  29.554  9.862 0.0000000000
89100  43.641  29.758  8.953 0.0000000000
89109  42.248  29.675  7.583 0.0000000000
89110  41.402  29.262  7.618 0.0000000000
89111  40.433  29.281  7.977 0.0000000000
89112  39.965  28.963  8.134 0.0000000000
89580  49.448  30.674  27.932 0.0000000000
89582  47.915  30.651  28.585 0.0000000000
89593  44.645  30.180  27.976 0.0000000000
89599  49.998  30.031  27.059 0.0000000000
89612  48.088  30.381  25.453 0.0000000000
89615  44.622  30.901  25.598 0.0000000000
89637  47.055  30.755  23.906 0.0000000000
89639  45.875  29.663  23.467 0.0000000000
89758  45.042  29.993  10.476 0.0000000000
89768  43.165  30.897  9.126 0.0000000000
89786  41.029  29.795  7.729 0.0000000000
89787  40.713  29.682  7.852 0.0000000000
90283  47.269  31.567  27.423 0.0000000000
90284  46.627  31.239  27.546 0.0000000000
90289  48.215  32.465  26.779 0.0000000000
90301  44.822  31.247  25.125 0.0000000000
90310  46.344  32.483  24.828 0.0000000000
90321  46.996  30.776  23.609 0.0000000000
90331  48.617  32.174  22.222 0.0000000000
90391  47.263  30.859  16.203 0.0000000000
90401  47.706  30.852  15.725 0.0000000000
90461  43.550  30.775  9.047 0.0000000000
90956  47.800  32.611  26.395 0.0000000000
90962  48.109  33.302  25.657 0.0000000000
90970  49.700  33.569  24.198 0.0000000000
90989  50.632  33.599  21.987 0.0000000000
91004  49.533  32.598  21.687 0.0000000000
91018  50.510  33.560  20.500 0.0000000000
91019  50.396  33.098  20.621 0.0000000000
91020  49.947  32.665  20.761 0.0000000000
91032  50.069  32.822  20.215 0.0000000000
91613  48.228  33.705  25.054 0.0000000000
91614  47.543  33.526  24.907 0.0000000000
91621  50.092  34.164  23.557 0.0000000000
91632  50.385  33.830  22.792 0.0000000000
91642  50.806  34.081  21.686 0.0000000000
92242  50.054  34.618  23.325 0.0000000000
92247  50.478  34.378  22.434 0.0000000000
92248  50.318  34.476  22.803 0.0000000000
92256  50.552  34.434  22.167 0.0000000000
