#!ascii label  , from subject sub-02 vox2ras=TkReg
1010
53207  34.030  -8.221  47.324 0.0000000000
69353  40.522  6.438  30.921 0.0000000000
58690  35.750  -3.297  38.923 0.0000000000
47803  14.324  -13.459  58.256 0.0000000000
57481  27.217  -4.475  50.867 0.0000000000
63916  35.314  1.594  36.471 0.0000000000
53096  19.816  -6.893  54.271 0.0000000000
48859  17.490  -12.729  55.125 0.0000000000
55397  21.936  -6.497  49.921 0.0000000000
68252  44.481  5.377  30.497 0.0000000000
57537  34.204  -4.834  47.971 0.0000000000
57588  34.111  -4.407  44.909 0.0000000000
54332  37.656  -7.518  47.415 0.0000000000
73025  43.598  9.894  28.429 0.0000000000
69406  46.555  6.274  26.939 0.0000000000
70240  38.475  7.370  33.750 0.0000000000
64988  41.698  2.858  33.801 0.0000000000
63946  37.707  1.661  34.583 0.0000000000
59741  39.660  -2.565  37.404 0.0000000000
51012  31.255  -10.521  49.173 0.0000000000
43693  14.771  -18.048  61.540 0.0000000000
41853  10.184  -19.581  63.188 0.0000000000
41832  6.967  -19.811  66.381 0.0000000000
54305  29.935  -7.366  49.189 0.0000000000
54343  26.391  -7.606  47.803 0.0000000000
59680  30.955  -2.111  41.936 0.0000000000
59638  36.357  -2.891  43.792 0.0000000000
72107  49.701  9.893  26.489 0.0000000000
68254  42.552  5.574  30.224 0.0000000000
67023  42.901  4.591  32.396 0.0000000000
54335  34.550  -7.228  47.555 0.0000000000
55419  35.127  -6.550  46.645 0.0000000000
53196  35.731  -8.742  47.900 0.0000000000
72072  40.966  9.208  31.163 0.0000000000
73016  43.337  10.413  30.546 0.0000000000
71172  41.505  8.281  29.644 0.0000000000
69386  43.468  6.737  28.406 0.0000000000
38012  8.762  -23.042  67.389 0.0000000000
67009  37.743  4.766  33.790 0.0000000000
66979  36.913  4.138  35.291 0.0000000000
60776  34.852  -1.088  37.083 0.0000000000
60784  36.842  -1.074  36.160 0.0000000000
58697  37.763  -3.213  37.900 0.0000000000
58651  38.141  -3.705  40.072 0.0000000000
47815  15.656  -13.129  56.794 0.0000000000
46771  17.979  -14.845  57.205 0.0000000000
45677  15.974  -15.636  58.164 0.0000000000
44681  16.378  -17.036  60.347 0.0000000000
44699  14.191  -16.270  59.559 0.0000000000
43686  10.242  -17.601  62.002 0.0000000000
41855  8.524  -19.634  63.982 0.0000000000
56441  28.283  -5.725  49.976 0.0000000000
54341  28.576  -7.818  47.887 0.0000000000
56453  26.389  -5.362  48.353 0.0000000000
52084  21.421  -9.387  50.622 0.0000000000
53174  23.886  -8.894  50.325 0.0000000000
58570  36.460  -4.001  45.507 0.0000000000
59625  34.056  -3.084  44.078 0.0000000000
65945  36.387  3.436  36.436 0.0000000000
63905  34.512  1.336  38.012 0.0000000000
60747  33.647  -1.325  38.450 0.0000000000
50961  19.997  -10.241  52.843 0.0000000000
48881  19.720  -12.439  53.946 0.0000000000
50929  18.334  -10.158  54.253 0.0000000000
50904  16.262  -10.398  55.949 0.0000000000
49827  14.396  -10.971  58.040 0.0000000000
57498  24.367  -4.051  50.099 0.0000000000
57455  22.775  -3.886  52.824 0.0000000000
55362  20.954  -6.230  52.255 0.0000000000
58531  32.447  -3.642  48.446 0.0000000000
57556  30.778  -4.102  46.111 0.0000000000
57553  33.469  -4.824  46.945 0.0000000000
56493  36.137  -5.407  45.378 0.0000000000
73040  46.636  10.224  27.103 0.0000000000
72101  44.735  9.305  27.360 0.0000000000
69384  45.210  5.992  28.260 0.0000000000
70253  39.138  7.509  32.174 0.0000000000
67025  40.995  4.449  32.235 0.0000000000
67027  39.337  4.868  32.681 0.0000000000
64977  40.221  2.215  34.037 0.0000000000
62888  41.012  0.332  35.402 0.0000000000
63947  36.788  1.494  34.979 0.0000000000
61841  38.537  -0.475  35.558 0.0000000000
52108  32.728  -9.641  47.874 0.0000000000
51008  34.794  -9.979  49.087 0.0000000000
71131  40.439  8.888  33.441 0.0000000000
45656  12.407  -14.971  59.979 0.0000000000
43705  11.941  -16.822  60.710 0.0000000000
42770  12.400  -18.821  62.384 0.0000000000
41844  12.276  -19.816  64.140 0.0000000000
40961  10.948  -20.681  64.450 0.0000000000
40017  8.528  -21.835  65.431 0.0000000000
39036  6.892  -22.390  66.683 0.0000000000
39978  5.081  -21.906  67.840 0.0000000000
54338  31.439  -8.075  47.941 0.0000000000
53211  30.371  -8.747  47.724 0.0000000000
52111  29.161  -9.905  48.341 0.0000000000
55410  24.376  -6.353  48.313 0.0000000000
59694  33.091  -3.002  40.173 0.0000000000
58585  31.817  -3.644  44.020 0.0000000000
58615  33.044  -3.466  42.252 0.0000000000
58632  35.900  -3.700  41.248 0.0000000000
52091  36.946  -9.057  49.772 0.0000000000
70324  51.252  7.312  24.807 0.0000000000
71204  48.260  7.929  26.119 0.0000000000
68315  50.165  5.587  25.576 0.0000000000
69363  41.565  6.231  30.057 0.0000000000
68242  42.405  5.171  31.038 0.0000000000
68243  41.374  5.533  30.911 0.0000000000
53206  35.100  -8.275  47.446 0.0000000000
71160  40.459  7.859  30.708 0.0000000000
72082  41.357  9.148  30.315 0.0000000000
70273  41.284  7.361  29.807 0.0000000000
69377  41.723  6.770  29.517 0.0000000000
38000  7.820  -23.450  67.749 0.0000000000
68185  37.423  5.343  35.577 0.0000000000
68177  37.217  4.937  35.949 0.0000000000
59745  35.518  -2.397  37.747 0.0000000000
60758  35.945  -1.904  37.069 0.0000000000
59729  36.475  -3.095  38.108 0.0000000000
58673  37.442  -3.676  39.316 0.0000000000
58674  36.478  -3.576  39.480 0.0000000000
47816  15.102  -13.586  57.586 0.0000000000
46773  16.054  -14.358  57.105 0.0000000000
45703  15.268  -14.744  58.002 0.0000000000
44711  15.151  -15.878  59.006 0.0000000000
45679  13.974  -14.883  58.947 0.0000000000
56430  27.789  -5.128  50.461 0.0000000000
56452  27.277  -5.538  48.678 0.0000000000
57511  26.740  -4.664  49.462 0.0000000000
49951  21.843  -10.784  51.620 0.0000000000
60649  29.631  -1.648  47.037 0.0000000000
58558  36.541  -3.276  45.902 0.0000000000
62868  33.631  0.133  38.117 0.0000000000
62844  33.240  0.016  39.530 0.0000000000
53136  19.438  -8.257  53.554 0.0000000000
50944  19.056  -10.238  53.481 0.0000000000
52031  18.747  -9.076  54.222 0.0000000000
51997  17.200  -8.505  56.366 0.0000000000
51999  16.092  -9.146  56.993 0.0000000000
50891  15.200  -10.507  56.939 0.0000000000
58480  23.498  -3.372  52.187 0.0000000000
54218  20.531  -5.952  54.674 0.0000000000
55336  20.872  -5.549  54.077 0.0000000000
53134  20.139  -7.302  53.220 0.0000000000
53150  20.320  -8.645  52.132 0.0000000000
57539  32.761  -4.283  47.568 0.0000000000
56464  34.112  -4.931  47.336 0.0000000000
54354  36.526  -7.169  46.238 0.0000000000
55437  35.696  -6.456  45.856 0.0000000000
54366  37.145  -6.862  46.042 0.0000000000
56479  37.657  -5.562  45.919 0.0000000000
55403  38.681  -6.927  47.848 0.0000000000
73020  43.196  10.184  29.414 0.0000000000
73030  45.444  10.481  27.596 0.0000000000
73031  44.286  9.942  27.884 0.0000000000
69375  43.836  6.001  29.057 0.0000000000
69396  44.341  6.856  27.922 0.0000000000
68283  45.027  5.635  29.009 0.0000000000
70254  38.532  7.052  32.789 0.0000000000
69342  39.097  6.453  32.167 0.0000000000
69343  38.437  6.243  32.772 0.0000000000
65974  37.616  3.521  34.317 0.0000000000
64991  38.812  3.135  33.695 0.0000000000
64978  39.206  2.308  33.988 0.0000000000
63944  39.765  1.539  34.370 0.0000000000
62903  39.340  0.837  34.747 0.0000000000
64948  35.710  2.378  36.709 0.0000000000
65960  36.172  2.742  35.901 0.0000000000
63933  35.684  1.251  35.829 0.0000000000
60772  38.008  -1.698  36.353 0.0000000000
61842  37.631  -0.461  35.593 0.0000000000
60771  39.281  -1.620  36.391 0.0000000000
61829  40.179  -0.996  36.155 0.0000000000
51025  32.496  -10.136  48.365 0.0000000000
51010  33.179  -10.389  49.085 0.0000000000
70228  39.419  8.002  34.250 0.0000000000
71132  39.722  8.488  33.266 0.0000000000
71140  39.561  8.252  32.317 0.0000000000
48869  19.207  -12.678  54.475 0.0000000000
47832  19.066  -13.220  55.053 0.0000000000
43701  15.540  -17.546  60.854 0.0000000000
43691  16.672  -17.599  61.731 0.0000000000
43684  15.984  -17.989  62.371 0.0000000000
42768  14.438  -18.581  62.570 0.0000000000
46732  11.348  -14.979  60.824 0.0000000000
45633  11.947  -15.437  60.441 0.0000000000
44687  10.917  -15.822  60.929 0.0000000000
42772  10.537  -18.399  62.228 0.0000000000
42779  11.231  -18.062  61.676 0.0000000000
41860  11.197  -19.121  62.617 0.0000000000
41851  11.964  -19.416  63.157 0.0000000000
41845  11.455  -20.095  63.864 0.0000000000
41837  11.827  -20.410  64.755 0.0000000000
40968  10.657  -20.234  63.721 0.0000000000
41847  7.706  -20.261  64.911 0.0000000000
40971  8.230  -20.480  64.549 0.0000000000
40964  7.536  -20.715  65.180 0.0000000000
39048  7.942  -22.200  65.825 0.0000000000
40957  6.944  -20.959  65.975 0.0000000000
54304  30.874  -7.500  49.343 0.0000000000
54320  31.614  -7.734  48.535 0.0000000000
54321  30.659  -7.731  48.502 0.0000000000
53210  31.303  -8.655  47.680 0.0000000000
54339  30.503  -8.150  47.958 0.0000000000
54342  27.592  -7.762  47.739 0.0000000000
53213  28.378  -8.590  47.888 0.0000000000
52128  28.294  -9.316  48.233 0.0000000000
57515  23.222  -4.805  49.900 0.0000000000
57514  23.870  -4.830  49.299 0.0000000000
55395  23.236  -6.288  49.092 0.0000000000
53186  24.497  -8.276  49.691 0.0000000000
67005  40.650  4.047  32.815 0.0000000000
67003  42.625  4.243  33.000 0.0000000000
64987  42.651  3.006  34.085 0.0000000000
60706  31.270  -1.697  41.398 0.0000000000
60720  32.039  -1.625  40.322 0.0000000000
59678  32.170  -2.856  41.262 0.0000000000
57573  32.385  -4.479  45.585 0.0000000000
58573  30.663  -3.840  44.845 0.0000000000
57590  32.165  -4.043  44.724 0.0000000000
59639  35.393  -2.948  43.740 0.0000000000
59641  33.746  -3.239  43.476 0.0000000000
59658  35.041  -3.244  42.959 0.0000000000
58634  34.052  -3.610  41.343 0.0000000000
58612  35.504  -3.593  42.162 0.0000000000
58610  37.461  -3.541  41.960 0.0000000000
52092  36.281  -9.298  49.302 0.0000000000
71201  50.529  8.280  25.409 0.0000000000
71197  46.686  8.261  26.475 0.0000000000
72110  47.205  9.215  26.613 0.0000000000
70314  47.097  7.252  26.378 0.0000000000
68304  49.181  5.569  26.159 0.0000000000
67068  50.471  4.712  26.662 0.0000000000
54203  20.016  -6.433  55.907 0.0000000000
53078  19.348  -7.123  55.590 0.0000000000
68253  43.569  5.329  30.496 0.0000000000
68240  44.366  5.356  31.382 0.0000000000
68241  43.366  5.120  31.204 0.0000000000
55420  34.817  -6.400  47.511 0.0000000000
56463  34.673  -5.617  47.506 0.0000000000
54334  35.712  -7.491  46.807 0.0000000000
53204  36.937  -8.195  47.622 0.0000000000
73008  43.650  10.106  32.249 0.0000000000
72081  41.867  9.732  30.601 0.0000000000
73017  42.627  9.934  30.132 0.0000000000
72096  42.789  9.273  28.801 0.0000000000
71180  43.074  8.408  28.264 0.0000000000
70284  42.354  7.457  28.868 0.0000000000
69376  42.554  6.304  29.315 0.0000000000
39990  10.061  -22.311  67.190 0.0000000000
69315  38.062  6.776  34.304 0.0000000000
69326  38.084  6.447  33.481 0.0000000000
69316  37.670  6.138  34.603 0.0000000000
66987  37.416  4.490  34.393 0.0000000000
64980  37.111  2.634  34.777 0.0000000000
61832  34.655  -0.382  36.852 0.0000000000
61844  35.854  0.219  35.911 0.0000000000
60774  36.292  -1.182  36.405 0.0000000000
59754  36.718  -1.962  36.858 0.0000000000
58696  38.293  -3.060  37.746 0.0000000000
58671  39.398  -3.522  39.068 0.0000000000
58650  39.090  -3.652  39.914 0.0000000000
50993  31.228  -10.741  50.124 0.0000000000
48860  16.896  -13.184  55.643 0.0000000000
47834  17.571  -13.626  55.599 0.0000000000
46787  16.712  -14.431  56.680 0.0000000000
45700  17.197  -15.294  57.599 0.0000000000
45651  17.079  -16.114  58.958 0.0000000000
44682  15.384  -17.030  60.103 0.0000000000
44683  14.411  -16.947  60.026 0.0000000000
45602  10.395  -15.628  61.905 0.0000000000
44651  9.344  -16.936  63.028 0.0000000000
42762  9.178  -18.625  63.290 0.0000000000
41854  9.413  -19.350  63.358 0.0000000000
42752  8.198  -18.626  64.486 0.0000000000
42744  7.723  -18.427  65.447 0.0000000000
41838  7.370  -19.142  65.892 0.0000000000
55393  29.089  -7.121  48.929 0.0000000000
54323  28.955  -7.600  48.230 0.0000000000
55407  28.236  -6.735  48.310 0.0000000000
55408  27.386  -6.197  48.114 0.0000000000
55423  25.995  -6.644  47.663 0.0000000000
54292  21.206  -7.593  50.338 0.0000000000
53188  22.712  -7.906  49.609 0.0000000000
52083  22.241  -9.442  50.393 0.0000000000
63942  41.730  1.595  34.687 0.0000000000
60682  29.864  -1.741  43.295 0.0000000000
58572  34.695  -4.071  44.883 0.0000000000
58583  34.319  -3.580  44.588 0.0000000000
58571  35.602  -3.555  45.201 0.0000000000
59609  36.100  -2.796  45.301 0.0000000000
73985  49.034  11.025  26.938 0.0000000000
37990  5.594  -23.890  68.406 0.0000000000
64939  35.961  2.631  37.583 0.0000000000
63904  35.185  1.909  37.372 0.0000000000
63917  34.598  1.114  36.973 0.0000000000
61818  34.096  -0.442  37.387 0.0000000000
60761  33.920  -1.227  37.975 0.0000000000
60746  34.164  -1.787  38.157 0.0000000000
49953  20.926  -11.031  52.100 0.0000000000
49917  21.093  -11.987  53.323 0.0000000000
49939  19.985  -11.524  53.163 0.0000000000
50945  18.723  -11.065  53.921 0.0000000000
49899  18.174  -11.462  54.491 0.0000000000
53099  18.548  -8.263  55.350 0.0000000000
50914  17.583  -10.064  55.110 0.0000000000
49878  17.143  -11.336  55.295 0.0000000000
49859  16.095  -11.240  55.929 0.0000000000
48825  14.795  -12.220  57.536 0.0000000000
48806  14.018  -12.128  58.378 0.0000000000
57497  25.447  -3.784  50.367 0.0000000000
58495  24.295  -3.323  51.439 0.0000000000
57485  23.167  -4.157  51.007 0.0000000000
56431  22.130  -5.393  50.791 0.0000000000
57444  22.045  -4.673  53.894 0.0000000000
56412  21.352  -5.479  52.106 0.0000000000
55373  21.158  -6.695  51.083 0.0000000000
54278  20.794  -7.939  51.054 0.0000000000
51001  20.823  -9.965  51.281 0.0000000000
59579  31.077  -2.864  48.415 0.0000000000
59592  30.234  -2.690  47.448 0.0000000000
58546  31.313  -3.685  47.443 0.0000000000
57554  32.612  -4.587  46.558 0.0000000000
57572  33.694  -4.895  45.773 0.0000000000
56481  34.617  -5.637  46.381 0.0000000000
56495  34.625  -5.352  45.761 0.0000000000
57571  34.813  -4.684  45.192 0.0000000000
57569  36.611  -4.740  45.382 0.0000000000
57552  37.977  -4.578  46.404 0.0000000000
73978  46.144  11.125  27.821 0.0000000000
73041  45.940  9.860  27.006 0.0000000000
70303  45.497  7.379  27.029 0.0000000000
70305  44.030  7.623  27.706 0.0000000000
70304  44.777  7.452  27.439 0.0000000000
70266  39.711  7.193  31.451 0.0000000000
68244  40.577  5.608  31.467 0.0000000000
68245  40.180  5.626  31.860 0.0000000000
67026  40.143  4.691  32.457 0.0000000000
65991  40.222  3.511  33.241 0.0000000000
67008  38.252  4.861  33.278 0.0000000000
65992  39.318  3.676  33.312 0.0000000000
64989  40.707  2.839  33.659 0.0000000000
63943  40.770  1.574  34.529 0.0000000000
62901  41.377  0.995  35.009 0.0000000000
66970  36.742  4.243  36.089 0.0000000000
64962  36.453  2.236  35.311 0.0000000000
62893  36.285  0.720  35.449 0.0000000000
62892  37.085  0.249  35.267 0.0000000000
62904  38.329  0.864  34.780 0.0000000000
61840  39.480  -0.614  35.702 0.0000000000
52123  32.891  -9.017  47.607 0.0000000000
52106  34.260  -9.588  47.929 0.0000000000
51023  33.847  -9.944  48.147 0.0000000000
50989  34.809  -10.149  49.875 0.0000000000
72064  40.579  9.166  31.898 0.0000000000
71151  40.213  8.410  31.356 0.0000000000
48787  12.990  -12.076  59.094 0.0000000000
48768  12.482  -12.609  60.269 0.0000000000
46744  13.165  -14.187  59.189 0.0000000000
45655  13.152  -15.058  59.345 0.0000000000
44684  13.442  -16.740  60.027 0.0000000000
43695  12.870  -17.842  61.101 0.0000000000
43697  10.749  -17.317  61.480 0.0000000000
43696  11.837  -17.512  61.133 0.0000000000
42777  13.095  -18.397  61.748 0.0000000000
42769  13.391  -18.785  62.475 0.0000000000
42760  13.602  -19.127  63.435 0.0000000000
40956  10.886  -21.459  66.054 0.0000000000
40977  9.291  -20.242  63.824 0.0000000000
40963  9.460  -21.430  65.077 0.0000000000
40015  10.258  -21.797  65.954 0.0000000000
39047  8.613  -22.424  66.070 0.0000000000
39035  7.717  -22.834  66.707 0.0000000000
39023  6.697  -23.015  67.290 0.0000000000
40946  6.072  -21.103  67.379 0.0000000000
39977  5.601  -21.674  67.598 0.0000000000
39024  5.851  -23.021  67.712 0.0000000000
54336  33.359  -7.765  47.776 0.0000000000
54319  32.589  -7.682  48.527 0.0000000000
53208  33.095  -8.371  47.561 0.0000000000
53209  32.200  -8.508  47.657 0.0000000000
52109  31.986  -9.735  47.866 0.0000000000
51036  30.878  -9.785  47.853 0.0000000000
53212  29.391  -8.689  47.796 0.0000000000
52126  30.215  -9.514  47.820 0.0000000000
51027  30.268  -10.188  48.420 0.0000000000
57513  25.013  -4.235  49.305 0.0000000000
56467  25.440  -6.016  47.857 0.0000000000
54344  25.554  -7.095  47.816 0.0000000000
54308  23.525  -7.252  49.152 0.0000000000
54306  25.024  -7.926  49.237 0.0000000000
53198  26.162  -8.466  48.777 0.0000000000
67024  41.954  4.465  32.267 0.0000000000
61794  32.564  -0.730  39.772 0.0000000000
60733  33.065  -1.530  39.183 0.0000000000
59712  34.253  -2.955  39.253 0.0000000000
59610  29.474  -2.787  45.601 0.0000000000
58587  30.076  -3.371  44.307 0.0000000000
58618  30.969  -3.076  42.966 0.0000000000
58584  33.045  -3.466  44.051 0.0000000000
58595  32.158  -3.429  43.248 0.0000000000
58637  31.912  -3.141  42.009 0.0000000000
58657  32.825  -3.265  40.971 0.0000000000
58655  34.357  -3.528  40.503 0.0000000000
58675  35.573  -3.466  39.647 0.0000000000
58631  36.861  -3.565  41.142 0.0000000000
52105  35.097  -9.212  48.045 0.0000000000
53195  36.486  -8.695  48.306 0.0000000000
53194  37.422  -8.193  48.411 0.0000000000
53182  37.728  -8.470  49.570 0.0000000000
54299  38.046  -7.826  48.798 0.0000000000
71208  51.669  8.147  24.853 0.0000000000
72109  48.285  9.183  26.430 0.0000000000
72118  49.055  8.889  26.123 0.0000000000
69404  48.643  6.358  26.056 0.0000000000
69415  48.915  6.751  25.758 0.0000000000
71202  49.551  8.238  25.747 0.0000000000
69413  50.543  6.363  25.125 0.0000000000
68330  51.719  5.548  24.933 0.0000000000
69364  40.948  6.479  30.443 0.0000000000
70265  40.267  7.419  30.910 0.0000000000
71159  40.889  8.360  30.427 0.0000000000
70274  40.752  7.152  30.367 0.0000000000
38001  6.973  -23.585  67.940 0.0000000000
59731  34.713  -2.732  38.678 0.0000000000
59730  35.984  -2.972  38.253 0.0000000000
58689  36.707  -3.400  38.495 0.0000000000
47802  14.805  -13.686  57.984 0.0000000000
46757  14.882  -14.240  58.054 0.0000000000
46758  14.238  -14.369  58.515 0.0000000000
45678  14.969  -15.255  58.532 0.0000000000
57495  27.218  -4.730  49.957 0.0000000000
57496  26.520  -4.229  50.222 0.0000000000
49936  22.213  -11.029  52.079 0.0000000000
60635  30.036  -1.717  47.937 0.0000000000
53116  19.534  -7.635  53.789 0.0000000000
53117  19.181  -8.244  54.091 0.0000000000
54231  20.330  -6.613  53.875 0.0000000000
53115  19.891  -7.239  53.540 0.0000000000
53135  19.854  -8.195  52.953 0.0000000000
57538  33.616  -4.550  47.781 0.0000000000
54333  36.741  -7.769  46.891 0.0000000000
54353  37.315  -7.206  46.577 0.0000000000
55418  37.819  -6.969  46.884 0.0000000000
54331  38.310  -7.225  47.786 0.0000000000
73019  43.954  11.081  30.029 0.0000000000
73024  44.346  10.909  28.649 0.0000000000
73032  43.804  9.570  27.991 0.0000000000
68268  43.631  5.591  29.745 0.0000000000
69374  44.314  5.825  28.989 0.0000000000
68267  44.568  5.571  29.449 0.0000000000
68251  45.334  5.610  30.366 0.0000000000
40926  11.773  -21.136  67.478 0.0000000000
64979  38.138  2.603  34.163 0.0000000000
63945  38.725  1.608  34.376 0.0000000000
64963  35.959  2.237  35.906 0.0000000000
59752  38.447  -2.310  36.850 0.0000000000
60757  39.561  -2.176  36.923 0.0000000000
51011  32.220  -10.465  49.110 0.0000000000
50992  32.012  -10.619  49.935 0.0000000000
70239  38.990  7.921  33.053 0.0000000000
48870  18.316  -12.616  54.754 0.0000000000
47844  18.820  -12.982  54.839 0.0000000000
47833  18.339  -13.345  55.205 0.0000000000
43702  14.607  -17.589  60.644 0.0000000000
43692  15.757  -17.827  61.611 0.0000000000
43685  15.272  -18.194  62.190 0.0000000000
45616  10.870  -15.178  61.048 0.0000000000
41861  10.401  -19.142  62.810 0.0000000000
41852  10.917  -19.708  63.192 0.0000000000
40975  10.450  -19.901  63.403 0.0000000000
41839  7.279  -20.039  65.449 0.0000000000
54291  30.193  -7.182  50.198 0.0000000000
54322  29.649  -7.658  48.427 0.0000000000
53214  27.162  -8.632  48.140 0.0000000000
52129  27.652  -9.326  48.518 0.0000000000
56444  22.799  -5.447  49.727 0.0000000000
55396  22.391  -6.393  49.647 0.0000000000
65990  41.185  3.446  33.252 0.0000000000
65989  42.187  3.557  33.441 0.0000000000
60693  30.576  -1.759  42.349 0.0000000000
61766  30.883  -1.248  41.954 0.0000000000
60707  30.905  -1.707  41.904 0.0000000000
59696  31.773  -2.121  40.939 0.0000000000
59679  31.627  -2.643  41.687 0.0000000000
57589  33.243  -4.257  44.837 0.0000000000
59657  35.961  -3.228  42.967 0.0000000000
59656  36.958  -3.236  42.902 0.0000000000
72117  50.057  9.318  26.102 0.0000000000
70315  46.207  7.329  26.649 0.0000000000
54187  20.013  -6.436  56.755 0.0000000000
54202  20.565  -5.915  55.609 0.0000000000
68269  43.048  5.651  29.915 0.0000000000
68230  43.088  4.852  31.868 0.0000000000
53205  36.122  -8.240  47.425 0.0000000000
72063  41.304  9.604  32.182 0.0000000000
72071  41.935  9.897  31.567 0.0000000000
72092  41.410  8.797  29.971 0.0000000000
72091  42.020  9.274  29.585 0.0000000000
73021  42.613  9.789  29.613 0.0000000000
72097  42.324  8.818  29.050 0.0000000000
71171  42.044  8.291  29.153 0.0000000000
69362  42.184  5.980  29.837 0.0000000000
39033  9.615  -22.585  67.044 0.0000000000
69306  38.267  6.693  35.305 0.0000000000
68186  37.115  4.765  35.435 0.0000000000
68196  37.336  5.289  34.846 0.0000000000
66988  37.123  4.243  34.867 0.0000000000
65975  37.073  3.711  34.863 0.0000000000
60775  35.392  -1.139  36.775 0.0000000000
59744  36.755  -2.807  37.621 0.0000000000
59743  37.922  -2.789  37.378 0.0000000000
58687  38.693  -3.326  38.253 0.0000000000
58672  38.423  -3.650  39.179 0.0000000000
58629  38.787  -3.640  40.797 0.0000000000
70229  38.689  7.291  34.675 0.0000000000
48843  16.184  -12.630  56.052 0.0000000000
47827  16.619  -13.816  56.262 0.0000000000
45702  15.685  -14.988  57.783 0.0000000000
45701  16.450  -15.215  57.568 0.0000000000
45676  16.806  -15.690  58.165 0.0000000000
45675  17.606  -15.562  58.205 0.0000000000
45652  16.356  -16.037  58.675 0.0000000000
45653  14.731  -15.867  59.165 0.0000000000
44698  15.123  -16.388  59.434 0.0000000000
43676  8.992  -17.817  63.479 0.0000000000
43677  8.765  -18.155  63.761 0.0000000000
42763  8.750  -18.617  63.706 0.0000000000
43667  8.560  -17.984  64.139 0.0000000000
55382  28.905  -6.236  50.433 0.0000000000
55381  29.345  -6.904  49.856 0.0000000000
55394  28.690  -6.402  49.393 0.0000000000
56451  28.036  -5.917  49.135 0.0000000000
56465  26.912  -5.891  48.029 0.0000000000
55422  27.099  -6.722  47.748 0.0000000000
56466  26.244  -5.956  47.852 0.0000000000
53177  21.004  -8.558  50.650 0.0000000000
53176  21.851  -8.524  50.043 0.0000000000
61732  29.957  -0.621  44.108 0.0000000000
60674  29.419  -2.134  44.036 0.0000000000
59590  36.870  -2.736  46.481 0.0000000000
58559  36.174  -3.182  45.656 0.0000000000
59598  36.449  -2.737  45.823 0.0000000000
37991  4.823  -23.849  68.234 0.0000000000
62867  33.980  0.346  37.479 0.0000000000
62878  34.484  0.434  36.814 0.0000000000
61819  33.704  -0.557  37.971 0.0000000000
49938  20.456  -11.265  52.661 0.0000000000
50928  18.575  -9.713  54.010 0.0000000000
53079  18.795  -7.674  55.715 0.0000000000
53080  18.231  -8.165  55.775 0.0000000000
52010  16.922  -9.217  56.140 0.0000000000
50902  17.248  -9.647  55.603 0.0000000000
50903  16.799  -9.892  55.845 0.0000000000
50915  17.243  -10.555  55.306 0.0000000000
49858  16.594  -10.731  55.756 0.0000000000
50877  14.876  -10.226  57.513 0.0000000000
49844  14.977  -11.140  57.179 0.0000000000
48805  14.370  -11.705  58.067 0.0000000000
58494  25.322  -3.130  51.678 0.0000000000
58478  25.434  -2.719  52.702 0.0000000000
57469  22.916  -3.987  51.842 0.0000000000
57486  22.508  -4.633  51.359 0.0000000000
57470  22.299  -4.534  52.297 0.0000000000
55349  20.652  -6.223  53.337 0.0000000000
55348  20.970  -5.444  53.083 0.0000000000
56423  21.494  -5.828  51.447 0.0000000000
54277  20.939  -7.371  51.018 0.0000000000
54261  20.879  -7.303  51.698 0.0000000000
52059  20.138  -9.391  52.383 0.0000000000
52072  20.441  -9.345  51.714 0.0000000000
50981  20.672  -10.286  51.752 0.0000000000
59578  31.811  -3.260  48.535 0.0000000000
58532  31.738  -3.466  48.124 0.0000000000
57540  32.032  -4.186  47.155 0.0000000000
56462  34.920  -5.949  46.587 0.0000000000
55448  35.721  -5.910  45.564 0.0000000000
56494  35.354  -5.351  45.465 0.0000000000
57570  35.818  -4.623  45.326 0.0000000000
56478  38.324  -5.734  46.578 0.0000000000
73015  44.073  10.775  31.103 0.0000000000
73971  46.394  11.785  28.143 0.0000000000
72112  45.505  9.289  26.986 0.0000000000
71198  45.822  8.302  26.714 0.0000000000
71189  45.080  8.346  27.108 0.0000000000
71191  43.678  8.400  27.809 0.0000000000
70293  43.440  7.627  28.035 0.0000000000
69385  44.620  6.050  28.569 0.0000000000
69395  45.492  6.263  27.633 0.0000000000
69354  39.930  6.132  31.646 0.0000000000
68234  39.687  5.497  32.195 0.0000000000
67006  39.773  4.213  32.944 0.0000000000
68214  37.670  5.517  33.870 0.0000000000
64990  39.729  2.920  33.609 0.0000000000
62902  40.368  0.886  34.851 0.0000000000
63932  36.183  1.595  35.448 0.0000000000
65959  36.475  3.160  35.613 0.0000000000
61830  36.186  -0.684  36.186 0.0000000000
61843  36.560  -0.442  35.858 0.0000000000
60782  38.296  -1.073  35.935 0.0000000000
62891  37.978  0.215  35.234 0.0000000000
62890  38.932  0.159  35.199 0.0000000000
52107  33.480  -9.572  47.812 0.0000000000
51024  33.341  -10.061  48.304 0.0000000000
50990  33.824  -10.384  49.975 0.0000000000
72058  41.594  9.582  33.096 0.0000000000
72059  40.829  9.275  32.801 0.0000000000
71152  39.596  7.881  31.775 0.0000000000
48879  20.542  -12.167  53.536 0.0000000000
48867  20.684  -12.399  53.898 0.0000000000
48868  20.155  -12.691  54.226 0.0000000000
46785  17.754  -14.418  56.516 0.0000000000
44668  16.859  -17.154  61.006 0.0000000000
48786  13.469  -11.530  58.787 0.0000000000
46731  11.891  -14.331  60.723 0.0000000000
48752  12.236  -12.494  60.853 0.0000000000
47778  12.379  -13.327  60.150 0.0000000000
47790  12.750  -13.776  59.561 0.0000000000
46745  12.575  -14.295  59.771 0.0000000000
44686  11.452  -16.176  60.701 0.0000000000
44685  12.455  -16.328  60.193 0.0000000000
43704  12.684  -17.166  60.561 0.0000000000
44657  9.917  -16.625  62.296 0.0000000000
44670  10.674  -16.295  61.288 0.0000000000
42771  11.548  -18.643  62.159 0.0000000000
42778  12.159  -18.266  61.653 0.0000000000
41850  12.770  -19.464  63.595 0.0000000000
41843  13.086  -19.563  64.353 0.0000000000
40955  11.322  -20.992  65.388 0.0000000000
40978  8.758  -20.389  64.113 0.0000000000
40027  8.441  -21.217  64.941 0.0000000000
40970  9.177  -20.981  64.514 0.0000000000
40026  9.012  -21.516  65.078 0.0000000000
40016  9.433  -21.918  65.661 0.0000000000
39046  9.309  -22.462  66.387 0.0000000000
40004  7.252  -22.018  66.055 0.0000000000
39022  7.290  -23.236  67.382 0.0000000000
40928  6.240  -20.182  67.760 0.0000000000
39992  5.526  -22.367  67.682 0.0000000000
39009  5.177  -23.006  67.888 0.0000000000
54318  33.593  -7.433  48.578 0.0000000000
54337  32.367  -7.954  47.888 0.0000000000
52125  31.180  -9.409  47.698 0.0000000000
54340  29.572  -8.128  47.964 0.0000000000
52127  29.193  -9.325  47.921 0.0000000000
52110  29.710  -9.782  48.027 0.0000000000
51013  30.334  -10.630  49.483 0.0000000000
51028  29.375  -10.384  49.043 0.0000000000
58510  24.600  -3.639  50.732 0.0000000000
56456  23.890  -5.683  48.677 0.0000000000
57529  24.310  -5.235  48.685 0.0000000000
56468  24.911  -6.181  47.989 0.0000000000
55424  25.274  -6.543  47.841 0.0000000000
55409  24.937  -6.885  48.104 0.0000000000
53187  23.636  -8.104  49.627 0.0000000000
53185  25.290  -8.459  49.592 0.0000000000
53199  25.428  -8.105  49.007 0.0000000000
68233  40.483  5.165  32.016 0.0000000000
68232  41.243  4.968  31.712 0.0000000000
62845  32.833  -0.239  39.860 0.0000000000
59714  32.622  -2.129  39.764 0.0000000000
59713  33.529  -2.784  39.571 0.0000000000
58547  30.627  -3.414  47.148 0.0000000000
58561  30.172  -3.427  46.336 0.0000000000
57591  31.364  -3.887  44.612 0.0000000000
58586  30.925  -3.606  44.076 0.0000000000
58597  30.459  -3.111  43.455 0.0000000000
58596  31.294  -3.358  43.379 0.0000000000
59660  33.565  -3.430  42.819 0.0000000000
58594  32.987  -3.393  43.060 0.0000000000
58616  32.325  -3.338  42.436 0.0000000000
58636  32.415  -3.175  41.547 0.0000000000
58635  33.238  -3.472  41.449 0.0000000000
58633  34.956  -3.709  41.308 0.0000000000
58654  35.269  -3.614  40.424 0.0000000000
58653  36.221  -3.615  40.353 0.0000000000
52094  34.759  -9.766  48.573 0.0000000000
52093  35.365  -9.701  49.052 0.0000000000
53183  36.994  -8.791  49.063 0.0000000000
53181  38.458  -8.180  50.038 0.0000000000
54315  38.617  -7.315  48.393 0.0000000000
71200  51.237  8.456  25.223 0.0000000000
72125  51.607  8.689  25.181 0.0000000000
69417  52.182  6.505  24.244 0.0000000000
73977  46.814  11.178  27.555 0.0000000000
71196  47.681  8.225  26.296 0.0000000000
73039  47.725  10.083  26.887 0.0000000000
72119  48.591  8.676  26.195 0.0000000000
68316  49.630  5.595  25.791 0.0000000000
69403  49.052  6.043  25.888 0.0000000000
69414  49.410  6.297  25.603 0.0000000000
70319  49.075  7.346  25.690 0.0000000000
70318  49.930  7.323  25.364 0.0000000000
68255  41.930  5.541  30.471 0.0000000000
68231  42.166  4.864  31.678 0.0000000000
71150  40.610  8.739  30.919 0.0000000000
70285  41.831  7.397  29.288 0.0000000000
37999  8.636  -23.250  67.843 0.0000000000
69307  37.671  5.906  35.349 0.0000000000
69297  37.670  5.686  35.770 0.0000000000
60759  35.121  -1.635  37.314 0.0000000000
58698  37.225  -3.312  38.100 0.0000000000
58688  37.710  -3.521  38.517 0.0000000000
58652  37.176  -3.633  40.223 0.0000000000
46774  15.408  -14.414  57.673 0.0000000000
44710  15.639  -16.015  58.825 0.0000000000
45654  14.074  -15.557  59.205 0.0000000000
43659  8.183  -17.584  65.111 0.0000000000
56442  27.655  -5.299  49.550 0.0000000000
57525  26.939  -4.989  49.052 0.0000000000
57526  26.536  -4.881  48.903 0.0000000000
50980  21.487  -10.484  51.356 0.0000000000
50999  21.807  -10.053  50.841 0.0000000000
50979  22.257  -10.557  51.313 0.0000000000
60661  29.258  -1.607  45.824 0.0000000000
58557  37.242  -3.810  46.001 0.0000000000
58543  37.800  -3.448  47.185 0.0000000000
62853  33.889  0.608  38.658 0.0000000000
62854  33.489  -0.069  38.585 0.0000000000
61806  33.314  -0.685  38.801 0.0000000000
52046  19.759  -9.372  52.965 0.0000000000
50943  19.522  -9.753  53.144 0.0000000000
52047  19.334  -9.040  53.465 0.0000000000
52032  18.463  -9.489  54.362 0.0000000000
53062  17.654  -7.833  56.569 0.0000000000
51998  16.645  -8.762  56.722 0.0000000000
50889  16.423  -9.494  56.413 0.0000000000
50890  15.791  -9.822  56.671 0.0000000000
55326  21.058  -5.428  55.144 0.0000000000
54230  20.526  -6.047  54.153 0.0000000000
54245  20.558  -7.321  52.759 0.0000000000
54246  20.346  -8.073  52.446 0.0000000000
58545  32.059  -3.841  47.739 0.0000000000
57524  33.203  -4.086  48.239 0.0000000000
54355  35.837  -6.946  46.195 0.0000000000
55436  36.216  -6.754  45.856 0.0000000000
54367  36.699  -6.711  45.802 0.0000000000
55446  37.169  -6.293  45.698 0.0000000000
56492  36.942  -5.515  45.368 0.0000000000
55435  37.782  -6.462  46.421 0.0000000000
55434  38.215  -6.280  46.705 0.0000000000
55417  38.459  -6.581  47.188 0.0000000000
73972  45.705  11.508  28.344 0.0000000000
73023  45.162  11.192  28.243 0.0000000000
68282  45.538  5.677  28.606 0.0000000000
68266  45.476  5.565  29.518 0.0000000000
68235  38.770  5.504  32.677 0.0000000000
65994  37.910  4.178  33.821 0.0000000000
64992  38.167  3.474  33.875 0.0000000000
62889  39.946  0.187  35.256 0.0000000000
65933  36.101  2.960  36.832 0.0000000000
65946  36.100  2.829  36.216 0.0000000000
60773  37.120  -1.572  36.404 0.0000000000
60783  37.407  -1.066  36.031 0.0000000000
60781  38.902  -0.966  35.873 0.0000000000
70227  40.217  8.237  34.467 0.0000000000
71122  40.108  8.513  33.985 0.0000000000
71139  40.159  8.836  32.503 0.0000000000
48857  19.644  -13.217  55.476 0.0000000000
43700  16.252  -17.453  61.093 0.0000000000
45634  11.207  -15.517  60.783 0.0000000000
43687  9.652  -17.610  62.554 0.0000000000
42780  10.686  -17.869  61.824 0.0000000000
41859  11.781  -18.976  62.599 0.0000000000
41846  7.816  -19.518  64.899 0.0000000000
40972  7.867  -20.587  64.872 0.0000000000
40028  7.948  -20.913  64.923 0.0000000000
40018  7.750  -21.463  65.372 0.0000000000
40005  6.739  -21.766  66.497 0.0000000000
55421  27.884  -7.244  47.815 0.0000000000
57499  23.539  -4.367  50.246 0.0000000000
56443  23.399  -5.531  49.147 0.0000000000
54327  23.847  -6.652  48.741 0.0000000000
53173  24.739  -8.930  50.227 0.0000000000
67004  41.608  4.044  32.846 0.0000000000
61765  31.434  -0.708  41.492 0.0000000000
61781  31.624  -1.242  40.922 0.0000000000
60721  31.673  -1.681  40.888 0.0000000000
59695  32.489  -2.748  40.611 0.0000000000
57575  30.496  -3.941  45.582 0.0000000000
57574  31.308  -4.185  45.393 0.0000000000
59624  34.801  -2.946  44.310 0.0000000000
59640  34.535  -3.017  43.615 0.0000000000
59659  34.219  -3.304  42.908 0.0000000000
58614  33.786  -3.571  42.182 0.0000000000
58613  34.601  -3.605  42.182 0.0000000000
58611  36.461  -3.544  42.089 0.0000000000
52079  35.711  -9.804  50.113 0.0000000000
52078  36.471  -9.484  50.353 0.0000000000
72111  46.277  9.220  26.732 0.0000000000
68302  50.593  5.046  25.990 0.0000000000
67067  51.354  4.611  26.394 0.0000000000
53077  19.745  -6.752  55.081 0.0000000000
53097  19.394  -7.405  54.619 0.0000000000
53060  19.185  -7.109  56.224 0.0000000000
54219  20.171  -6.374  54.931 0.0000000000
68229  44.038  5.093  32.202 0.0000000000
57522  34.415  -4.921  48.663 0.0000000000
73013  42.701  10.088  31.040 0.0000000000
71181  42.529  8.327  28.719 0.0000000000
70294  42.878  7.561  28.426 0.0000000000
69387  42.752  6.962  28.688 0.0000000000
39989  10.527  -21.992  67.427 0.0000000000
69327  37.759  6.267  34.023 0.0000000000
62877  35.154  0.574  36.287 0.0000000000
61831  35.700  -0.444  36.283 0.0000000000
59753  37.492  -2.235  36.873 0.0000000000
59742  38.797  -2.806  37.479 0.0000000000
58686  39.692  -3.193  38.441 0.0000000000
58649  39.998  -3.533  39.754 0.0000000000
47835  17.126  -13.694  55.885 0.0000000000
47826  17.434  -14.081  56.130 0.0000000000
46786  17.254  -14.489  56.560 0.0000000000
46772  16.950  -14.885  57.021 0.0000000000
44696  16.939  -16.581  59.722 0.0000000000
44697  16.154  -16.567  59.367 0.0000000000
44658  9.582  -17.062  62.595 0.0000000000
42773  9.686  -18.627  62.886 0.0000000000
41862  9.921  -19.183  63.044 0.0000000000
41831  7.270  -18.928  66.915 0.0000000000
55406  28.932  -7.350  48.482 0.0000000000
55384  21.566  -6.621  50.278 0.0000000000
54310  21.857  -6.963  49.761 0.0000000000
53189  21.982  -7.641  49.723 0.0000000000
53175  22.885  -8.770  50.007 0.0000000000
50998  22.505  -10.045  50.794 0.0000000000
52082  23.111  -9.601  50.549 0.0000000000
64975  42.206  2.247  34.390 0.0000000000
59662  30.751  -2.590  42.583 0.0000000000
58582  35.025  -3.077  44.836 0.0000000000
59623  35.686  -2.841  44.614 0.0000000000
73037  49.422  10.361  26.675 0.0000000000
68306  47.460  5.753  26.983 0.0000000000
37989  6.451  -24.043  68.603 0.0000000000
65932  36.611  3.392  37.222 0.0000000000
60760  34.362  -1.158  37.521 0.0000000000
59746  34.742  -1.991  37.831 0.0000000000
49937  21.359  -11.385  52.448 0.0000000000
49918  20.257  -11.907  53.266 0.0000000000
48880  20.125  -12.350  53.647 0.0000000000
50962  19.746  -11.065  53.083 0.0000000000
49919  19.414  -11.734  53.641 0.0000000000
49898  18.901  -11.874  54.155 0.0000000000
49900  17.775  -12.165  54.849 0.0000000000
53098  18.844  -8.189  54.925 0.0000000000
52018  18.661  -8.771  54.710 0.0000000000
52019  18.324  -9.020  54.947 0.0000000000
52009  17.364  -8.983  55.855 0.0000000000
49877  17.506  -10.861  55.005 0.0000000000
49879  16.751  -12.249  55.580 0.0000000000
48824  15.460  -11.902  56.620 0.0000000000
49843  15.429  -10.914  56.597 0.0000000000
48826  14.607  -12.984  57.927 0.0000000000
57482  26.353  -3.699  51.282 0.0000000000
57483  25.555  -3.481  51.079 0.0000000000
58509  25.037  -3.438  51.045 0.0000000000
58479  24.392  -2.908  52.457 0.0000000000
57484  23.901  -3.836  50.814 0.0000000000
57500  22.841  -4.752  50.477 0.0000000000
57456  22.171  -4.563  53.254 0.0000000000
56399  21.602  -5.026  53.617 0.0000000000
56411  21.668  -5.093  52.693 0.0000000000
56422  21.910  -5.158  51.789 0.0000000000
56432  21.659  -6.107  50.742 0.0000000000
54293  20.979  -8.042  50.654 0.0000000000
54262  20.589  -8.025  51.919 0.0000000000
53163  20.585  -8.689  51.390 0.0000000000
51000  21.091  -10.015  51.067 0.0000000000
49952  21.400  -10.897  51.838 0.0000000000
59580  30.341  -2.348  48.205 0.0000000000
59591  30.797  -3.187  47.638 0.0000000000
58560  30.838  -3.855  46.716 0.0000000000
57555  31.555  -4.286  46.428 0.0000000000
56482  34.162  -5.216  46.643 0.0000000000
56480  35.132  -5.938  45.962 0.0000000000
56496  34.261  -5.332  46.094 0.0000000000
58569  36.936  -4.263  45.538 0.0000000000
57568  37.314  -4.706  45.626 0.0000000000
73029  46.272  10.759  27.507 0.0000000000
72103  43.444  9.150  28.113 0.0000000000
72102  43.997  9.161  27.678 0.0000000000
71190  44.355  8.383  27.460 0.0000000000
69397  43.793  7.180  27.980 0.0000000000
69407  45.898  6.769  27.005 0.0000000000
68213  38.163  5.719  33.151 0.0000000000
67028  38.804  4.910  32.900 0.0000000000
65993  38.524  3.942  33.460 0.0000000000
67007  38.979  4.412  33.079 0.0000000000
64976  41.209  2.235  34.215 0.0000000000
62900  42.052  1.141  35.076 0.0000000000
62894  35.712  0.699  35.843 0.0000000000
62906  36.842  0.806  35.055 0.0000000000
62905  37.417  0.856  34.898 0.0000000000
61839  40.537  -0.382  35.759 0.0000000000
52122  33.704  -8.956  47.441 0.0000000000
51009  34.145  -10.139  48.841 0.0000000000
72073  40.516  8.993  31.446 0.0000000000
48856  20.225  -12.932  55.066 0.0000000000
49828  14.100  -11.395  58.299 0.0000000000
48807  13.595  -12.945  58.710 0.0000000000
47777  12.682  -12.642  59.807 0.0000000000
47789  12.998  -13.251  59.278 0.0000000000
47804  13.661  -13.779  58.766 0.0000000000
45680  13.510  -14.644  59.081 0.0000000000
44700  13.304  -15.971  59.623 0.0000000000
44701  12.630  -15.588  59.862 0.0000000000
43703  13.638  -17.451  60.530 0.0000000000
43694  13.820  -17.996  61.206 0.0000000000
44669  11.292  -16.852  61.004 0.0000000000
42776  13.907  -18.373  61.894 0.0000000000
42759  14.663  -18.861  63.673 0.0000000000
42761  12.839  -19.167  62.983 0.0000000000
41836  12.523  -19.919  65.108 0.0000000000
40943  11.673  -21.150  66.409 0.0000000000
40976  10.000  -20.065  63.509 0.0000000000
40969  10.059  -20.642  64.139 0.0000000000
40962  10.207  -21.285  65.113 0.0000000000
40002  10.591  -21.810  66.594 0.0000000000
40003  10.002  -22.178  66.579 0.0000000000
39034  8.813  -22.847  66.875 0.0000000000
38013  8.341  -23.141  67.256 0.0000000000
41823  6.800  -19.509  67.346 0.0000000000
40945  6.549  -20.465  66.927 0.0000000000
40958  6.468  -21.289  66.761 0.0000000000
39991  6.149  -22.119  67.123 0.0000000000
38002  6.298  -23.477  68.025 0.0000000000
59566  32.001  -3.020  49.082 0.0000000000
52124  32.060  -9.163  47.597 0.0000000000
51026  31.386  -10.101  48.231 0.0000000000
51037  30.693  -9.956  47.992 0.0000000000
57512  26.025  -4.328  49.450 0.0000000000
57527  25.735  -4.763  48.736 0.0000000000
57528  24.843  -4.931  48.665 0.0000000000
56454  25.562  -5.404  48.236 0.0000000000
54309  22.587  -7.087  49.436 0.0000000000
54307  24.406  -7.662  49.142 0.0000000000
54326  24.397  -7.071  48.627 0.0000000000
54325  25.364  -7.637  48.473 0.0000000000
54324  26.059  -7.997  48.186 0.0000000000
53215  26.422  -8.207  48.110 0.0000000000
53197  26.763  -8.783  48.563 0.0000000000
61793  32.991  -0.701  39.264 0.0000000000
60734  32.519  -1.521  39.700 0.0000000000
59732  33.762  -2.101  38.727 0.0000000000
58691  35.142  -3.231  39.186 0.0000000000
59600  29.617  -2.498  46.525 0.0000000000
58574  29.988  -3.518  45.265 0.0000000000
59626  29.581  -3.129  44.901 0.0000000000
60662  29.221  -2.204  44.914 0.0000000000
59643  29.773  -2.628  43.654 0.0000000000
59642  30.136  -2.572  43.184 0.0000000000
58617  31.506  -3.091  42.548 0.0000000000
59661  31.281  -2.778  42.265 0.0000000000
58656  33.394  -3.307  40.515 0.0000000000
58677  33.920  -3.323  39.977 0.0000000000
58676  34.572  -3.278  39.605 0.0000000000
58630  37.838  -3.630  40.996 0.0000000000
52121  34.444  -8.869  47.500 0.0000000000
52104  35.810  -9.164  48.506 0.0000000000
52077  37.246  -9.120  50.546 0.0000000000
54316  37.993  -7.599  48.176 0.0000000000
73986  48.171  10.904  27.070 0.0000000000
73038  48.628  10.211  26.738 0.0000000000
72108  49.180  9.660  26.406 0.0000000000
69405  47.656  6.377  26.459 0.0000000000
70313  48.056  7.240  26.139 0.0000000000
70320  48.551  7.547  25.976 0.0000000000
71203  48.757  8.164  25.993 0.0000000000
70317  50.687  7.343  25.077 0.0000000000
69419  50.956  6.820  24.917 0.0000000000
68314  51.123  5.387  25.308 0.0000000000
69412  51.001  5.991  25.021 0.0000000000
69418  51.416  6.281  24.749 0.0000000000
39021  9.294  -22.886  67.688 0.0000000000
45635  10.872  -15.518  60.952 0.0000000000
46759  13.717  -14.389  58.886 0.0000000000
47817  14.753  -13.434  57.963 0.0000000000
47843  19.070  -12.967  54.789 0.0000000000
48858  18.004  -12.868  54.930 0.0000000000
48871  17.906  -12.599  54.912 0.0000000000
49809  13.188  -11.298  59.068 0.0000000000
49920  18.834  -11.541  54.075 0.0000000000
52085  20.800  -9.506  51.143 0.0000000000
55337  20.545  -6.098  53.873 0.0000000000
55361  21.142  -5.474  52.517 0.0000000000
55383  22.046  -6.055  50.155 0.0000000000
55411  23.811  -6.239  48.672 0.0000000000
55425  24.863  -6.485  48.027 0.0000000000
55447  36.368  -6.205  45.527 0.0000000000
56455  24.735  -5.643  48.276 0.0000000000
57510  27.167  -5.021  49.311 0.0000000000
57551  38.581  -4.927  46.899 0.0000000000
58496  23.507  -3.642  51.424 0.0000000000
58588  29.760  -3.060  43.994 0.0000000000
58598  30.000  -3.114  43.790 0.0000000000
59599  36.009  -3.065  45.516 0.0000000000
59611  29.338  -2.732  44.972 0.0000000000
59627  29.480  -2.797  44.365 0.0000000000
59751  39.158  -2.340  36.970 0.0000000000
60673  29.338  -1.370  44.535 0.0000000000
60683  29.615  -2.177  43.616 0.0000000000
68197  37.138  4.601  34.945 0.0000000000
68303  49.953  5.189  26.139 0.0000000000
68307  46.970  5.715  27.252 0.0000000000
69352  41.057  6.131  30.544 0.0000000000
70312  48.622  7.043  25.879 0.0000000000
71195  48.306  8.440  26.216 0.0000000000
71209  51.072  7.910  25.087 0.0000000000
72090  42.649  9.655  29.338 0.0000000000
