#!ascii label  , from subject sub-02 vox2ras=TkReg
936
52931  11.982  -8.649  73.243 0.0000000000
45636  5.863  -15.416  59.786 0.0000000000
46608  4.796  -14.420  71.794 0.0000000000
54096  5.221  -7.597  68.223 0.0000000000
57386  4.690  -4.037  60.477 0.0000000000
49658  8.974  -10.234  73.246 0.0000000000
55158  6.602  -7.034  72.475 0.0000000000
50744  15.937  -9.535  71.483 0.0000000000
47664  10.951  -11.897  71.353 0.0000000000
43593  7.684  -15.983  70.670 0.0000000000
60427  4.657  -1.485  68.365 0.0000000000
55234  5.625  -5.918  64.747 0.0000000000
62590  4.584  0.717  64.114 0.0000000000
44615  3.262  -17.150  68.557 0.0000000000
46651  4.979  -14.634  67.507 0.0000000000
49683  4.116  -11.094  71.121 0.0000000000
57292  5.966  -4.473  70.781 0.0000000000
48712  7.324  -12.710  64.708 0.0000000000
51960  8.073  -9.491  60.294 0.0000000000
55315  6.184  -6.978  56.550 0.0000000000
60534  4.300  -1.532  56.734 0.0000000000
51846  10.347  -9.154  73.648 0.0000000000
54043  9.145  -6.999  73.546 0.0000000000
50729  14.360  -9.540  72.228 0.0000000000
48659  13.398  -10.484  71.639 0.0000000000
49653  11.923  -10.086  73.106 0.0000000000
48647  9.983  -11.452  72.793 0.0000000000
62574  4.384  0.555  66.441 0.0000000000
44594  4.536  -16.344  70.180 0.0000000000
46631  4.233  -14.155  70.797 0.0000000000
48661  3.984  -12.487  72.303 0.0000000000
58296  8.209  -3.318  73.104 0.0000000000
56214  6.049  -5.885  71.751 0.0000000000
44563  6.964  -15.243  71.675 0.0000000000
41763  6.193  -18.248  69.702 0.0000000000
43605  5.216  -17.047  70.522 0.0000000000
41800  3.468  -19.045  69.029 0.0000000000
49704  5.632  -11.271  69.633 0.0000000000
47714  5.965  -13.697  66.977 0.0000000000
51887  6.151  -9.401  67.349 0.0000000000
56294  5.331  -4.761  62.247 0.0000000000
54117  7.523  -7.184  63.635 0.0000000000
55258  6.245  -5.965  61.196 0.0000000000
54164  7.317  -7.579  58.701 0.0000000000
56346  5.939  -5.448  58.514 0.0000000000
47653  7.408  -12.948  72.464 0.0000000000
49668  5.566  -11.309  72.475 0.0000000000
51860  7.431  -8.771  72.768 0.0000000000
56202  8.640  -4.919  73.420 0.0000000000
50756  17.140  -9.566  69.514 0.0000000000
49710  14.584  -9.805  67.720 0.0000000000
48669  13.874  -10.207  69.928 0.0000000000
47682  11.917  -11.627  69.994 0.0000000000
45504  9.125  -13.723  71.429 0.0000000000
46592  8.477  -13.434  72.017 0.0000000000
57316  5.034  -4.484  67.865 0.0000000000
55226  5.474  -6.774  66.235 0.0000000000
58348  4.664  -3.493  66.301 0.0000000000
59422  4.270  -2.445  64.758 0.0000000000
60476  4.438  -1.511  62.083 0.0000000000
54062  13.304  -8.069  71.860 0.0000000000
54093  19.749  -6.657  67.909 0.0000000000
56228  20.268  -5.172  69.975 0.0000000000
52955  17.770  -8.671  71.152 0.0000000000
52950  15.836  -8.380  71.676 0.0000000000
41833  3.367  -19.397  66.849 0.0000000000
43661  3.760  -17.596  66.030 0.0000000000
44624  4.015  -16.540  67.724 0.0000000000
47693  4.525  -13.190  69.484 0.0000000000
51876  4.179  -9.319  70.211 0.0000000000
51869  4.446  -9.345  72.184 0.0000000000
54082  4.487  -7.625  70.655 0.0000000000
55210  4.717  -6.473  69.290 0.0000000000
59395  5.751  -2.655  69.356 0.0000000000
44647  4.517  -16.648  64.670 0.0000000000
45586  5.368  -15.511  63.837 0.0000000000
46701  6.542  -14.215  61.974 0.0000000000
51911  6.554  -8.575  65.655 0.0000000000
49759  7.826  -11.347  62.867 0.0000000000
48769  6.984  -12.608  60.492 0.0000000000
50878  6.806  -10.596  58.159 0.0000000000
52011  6.338  -9.362  56.416 0.0000000000
63625  5.139  2.019  62.522 0.0000000000
61598  5.219  -0.295  60.711 0.0000000000
63649  5.634  1.348  58.695 0.0000000000
59470  4.184  -2.567  58.683 0.0000000000
57426  4.556  -4.259  56.250 0.0000000000
52921  11.046  -8.778  73.545 0.0000000000
54041  10.300  -7.582  73.448 0.0000000000
54051  11.481  -7.390  72.886 0.0000000000
52930  12.951  -8.960  72.948 0.0000000000
50730  13.481  -9.709  72.588 0.0000000000
51851  11.533  -9.306  73.408 0.0000000000
50714  11.041  -9.480  73.532 0.0000000000
44713  5.561  -16.245  58.684 0.0000000000
46760  5.834  -14.887  58.528 0.0000000000
45528  4.698  -15.249  70.984 0.0000000000
46620  3.921  -14.521  71.484 0.0000000000
46609  4.462  -14.130  72.612 0.0000000000
50779  16.123  -8.518  66.630 0.0000000000
45508  6.436  -14.764  71.744 0.0000000000
43596  5.957  -16.357  71.172 0.0000000000
44575  5.581  -16.102  71.017 0.0000000000
44593  4.742  -16.663  70.362 0.0000000000
51883  5.267  -9.234  69.022 0.0000000000
50764  5.919  -10.642  68.568 0.0000000000
51888  5.768  -9.145  68.036 0.0000000000
57376  4.879  -4.205  61.445 0.0000000000
55260  5.621  -4.956  61.239 0.0000000000
56333  5.130  -4.468  60.345 0.0000000000
56331  6.026  -5.346  59.600 0.0000000000
57396  4.826  -4.181  59.743 0.0000000000
48650  7.931  -11.957  72.887 0.0000000000
49666  7.604  -10.954  72.860 0.0000000000
50726  8.213  -9.313  73.032 0.0000000000
55154  8.794  -6.324  73.539 0.0000000000
57260  9.385  -4.077  73.180 0.0000000000
49680  16.445  -9.646  70.733 0.0000000000
49686  15.664  -9.652  70.250 0.0000000000
49681  15.623  -9.827  70.791 0.0000000000
48660  12.502  -10.687  71.609 0.0000000000
47672  12.367  -10.926  70.810 0.0000000000
46616  11.335  -11.853  70.717 0.0000000000
46596  9.875  -12.661  71.498 0.0000000000
48643  9.773  -10.735  73.247 0.0000000000
47650  9.231  -12.430  72.408 0.0000000000
48649  8.677  -11.848  72.837 0.0000000000
47652  8.163  -12.847  72.405 0.0000000000
59401  4.750  -2.471  67.825 0.0000000000
57327  4.903  -4.513  66.862 0.0000000000
59405  4.516  -2.484  66.811 0.0000000000
62580  4.414  0.800  65.287 0.0000000000
60444  4.301  -1.405  65.254 0.0000000000
61552  4.375  -0.322  64.705 0.0000000000
59434  4.083  -2.437  63.706 0.0000000000
61563  4.550  -0.301  63.620 0.0000000000
51870  18.022  -8.477  70.584 0.0000000000
42738  3.075  -18.415  67.402 0.0000000000
43652  3.247  -17.675  67.040 0.0000000000
44614  3.763  -16.490  68.576 0.0000000000
48666  4.067  -12.635  70.940 0.0000000000
47684  4.344  -13.454  70.320 0.0000000000
49684  4.362  -11.602  71.020 0.0000000000
49688  5.085  -11.608  70.716 0.0000000000
50753  4.146  -9.852  70.595 0.0000000000
51862  5.596  -9.116  72.774 0.0000000000
50741  4.855  -10.303  72.535 0.0000000000
52946  5.497  -8.341  72.523 0.0000000000
57284  6.322  -4.494  71.313 0.0000000000
55185  5.435  -6.536  71.260 0.0000000000
56234  5.159  -5.967  70.569 0.0000000000
55202  4.823  -6.674  70.117 0.0000000000
56242  5.454  -4.900  69.960 0.0000000000
57307  5.645  -4.029  69.456 0.0000000000
58329  5.926  -3.344  69.698 0.0000000000
48697  13.751  -10.261  67.205 0.0000000000
48704  13.743  -10.582  66.459 0.0000000000
43602  8.084  -15.824  69.952 0.0000000000
42709  7.399  -16.672  68.980 0.0000000000
42699  7.213  -16.873  69.364 0.0000000000
40884  5.536  -19.064  69.556 0.0000000000
41780  6.047  -18.842  69.334 0.0000000000
42721  2.968  -18.421  68.877 0.0000000000
41824  3.012  -18.990  67.925 0.0000000000
44631  4.234  -16.614  66.821 0.0000000000
44639  4.277  -16.873  65.814 0.0000000000
45572  4.776  -15.798  66.529 0.0000000000
48707  6.980  -12.893  65.759 0.0000000000
46668  6.022  -14.666  65.490 0.0000000000
47730  6.501  -14.352  64.188 0.0000000000
46686  6.223  -14.669  62.876 0.0000000000
47737  6.856  -13.642  63.551 0.0000000000
55230  5.418  -6.089  65.507 0.0000000000
52977  5.825  -7.949  66.109 0.0000000000
54108  5.975  -6.952  65.442 0.0000000000
53006  8.124  -8.220  62.058 0.0000000000
51924  7.920  -9.047  63.929 0.0000000000
50831  7.903  -10.453  61.670 0.0000000000
49773  7.630  -11.476  61.900 0.0000000000
49810  7.381  -11.096  60.325 0.0000000000
48808  6.508  -12.670  58.715 0.0000000000
50862  7.267  -10.658  58.936 0.0000000000
54177  7.009  -7.761  57.576 0.0000000000
53050  6.942  -8.883  57.498 0.0000000000
53081  6.110  -8.327  56.380 0.0000000000
64670  5.132  2.716  61.977 0.0000000000
62616  5.316  0.840  62.170 0.0000000000
63639  5.710  1.695  60.661 0.0000000000
62660  4.672  0.702  56.790 0.0000000000
61614  4.934  -0.378  57.554 0.0000000000
61609  5.233  -0.263  58.564 0.0000000000
59481  4.094  -2.368  57.514 0.0000000000
58428  4.312  -3.372  58.026 0.0000000000
59495  4.105  -2.493  56.301 0.0000000000
50724  9.814  -9.804  73.556 0.0000000000
51853  9.096  -8.702  73.443 0.0000000000
52923  9.822  -8.231  73.540 0.0000000000
50738  15.684  -9.592  72.002 0.0000000000
49676  14.463  -10.045  71.707 0.0000000000
49659  14.164  -10.081  72.117 0.0000000000
49672  12.662  -10.370  72.432 0.0000000000
48655  11.786  -10.702  72.177 0.0000000000
47648  10.830  -11.412  72.283 0.0000000000
49663  10.899  -10.542  73.167 0.0000000000
50723  10.330  -9.918  73.572 0.0000000000
62562  4.620  0.334  68.422 0.0000000000
61527  4.438  -0.536  67.909 0.0000000000
62567  4.479  0.453  67.495 0.0000000000
63586  4.483  1.518  66.110 0.0000000000
63591  4.478  1.794  65.357 0.0000000000
44604  3.812  -16.702  69.321 0.0000000000
45549  4.269  -15.769  69.445 0.0000000000
46619  4.513  -15.035  70.893 0.0000000000
47675  3.894  -13.508  71.244 0.0000000000
49678  4.063  -11.530  71.602 0.0000000000
56204  7.156  -5.756  72.725 0.0000000000
55171  6.671  -6.079  72.380 0.0000000000
57273  7.258  -4.543  72.432 0.0000000000
58304  7.144  -3.947  72.016 0.0000000000
58314  6.945  -3.392  71.361 0.0000000000
59379  6.942  -2.188  70.737 0.0000000000
43585  7.366  -15.936  71.147 0.0000000000
42677  6.960  -16.985  70.280 0.0000000000
42678  6.642  -16.646  70.762 0.0000000000
42689  5.828  -17.441  70.401 0.0000000000
41765  5.094  -18.646  69.989 0.0000000000
41782  4.572  -19.756  69.189 0.0000000000
42691  4.467  -18.579  69.586 0.0000000000
43624  4.001  -17.300  69.504 0.0000000000
47707  5.082  -13.318  68.986 0.0000000000
47715  5.444  -14.206  67.243 0.0000000000
48691  5.844  -12.645  67.993 0.0000000000
48700  6.428  -12.402  67.244 0.0000000000
50782  6.823  -10.439  66.794 0.0000000000
56284  5.507  -5.261  63.605 0.0000000000
54119  6.439  -6.674  64.581 0.0000000000
55240  6.167  -6.000  63.276 0.0000000000
55245  6.516  -6.577  62.039 0.0000000000
54155  7.312  -7.121  61.260 0.0000000000
53026  8.043  -8.447  59.890 0.0000000000
55271  7.098  -6.503  59.651 0.0000000000
55286  6.724  -6.479  58.335 0.0000000000
55287  6.155  -5.917  57.736 0.0000000000
60546  4.138  -1.448  55.637 0.0000000000
59506  4.256  -2.428  55.136 0.0000000000
60554  3.802  -1.435  54.443 0.0000000000
47654  6.446  -13.025  72.593 0.0000000000
47659  5.526  -13.046  72.854 0.0000000000
48652  6.041  -12.110  72.665 0.0000000000
51861  6.512  -9.041  72.724 0.0000000000
52935  7.021  -8.135  72.683 0.0000000000
52926  8.410  -8.174  73.238 0.0000000000
54045  7.954  -7.140  73.277 0.0000000000
56196  7.717  -6.010  73.273 0.0000000000
57262  8.288  -4.220  73.287 0.0000000000
50761  17.014  -9.357  68.558 0.0000000000
50771  16.193  -9.388  67.890 0.0000000000
49700  15.761  -9.561  68.388 0.0000000000
48663  13.906  -10.280  70.743 0.0000000000
48676  12.954  -10.434  69.339 0.0000000000
47698  12.084  -11.992  68.250 0.0000000000
44581  8.888  -14.988  70.298 0.0000000000
44572  8.416  -15.360  71.028 0.0000000000
46590  9.266  -12.864  71.992 0.0000000000
45496  8.418  -13.836  71.793 0.0000000000
44561  7.826  -15.224  71.398 0.0000000000
44551  7.398  -14.940  71.527 0.0000000000
45500  6.785  -14.749  71.758 0.0000000000
55217  4.886  -6.406  68.334 0.0000000000
54100  5.325  -7.082  67.540 0.0000000000
55221  5.207  -6.425  67.307 0.0000000000
56268  5.051  -5.482  66.543 0.0000000000
56274  5.134  -5.377  65.636 0.0000000000
60439  4.300  -1.455  66.317 0.0000000000
58357  4.486  -3.492  65.323 0.0000000000
57354  4.876  -4.388  63.923 0.0000000000
58383  4.371  -3.446  63.233 0.0000000000
58391  4.524  -3.381  62.161 0.0000000000
59453  4.309  -2.538  61.667 0.0000000000
52942  12.888  -8.600  72.768 0.0000000000
52969  18.259  -7.828  67.875 0.0000000000
58317  22.265  -2.967  69.832 0.0000000000
57275  21.241  -3.540  70.387 0.0000000000
56236  21.075  -4.849  68.846 0.0000000000
54088  20.002  -6.198  68.799 0.0000000000
52965  18.869  -7.511  68.821 0.0000000000
51881  17.829  -8.505  68.649 0.0000000000
50746  17.434  -9.340  70.702 0.0000000000
50743  16.673  -9.431  71.284 0.0000000000
52938  16.961  -8.951  71.834 0.0000000000
51865  15.875  -9.145  71.781 0.0000000000
52928  15.208  -8.944  72.073 0.0000000000
52941  14.032  -8.717  72.328 0.0000000000
44632  3.656  -17.112  66.935 0.0000000000
45564  4.534  -15.695  67.581 0.0000000000
46639  4.578  -14.935  69.394 0.0000000000
46645  4.647  -14.782  68.465 0.0000000000
47699  4.821  -13.792  68.625 0.0000000000
49694  5.464  -11.759  70.114 0.0000000000
50757  5.232  -10.488  69.947 0.0000000000
52963  4.414  -8.474  69.705 0.0000000000
48657  4.515  -12.376  72.777 0.0000000000
49674  4.502  -11.467  72.319 0.0000000000
50745  4.408  -10.409  71.872 0.0000000000
54076  5.717  -6.866  71.757 0.0000000000
52956  4.350  -8.428  71.539 0.0000000000
51872  4.147  -9.393  71.414 0.0000000000
52960  4.056  -8.557  70.206 0.0000000000
54087  4.305  -7.846  69.733 0.0000000000
54091  4.551  -7.163  69.096 0.0000000000
56250  4.937  -5.491  68.589 0.0000000000
58336  5.583  -3.377  69.045 0.0000000000
59396  5.228  -2.386  68.792 0.0000000000
60420  6.264  -1.589  70.119 0.0000000000
60421  5.763  -1.205  69.932 0.0000000000
61522  4.668  -0.540  68.835 0.0000000000
42729  7.413  -17.892  67.349 0.0000000000
41779  6.532  -18.129  69.426 0.0000000000
46659  5.470  -14.888  66.288 0.0000000000
45587  4.975  -15.836  64.270 0.0000000000
45618  5.868  -15.387  60.747 0.0000000000
52973  5.699  -8.053  67.091 0.0000000000
51892  6.193  -8.979  66.628 0.0000000000
50790  7.434  -10.374  65.596 0.0000000000
52993  6.797  -7.398  64.944 0.0000000000
51909  7.544  -9.319  64.657 0.0000000000
49745  7.800  -11.615  64.033 0.0000000000
48739  7.325  -12.726  62.852 0.0000000000
47767  6.715  -13.523  61.254 0.0000000000
47780  6.358  -14.300  59.855 0.0000000000
48789  6.448  -13.236  59.005 0.0000000000
51971  7.352  -9.666  58.453 0.0000000000
50892  6.604  -10.363  57.554 0.0000000000
64645  4.620  2.590  64.074 0.0000000000
65676  4.697  3.445  63.801 0.0000000000
63615  4.848  1.713  63.455 0.0000000000
62617  5.151  0.664  62.666 0.0000000000
61587  4.834  -0.812  61.484 0.0000000000
60495  4.243  -1.830  60.265 0.0000000000
61605  5.238  -0.245  59.580 0.0000000000
60494  4.713  -1.042  59.936 0.0000000000
59465  4.216  -2.663  59.697 0.0000000000
57406  4.796  -4.132  58.582 0.0000000000
57417  5.172  -4.837  57.578 0.0000000000
56369  5.578  -5.396  56.890 0.0000000000
56380  4.861  -5.110  55.704 0.0000000000
52932  11.337  -8.604  73.470 0.0000000000
54034  11.142  -8.450  73.469 0.0000000000
54040  11.319  -8.010  73.290 0.0000000000
52919  12.490  -9.101  73.144 0.0000000000
52920  12.060  -9.024  73.274 0.0000000000
51852  11.088  -9.016  73.561 0.0000000000
45658  5.445  -15.955  59.608 0.0000000000
45657  5.584  -15.726  59.178 0.0000000000
45681  5.675  -15.419  58.457 0.0000000000
45519  4.446  -14.990  72.134 0.0000000000
45520  3.952  -14.719  72.606 0.0000000000
51884  17.711  -8.194  67.540 0.0000000000
51890  16.982  -8.305  67.121 0.0000000000
46599  5.609  -13.947  72.089 0.0000000000
45518  5.345  -15.213  71.370 0.0000000000
45527  4.982  -15.621  70.888 0.0000000000
52967  4.935  -8.363  69.013 0.0000000000
52970  5.479  -8.211  68.135 0.0000000000
58404  4.497  -3.601  60.783 0.0000000000
57387  4.975  -4.337  60.709 0.0000000000
57397  4.881  -4.237  60.285 0.0000000000
56332  5.425  -4.784  59.978 0.0000000000
49665  8.588  -10.854  73.107 0.0000000000
50733  8.250  -10.091  73.076 0.0000000000
50732  8.738  -10.158  73.213 0.0000000000
50748  16.121  -10.089  71.028 0.0000000000
47663  11.739  -10.987  71.622 0.0000000000
47673  11.824  -11.313  70.931 0.0000000000
47674  11.235  -11.815  71.061 0.0000000000
46617  10.888  -12.246  70.787 0.0000000000
46605  10.681  -12.322  71.106 0.0000000000
46606  10.103  -12.792  71.057 0.0000000000
47665  10.326  -12.383  71.480 0.0000000000
49657  9.378  -10.483  73.269 0.0000000000
48648  9.397  -11.439  72.893 0.0000000000
49664  9.041  -11.146  73.025 0.0000000000
43643  3.035  -17.700  67.958 0.0000000000
49679  3.975  -12.103  71.274 0.0000000000
50750  4.247  -10.870  70.925 0.0000000000
52936  6.229  -8.266  72.599 0.0000000000
54055  6.252  -7.363  72.378 0.0000000000
58315  6.366  -3.954  71.001 0.0000000000
56224  5.744  -5.525  71.271 0.0000000000
56233  5.485  -5.111  70.418 0.0000000000
57299  5.752  -4.284  70.067 0.0000000000
58322  6.353  -3.412  70.466 0.0000000000
43592  8.053  -15.744  70.416 0.0000000000
43613  7.670  -16.235  69.606 0.0000000000
43603  7.510  -16.451  69.965 0.0000000000
40899  5.062  -19.606  69.258 0.0000000000
40898  5.428  -19.520  69.101 0.0000000000
43633  2.995  -17.723  68.655 0.0000000000
41814  2.904  -18.787  68.587 0.0000000000
42730  2.931  -18.352  68.283 0.0000000000
47729  6.807  -13.815  64.874 0.0000000000
47738  6.373  -14.454  63.699 0.0000000000
55231  5.720  -6.561  65.445 0.0000000000
51938  8.203  -9.464  62.492 0.0000000000
51951  8.228  -9.426  61.356 0.0000000000
49790  7.400  -11.166  61.030 0.0000000000
50845  7.742  -10.381  60.734 0.0000000000
50861  7.540  -10.492  59.845 0.0000000000
54191  6.494  -7.613  56.729 0.0000000000
65702  5.244  3.614  61.603 0.0000000000
64681  5.506  2.696  61.118 0.0000000000
63632  5.456  1.802  61.641 0.0000000000
61620  4.489  -0.368  56.449 0.0000000000
61619  4.825  0.137  57.048 0.0000000000
61615  4.596  -0.908  57.063 0.0000000000
60522  4.541  -1.243  57.584 0.0000000000
50716  10.098  -9.476  73.646 0.0000000000
51848  9.591  -8.808  73.565 0.0000000000
52918  9.804  -8.604  73.576 0.0000000000
55151  10.742  -7.244  73.230 0.0000000000
50728  15.146  -9.213  72.078 0.0000000000
50739  14.962  -9.673  72.091 0.0000000000
50731  12.684  -9.912  72.889 0.0000000000
49660  13.125  -10.109  72.585 0.0000000000
49661  12.213  -10.280  72.700 0.0000000000
48644  12.084  -10.487  72.345 0.0000000000
48645  11.446  -10.783  72.424 0.0000000000
49662  11.419  -10.471  72.956 0.0000000000
50715  10.589  -9.507  73.589 0.0000000000
50722  10.859  -9.901  73.512 0.0000000000
64612  4.577  2.154  66.651 0.0000000000
64618  4.525  2.406  65.900 0.0000000000
45539  4.512  -15.676  70.221 0.0000000000
47667  3.752  -13.499  72.080 0.0000000000
48662  3.872  -12.642  71.618 0.0000000000
57263  7.696  -4.736  73.014 0.0000000000
57272  7.794  -4.006  72.939 0.0000000000
58303  7.605  -3.324  72.394 0.0000000000
59372  7.420  -2.229  71.419 0.0000000000
43586  7.163  -15.889  71.280 0.0000000000
43595  7.161  -16.143  71.099 0.0000000000
42670  6.941  -16.129  71.261 0.0000000000
41766  4.659  -18.826  69.677 0.0000000000
42690  4.906  -18.106  70.124 0.0000000000
43615  4.583  -17.234  70.118 0.0000000000
48686  5.587  -12.597  69.402 0.0000000000
48692  5.517  -12.937  68.674 0.0000000000
48685  5.887  -12.300  68.700 0.0000000000
50773  5.966  -10.019  68.011 0.0000000000
50763  6.161  -10.818  68.098 0.0000000000
50772  6.412  -10.409  67.501 0.0000000000
49718  6.683  -11.330  67.234 0.0000000000
56295  5.715  -5.347  62.663 0.0000000000
56285  5.903  -5.709  63.479 0.0000000000
55259  5.896  -5.360  61.260 0.0000000000
55246  6.076  -5.966  62.066 0.0000000000
55244  6.785  -6.763  61.634 0.0000000000
55257  6.990  -6.678  60.996 0.0000000000
55270  7.395  -6.957  60.359 0.0000000000
56317  6.520  -5.855  60.300 0.0000000000
57395  5.349  -4.749  59.088 0.0000000000
56345  6.506  -5.859  59.147 0.0000000000
62661  4.305  0.816  55.905 0.0000000000
61629  3.865  -0.157  55.051 0.0000000000
48651  7.012  -12.008  72.694 0.0000000000
50734  7.271  -9.799  72.715 0.0000000000
54038  9.102  -7.593  73.507 0.0000000000
52925  8.840  -8.017  73.433 0.0000000000
56195  8.405  -5.720  73.476 0.0000000000
55156  7.557  -6.675  73.115 0.0000000000
56203  7.960  -5.202  73.349 0.0000000000
49699  16.517  -9.482  68.632 0.0000000000
49691  16.533  -9.551  69.059 0.0000000000
49693  14.720  -9.853  69.640 0.0000000000
49692  15.667  -9.604  69.324 0.0000000000
48675  13.756  -10.118  69.053 0.0000000000
49682  14.667  -10.097  70.963 0.0000000000
48658  13.923  -10.287  71.340 0.0000000000
47681  12.403  -10.989  70.432 0.0000000000
48670  13.060  -10.557  70.189 0.0000000000
47690  12.425  -11.070  69.625 0.0000000000
47697  12.418  -11.147  68.767 0.0000000000
47691  12.022  -11.852  69.109 0.0000000000
46643  11.341  -12.395  68.531 0.0000000000
46638  10.535  -12.900  68.838 0.0000000000
45515  9.316  -13.913  71.008 0.0000000000
44571  8.981  -14.876  70.835 0.0000000000
45516  9.117  -14.528  71.084 0.0000000000
48646  10.711  -11.069  72.742 0.0000000000
47658  9.645  -12.541  71.985 0.0000000000
47649  9.847  -12.157  72.284 0.0000000000
46591  8.867  -13.211  72.028 0.0000000000
45497  8.060  -14.045  71.882 0.0000000000
45506  8.124  -14.205  71.653 0.0000000000
45507  7.785  -14.860  71.847 0.0000000000
45498  7.890  -14.327  71.766 0.0000000000
46594  7.642  -13.864  72.102 0.0000000000
46595  6.840  -13.923  72.189 0.0000000000
56259  4.989  -5.510  67.537 0.0000000000
57337  4.791  -4.504  65.903 0.0000000000
61533  4.266  -0.474  66.896 0.0000000000
57344  4.860  -4.427  64.959 0.0000000000
58370  4.314  -3.498  64.317 0.0000000000
60464  4.327  -1.361  63.108 0.0000000000
59444  4.145  -2.453  62.634 0.0000000000
54049  13.554  -8.427  72.271 0.0000000000
55213  20.155  -6.279  67.516 0.0000000000
54098  19.078  -6.839  66.870 0.0000000000
54097  19.685  -6.605  67.381 0.0000000000
54094  19.231  -6.965  67.689 0.0000000000
57276  20.383  -4.163  70.621 0.0000000000
57265  20.719  -3.545  70.770 0.0000000000
56215  20.665  -4.369  70.170 0.0000000000
57287  21.336  -3.975  69.824 0.0000000000
56227  20.906  -4.546  69.572 0.0000000000
55195  20.464  -5.550  68.851 0.0000000000
54084  20.018  -6.018  69.104 0.0000000000
51880  18.338  -7.983  68.872 0.0000000000
51877  18.299  -8.129  69.296 0.0000000000
51871  17.819  -9.012  70.770 0.0000000000
51874  17.839  -8.930  70.342 0.0000000000
50742  17.307  -9.218  71.221 0.0000000000
51867  17.593  -8.978  71.515 0.0000000000
52949  16.898  -8.330  71.616 0.0000000000
51864  16.735  -9.068  71.603 0.0000000000
52939  16.018  -8.909  71.778 0.0000000000
52927  15.627  -8.820  71.900 0.0000000000
54061  14.445  -8.111  71.682 0.0000000000
52952  14.400  -8.506  72.035 0.0000000000
54048  14.156  -8.508  72.116 0.0000000000
41840  3.636  -19.583  65.756 0.0000000000
42745  3.385  -18.470  66.367 0.0000000000
46630  4.503  -14.921  70.423 0.0000000000
47683  4.535  -14.292  70.090 0.0000000000
47692  4.622  -14.018  69.357 0.0000000000
47700  4.828  -13.254  69.099 0.0000000000
48677  5.045  -12.884  70.019 0.0000000000
50754  4.501  -10.370  70.585 0.0000000000
51879  4.694  -9.320  69.780 0.0000000000
48656  5.189  -12.210  73.120 0.0000000000
49673  4.906  -11.411  72.765 0.0000000000
51866  4.900  -9.181  72.774 0.0000000000
55172  6.211  -6.302  72.048 0.0000000000
54065  6.139  -6.955  72.198 0.0000000000
55193  5.090  -6.813  70.751 0.0000000000
54077  5.060  -7.501  71.441 0.0000000000
52959  4.106  -8.529  70.800 0.0000000000
54086  4.395  -7.317  69.857 0.0000000000
57308  5.328  -4.438  68.904 0.0000000000
59390  5.647  -1.955  69.416 0.0000000000
59388  6.564  -1.904  70.263 0.0000000000
49709  15.243  -9.527  67.388 0.0000000000
50780  15.705  -9.112  66.979 0.0000000000
42719  7.492  -16.968  68.451 0.0000000000
42687  6.842  -17.386  69.816 0.0000000000
41762  6.519  -17.949  69.624 0.0000000000
40959  3.378  -20.654  66.118 0.0000000000
43668  4.227  -17.608  65.192 0.0000000000
46658  5.914  -14.442  66.276 0.0000000000
46677  5.907  -14.967  64.139 0.0000000000
46669  5.426  -15.298  64.945 0.0000000000
46678  5.405  -15.403  64.288 0.0000000000
44652  4.767  -16.588  63.636 0.0000000000
45593  5.592  -15.447  63.109 0.0000000000
45603  5.781  -15.467  62.000 0.0000000000
46702  6.195  -14.888  61.559 0.0000000000
54101  5.507  -7.383  67.177 0.0000000000
52976  6.089  -7.987  65.764 0.0000000000
51903  6.001  -8.514  66.373 0.0000000000
51902  6.203  -8.574  66.000 0.0000000000
50791  6.993  -9.971  66.247 0.0000000000
51901  6.834  -9.216  65.814 0.0000000000
54133  6.411  -6.277  63.881 0.0000000000
54118  7.029  -6.879  64.153 0.0000000000
50807  7.968  -10.402  63.492 0.0000000000
51925  7.504  -8.700  64.654 0.0000000000
50808  7.839  -9.923  64.148 0.0000000000
50797  7.765  -10.282  64.660 0.0000000000
49744  7.861  -11.431  63.603 0.0000000000
48721  7.592  -12.245  63.755 0.0000000000
48738  7.715  -12.003  63.187 0.0000000000
48754  7.293  -12.625  61.753 0.0000000000
47779  6.489  -13.714  60.078 0.0000000000
46733  6.344  -14.463  60.279 0.0000000000
47792  6.362  -14.004  59.265 0.0000000000
47791  6.458  -13.455  59.388 0.0000000000
49829  6.711  -11.750  58.647 0.0000000000
49845  6.473  -11.531  57.710 0.0000000000
53037  7.695  -8.585  58.947 0.0000000000
53038  7.265  -8.709  58.120 0.0000000000
52000  6.628  -9.563  57.193 0.0000000000
50905  6.484  -10.503  56.929 0.0000000000
65689  4.760  3.584  63.162 0.0000000000
64658  4.789  2.711  63.101 0.0000000000
63626  4.982  2.089  62.987 0.0000000000
62604  4.926  0.660  63.191 0.0000000000
62603  5.142  1.300  62.821 0.0000000000
62629  5.525  0.780  61.211 0.0000000000
61586  5.251  0.079  61.720 0.0000000000
60487  4.386  -1.759  61.153 0.0000000000
61599  4.697  -1.170  60.720 0.0000000000
63652  5.307  1.575  57.888 0.0000000000
64703  5.572  2.471  58.831 0.0000000000
63646  5.768  1.567  59.587 0.0000000000
62644  5.567  0.592  59.113 0.0000000000
60513  4.398  -1.656  58.371 0.0000000000
60504  4.800  -0.993  58.977 0.0000000000
60505  4.303  -1.783  59.323 0.0000000000
58418  4.450  -3.403  59.133 0.0000000000
58438  4.177  -3.371  56.881 0.0000000000
57418  4.776  -4.327  57.384 0.0000000000
56359  5.207  -4.979  57.193 0.0000000000
56370  5.099  -5.101  56.498 0.0000000000
58446  4.330  -3.375  55.809 0.0000000000
52916  10.530  -8.914  73.628 0.0000000000
52922  10.274  -8.545  73.612 0.0000000000
54035  10.599  -8.281  73.542 0.0000000000
51858  13.626  -9.309  72.610 0.0000000000
51849  13.140  -9.337  72.907 0.0000000000
50719  12.942  -9.538  72.887 0.0000000000
50720  12.182  -9.645  73.162 0.0000000000
50721  11.460  -9.761  73.378 0.0000000000
51845  10.804  -9.182  73.595 0.0000000000
45529  3.880  -14.928  72.085 0.0000000000
46610  3.878  -14.264  72.413 0.0000000000
47666  4.051  -13.357  72.729 0.0000000000
44564  6.515  -15.552  71.457 0.0000000000
43587  6.889  -15.907  71.352 0.0000000000
44583  5.052  -15.912  70.764 0.0000000000
44585  4.781  -15.841  70.536 0.0000000000
50765  5.594  -10.263  69.015 0.0000000000
49703  5.879  -11.438  69.068 0.0000000000
50774  5.760  -9.966  68.440 0.0000000000
56305  5.236  -4.605  61.703 0.0000000000
56306  5.416  -4.789  61.602 0.0000000000
56318  5.964  -5.282  60.502 0.0000000000
50727  7.770  -9.132  72.833 0.0000000000
56194  8.965  -5.548  73.495 0.0000000000
56201  9.166  -4.807  73.360 0.0000000000
57261  8.905  -4.107  73.363 0.0000000000
50752  17.099  -9.631  70.345 0.0000000000
49685  16.528  -9.614  69.895 0.0000000000
49687  14.773  -9.946  70.518 0.0000000000
48653  13.140  -10.527  71.977 0.0000000000
48665  12.659  -10.712  71.320 0.0000000000
45514  9.569  -13.665  70.589 0.0000000000
46607  9.496  -13.185  71.345 0.0000000000
48642  10.083  -10.819  73.206 0.0000000000
47651  8.720  -12.659  72.425 0.0000000000
46593  8.127  -13.702  72.006 0.0000000000
58337  5.244  -3.426  68.229 0.0000000000
58342  4.871  -3.476  67.286 0.0000000000
61540  4.259  -0.381  65.811 0.0000000000
60454  4.259  -1.372  64.187 0.0000000000
55205  20.129  -6.318  67.966 0.0000000000
56216  20.109  -4.975  70.432 0.0000000000
51873  18.288  -8.347  69.942 0.0000000000
52954  18.101  -8.038  70.856 0.0000000000
52947  18.010  -8.015  71.109 0.0000000000
44625  3.396  -17.099  67.791 0.0000000000
45556  4.301  -15.705  68.530 0.0000000000
48671  4.608  -12.577  70.440 0.0000000000
50735  5.783  -10.110  72.536 0.0000000000
50740  5.181  -10.793  72.517 0.0000000000
50736  5.191  -9.670  72.706 0.0000000000
56223  6.276  -4.996  71.630 0.0000000000
55184  5.804  -6.224  71.625 0.0000000000
56225  5.263  -6.205  70.970 0.0000000000
56243  5.148  -5.491  69.692 0.0000000000
57300  5.455  -4.638  69.622 0.0000000000
49716  14.354  -9.947  66.798 0.0000000000
44592  8.524  -15.415  69.918 0.0000000000
43612  7.859  -16.037  69.401 0.0000000000
42698  7.448  -16.529  69.275 0.0000000000
42710  7.136  -17.788  68.867 0.0000000000
42714  3.022  -18.754  68.795 0.0000000000
40933  3.406  -19.750  68.470 0.0000000000
41815  2.972  -19.178  68.867 0.0000000000
44640  3.936  -17.147  66.395 0.0000000000
43660  4.068  -17.462  65.760 0.0000000000
45579  4.837  -15.860  65.370 0.0000000000
48699  6.539  -13.080  66.564 0.0000000000
47723  6.118  -14.243  66.220 0.0000000000
47722  6.476  -13.859  66.009 0.0000000000
46676  6.373  -14.532  64.766 0.0000000000
46685  6.568  -14.005  62.710 0.0000000000
54104  5.630  -7.294  66.225 0.0000000000
52982  6.211  -7.445  65.504 0.0000000000
54116  7.709  -7.409  63.350 0.0000000000
52991  8.003  -7.779  63.668 0.0000000000
53007  8.150  -8.461  63.095 0.0000000000
51923  8.085  -9.771  63.193 0.0000000000
50818  7.967  -10.526  62.602 0.0000000000
49774  7.321  -11.949  61.104 0.0000000000
49791  7.274  -11.729  60.488 0.0000000000
48788  6.626  -12.746  59.383 0.0000000000
49811  7.165  -11.634  59.666 0.0000000000
53064  6.645  -8.590  56.936 0.0000000000
65688  4.910  3.434  62.499 0.0000000000
62654  5.101  0.637  57.404 0.0000000000
62648  5.450  0.560  58.156 0.0000000000
60512  4.826  -0.919  58.125 0.0000000000
50725  9.056  -9.557  73.357 0.0000000000
50718  9.342  -9.106  73.502 0.0000000000
52924  9.404  -8.225  73.500 0.0000000000
54037  9.467  -7.686  73.493 0.0000000000
54036  9.939  -7.949  73.537 0.0000000000
54042  9.636  -7.189  73.469 0.0000000000
49675  15.522  -9.906  71.340 0.0000000000
49669  15.104  -9.933  71.633 0.0000000000
49670  14.360  -10.010  71.982 0.0000000000
49677  13.821  -10.286  71.984 0.0000000000
49671  13.403  -10.298  72.239 0.0000000000
48654  12.282  -10.618  72.038 0.0000000000
47655  11.764  -10.832  71.886 0.0000000000
47656  11.375  -11.153  72.003 0.0000000000
47657  10.288  -12.169  71.869 0.0000000000
47647  11.225  -11.107  72.244 0.0000000000
48641  10.474  -10.801  73.099 0.0000000000
49654  11.209  -10.195  73.307 0.0000000000
49655  10.578  -10.306  73.387 0.0000000000
49656  10.039  -10.313  73.456 0.0000000000
64607  4.699  2.323  67.502 0.0000000000
63580  4.575  1.401  67.066 0.0000000000
63602  4.555  1.699  64.534 0.0000000000
44605  3.248  -17.276  68.913 0.0000000000
56205  6.991  -6.323  72.678 0.0000000000
55163  6.643  -6.611  72.455 0.0000000000
55162  6.838  -6.174  72.542 0.0000000000
56213  6.506  -5.462  72.017 0.0000000000
57283  6.747  -4.493  71.795 0.0000000000
58321  6.738  -2.885  70.716 0.0000000000
43584  7.816  -16.093  70.869 0.0000000000
43604  7.151  -16.590  70.416 0.0000000000
43594  7.168  -16.359  70.804 0.0000000000
42688  6.295  -17.519  70.191 0.0000000000
42679  6.649  -16.455  70.987 0.0000000000
41764  5.636  -18.430  69.914 0.0000000000
40885  5.107  -19.206  69.724 0.0000000000
40886  4.671  -19.134  69.595 0.0000000000
40887  4.294  -19.009  69.683 0.0000000000
42692  4.193  -18.903  69.163 0.0000000000
42701  4.524  -17.926  69.822 0.0000000000
42712  4.191  -17.791  69.515 0.0000000000
42703  3.717  -18.755  68.969 0.0000000000
42713  3.544  -18.075  69.068 0.0000000000
43625  3.350  -17.583  69.063 0.0000000000
47706  5.234  -13.489  68.053 0.0000000000
47705  5.650  -13.331  67.737 0.0000000000
49702  6.091  -11.668  68.417 0.0000000000
49711  6.357  -11.562  67.793 0.0000000000
49717  6.917  -11.837  66.569 0.0000000000
49726  7.363  -11.723  65.649 0.0000000000
55235  5.982  -6.150  64.402 0.0000000000
54132  6.545  -6.411  63.630 0.0000000000
55247  5.793  -5.409  61.982 0.0000000000
55239  6.384  -6.339  62.750 0.0000000000
54131  6.801  -6.735  62.987 0.0000000000
54145  6.915  -6.892  62.397 0.0000000000
54143  7.674  -7.513  61.472 0.0000000000
53016  8.160  -8.361  60.931 0.0000000000
54163  7.583  -7.548  59.687 0.0000000000
56330  6.553  -5.836  59.681 0.0000000000
55301  6.467  -6.627  57.126 0.0000000000
45637  5.461  -15.922  60.071 0.0000000000
46600  5.027  -13.491  72.475 0.0000000000
49667  6.554  -11.037  72.554 0.0000000000
54047  6.736  -7.495  72.570 0.0000000000
51854  8.651  -8.722  73.291 0.0000000000
51855  8.104  -8.654  72.985 0.0000000000
54044  8.609  -7.165  73.470 0.0000000000
54052  8.319  -7.335  73.380 0.0000000000
52934  7.906  -7.856  73.018 0.0000000000
54046  7.368  -7.344  72.861 0.0000000000
56197  7.222  -6.352  72.865 0.0000000000
51882  17.430  -9.004  68.535 0.0000000000
50770  16.615  -8.963  67.562 0.0000000000
50762  16.448  -9.445  68.395 0.0000000000
49701  14.566  -9.828  68.622 0.0000000000
48689  13.884  -10.045  67.893 0.0000000000
47703  12.421  -11.222  67.945 0.0000000000
48664  12.951  -10.678  70.972 0.0000000000
44591  8.881  -15.051  69.713 0.0000000000
44582  8.574  -15.385  70.459 0.0000000000
44573  8.044  -15.516  71.106 0.0000000000
46597  9.333  -13.015  71.709 0.0000000000
46598  8.904  -13.406  71.858 0.0000000000
45505  8.665  -13.955  71.631 0.0000000000
44560  8.197  -14.823  71.446 0.0000000000
44562  7.416  -15.303  71.492 0.0000000000
45499  7.469  -14.988  71.716 0.0000000000
44552  7.124  -15.038  71.774 0.0000000000
54095  5.028  -7.079  68.272 0.0000000000
55222  5.401  -6.818  66.877 0.0000000000
55225  5.274  -6.232  66.311 0.0000000000
56279  5.326  -5.257  64.737 0.0000000000
60433  4.397  -1.496  67.367 0.0000000000
59410  4.451  -2.458  65.779 0.0000000000
57366  4.936  -4.261  62.746 0.0000000000
58398  4.482  -3.319  61.333 0.0000000000
52943  12.341  -8.446  73.045 0.0000000000
54039  12.017  -8.329  73.157 0.0000000000
54050  12.387  -8.136  72.725 0.0000000000
54063  12.179  -7.609  72.136 0.0000000000
57274  21.852  -3.360  69.915 0.0000000000
55204  20.361  -5.923  68.255 0.0000000000
54089  19.672  -6.701  68.560 0.0000000000
54085  19.639  -6.495  69.362 0.0000000000
54090  19.282  -7.021  68.246 0.0000000000
52968  18.790  -7.405  68.117 0.0000000000
52966  18.398  -7.842  68.501 0.0000000000
50760  17.468  -9.069  68.760 0.0000000000
50751  17.549  -9.338  69.978 0.0000000000
50747  16.906  -9.618  70.942 0.0000000000
54057  18.071  -7.630  71.003 0.0000000000
52948  17.651  -8.494  71.407 0.0000000000
52937  17.515  -8.878  72.056 0.0000000000
51868  17.096  -9.055  71.461 0.0000000000
50737  16.362  -9.325  71.502 0.0000000000
51857  14.725  -9.164  72.198 0.0000000000
52940  15.022  -8.774  72.060 0.0000000000
52929  14.210  -9.008  72.404 0.0000000000
47660  4.732  -13.158  72.995 0.0000000000
50749  4.196  -10.363  71.085 0.0000000000
54066  5.556  -7.571  72.117 0.0000000000
52953  4.827  -8.368  72.229 0.0000000000
51875  4.073  -9.333  70.698 0.0000000000
54083  4.126  -7.952  70.239 0.0000000000
54092  4.684  -7.724  69.041 0.0000000000
59380  6.593  -2.526  70.387 0.0000000000
59389  6.238  -2.293  69.856 0.0000000000
60422  5.068  -1.365  69.234 0.0000000000
62557  4.793  0.341  69.196 0.0000000000
50788  15.161  -8.884  65.787 0.0000000000
49715  14.840  -9.502  66.413 0.0000000000
42686  7.170  -16.926  69.663 0.0000000000
42700  6.911  -17.821  69.191 0.0000000000
42711  6.944  -18.022  68.978 0.0000000000
41811  6.970  -18.336  68.478 0.0000000000
51893  5.951  -8.621  66.913 0.0000000000
51886  6.473  -9.644  66.936 0.0000000000
50781  7.186  -10.854  66.263 0.0000000000
52994  6.468  -7.321  65.219 0.0000000000
52981  6.466  -7.976  65.463 0.0000000000
52992  7.487  -7.870  64.576 0.0000000000
51910  7.054  -8.614  65.209 0.0000000000
51900  7.346  -9.497  65.233 0.0000000000
49733  7.759  -11.482  64.701 0.0000000000
47754  6.858  -13.478  62.355 0.0000000000
46719  6.402  -14.328  60.962 0.0000000000
46720  6.218  -14.846  60.690 0.0000000000
46746  6.032  -14.875  59.157 0.0000000000
47805  6.196  -14.115  58.544 0.0000000000
51970  7.788  -9.600  59.310 0.0000000000
51986  6.911  -9.649  57.801 0.0000000000
65646  4.552  3.297  65.622 0.0000000000
64630  4.510  2.534  65.009 0.0000000000
61573  4.911  -0.161  62.464 0.0000000000
61572  5.204  0.251  62.127 0.0000000000
59459  4.322  -2.761  60.701 0.0000000000
62638  5.597  0.661  60.162 0.0000000000
58412  4.417  -3.481  60.079 0.0000000000
57405  5.216  -4.806  58.128 0.0000000000
56358  5.584  -5.306  57.597 0.0000000000
55302  6.020  -5.802  57.077 0.0000000000
55316  5.655  -6.276  56.249 0.0000000000
55317  5.176  -5.585  55.963 0.0000000000
54206  5.534  -7.368  55.706 0.0000000000
40901  4.317  -19.334  69.039 0.0000000000
41767  4.270  -18.986  69.526 0.0000000000
41781  4.712  -20.003  69.519 0.0000000000
41783  3.930  -18.993  69.279 0.0000000000
41795  6.976  -18.166  68.746 0.0000000000
41798  4.640  -19.874  69.153 0.0000000000
41799  4.470  -19.718  68.856 0.0000000000
42669  6.942  -16.256  71.137 0.0000000000
42702  4.140  -18.280  69.271 0.0000000000
42722  2.914  -18.823  69.071 0.0000000000
43606  4.795  -17.626  70.188 0.0000000000
43614  4.890  -16.832  70.454 0.0000000000
44553  6.858  -15.070  71.701 0.0000000000
44574  5.239  -15.885  70.980 0.0000000000
44584  4.983  -16.147  70.643 0.0000000000
45517  5.152  -15.659  71.032 0.0000000000
45526  5.125  -15.829  70.887 0.0000000000
46667  6.472  -14.314  65.282 0.0000000000
46734  6.228  -14.835  59.936 0.0000000000
47713  6.325  -13.569  66.548 0.0000000000
48684  6.034  -12.117  68.314 0.0000000000
48693  5.470  -13.049  69.023 0.0000000000
48720  7.740  -11.913  63.513 0.0000000000
48753  7.619  -12.083  62.502 0.0000000000
49732  7.918  -11.089  64.176 0.0000000000
50717  9.696  -9.266  73.593 0.0000000000
50796  7.936  -10.608  63.993 0.0000000000
51844  11.087  -9.218  73.542 0.0000000000
51847  9.947  -9.015  73.689 0.0000000000
51850  12.539  -9.331  73.096 0.0000000000
51856  15.537  -8.881  72.106 0.0000000000
51859  12.923  -9.190  72.976 0.0000000000
51863  17.287  -8.945  71.674 0.0000000000
51891  6.565  -9.393  66.409 0.0000000000
51939  8.141  -9.208  63.234 0.0000000000
52915  10.797  -8.933  73.596 0.0000000000
52917  10.053  -8.736  73.644 0.0000000000
52933  8.397  -7.664  73.332 0.0000000000
52944  8.195  -7.525  73.285 0.0000000000
52945  7.989  -7.424  73.210 0.0000000000
52980  6.943  -7.989  65.110 0.0000000000
54053  8.092  -7.290  73.313 0.0000000000
54054  6.369  -6.980  72.350 0.0000000000
54129  7.580  -7.478  62.048 0.0000000000
54130  7.528  -7.392  62.782 0.0000000000
54144  7.076  -7.044  61.829 0.0000000000
54154  7.640  -7.370  60.657 0.0000000000
55155  8.183  -6.478  73.432 0.0000000000
55157  6.998  -6.849  72.708 0.0000000000
55164  6.430  -6.946  72.360 0.0000000000
55186  19.948  -5.562  70.219 0.0000000000
55194  20.840  -5.231  68.692 0.0000000000
55196  20.113  -5.722  69.463 0.0000000000
55238  6.511  -6.509  62.570 0.0000000000
55256  7.340  -6.961  60.697 0.0000000000
56198  6.953  -6.566  72.656 0.0000000000
56237  20.516  -5.173  69.402 0.0000000000
56238  20.283  -5.384  69.683 0.0000000000
56319  5.547  -4.859  60.669 0.0000000000
56320  5.310  -4.604  60.893 0.0000000000
57264  21.020  -3.430  70.699 0.0000000000
57286  22.005  -3.364  69.624 0.0000000000
57377  5.130  -4.490  61.106 0.0000000000
58297  21.028  -3.231  70.841 0.0000000000
58305  21.859  -2.997  70.166 0.0000000000
58306  21.347  -3.002  70.690 0.0000000000
60521  4.785  -0.854  57.755 0.0000000000
63614  5.062  1.804  62.930 0.0000000000
