#!ascii label  , from subject sub-02 vox2ras=TkReg
1152
61745  52.334  -0.311  42.602 0.0000000000
47849  40.519  -14.000  53.195 0.0000000000
45722  26.680  -15.294  55.940 0.0000000000
44677  21.932  -16.337  60.485 0.0000000000
45611  34.344  -15.079  60.863 0.0000000000
46848  30.561  -14.752  50.599 0.0000000000
57562  49.498  -5.013  46.120 0.0000000000
65923  56.221  4.046  37.765 0.0000000000
60581  46.243  -1.788  50.411 0.0000000000
52132  41.724  -8.998  46.162 0.0000000000
50019  34.093  -11.081  43.738 0.0000000000
49800  28.164  -11.824  60.162 0.0000000000
46753  23.461  -14.168  58.035 0.0000000000
50827  25.105  -10.487  61.193 0.0000000000
45671  30.538  -15.527  58.262 0.0000000000
62717  49.658  1.387  50.490 0.0000000000
47794  42.464  -13.785  58.296 0.0000000000
49883  44.971  -11.516  54.683 0.0000000000
52075  45.022  -9.222  51.364 0.0000000000
50988  41.169  -11.018  49.940 0.0000000000
52144  38.071  -10.076  45.259 0.0000000000
47883  37.156  -13.298  48.287 0.0000000000
45823  25.951  -15.526  49.612 0.0000000000
47920  27.871  -14.068  46.583 0.0000000000
64908  55.022  2.280  40.048 0.0000000000
63895  55.521  1.751  37.800 0.0000000000
44763  23.302  -16.369  51.493 0.0000000000
42809  21.152  -18.524  54.583 0.0000000000
45711  37.477  -16.050  56.535 0.0000000000
46819  36.169  -14.733  52.215 0.0000000000
45737  34.030  -15.688  55.692 0.0000000000
45781  28.782  -15.657  53.602 0.0000000000
59616  50.690  -2.995  45.051 0.0000000000
49727  23.649  -11.678  63.733 0.0000000000
44648  22.198  -16.395  63.510 0.0000000000
65861  53.779  4.072  43.115 0.0000000000
63780  52.507  1.747  45.524 0.0000000000
61697  50.283  -0.562  47.586 0.0000000000
59586  47.757  -2.677  47.599 0.0000000000
57548  45.288  -4.104  46.171 0.0000000000
58458  46.296  -3.819  53.713 0.0000000000
55387  44.408  -6.655  48.759 0.0000000000
55470  43.468  -7.041  43.465 0.0000000000
54408  39.554  -7.761  42.056 0.0000000000
47902  32.879  -13.654  47.632 0.0000000000
51915  27.906  -9.438  62.577 0.0000000000
50825  26.475  -10.312  60.914 0.0000000000
52999  26.452  -8.841  62.689 0.0000000000
48746  29.365  -12.053  61.806 0.0000000000
46778  42.157  -14.961  56.603 0.0000000000
48866  42.979  -12.925  54.370 0.0000000000
49926  42.904  -11.458  52.483 0.0000000000
48889  40.133  -12.614  51.134 0.0000000000
49968  39.007  -12.340  49.161 0.0000000000
47859  39.258  -13.396  50.965 0.0000000000
44795  23.659  -17.007  48.691 0.0000000000
45868  24.813  -15.988  47.072 0.0000000000
63836  53.668  1.533  41.608 0.0000000000
62826  54.813  0.345  40.167 0.0000000000
61759  53.455  -0.324  41.361 0.0000000000
44747  25.054  -15.831  53.928 0.0000000000
43735  22.263  -17.137  53.119 0.0000000000
44730  23.673  -15.753  54.807 0.0000000000
46741  22.778  -15.003  59.097 0.0000000000
44709  21.972  -17.065  58.012 0.0000000000
43707  21.624  -17.920  59.413 0.0000000000
43699  21.612  -17.907  60.394 0.0000000000
44690  38.767  -16.194  60.102 0.0000000000
45666  35.929  -16.110  58.530 0.0000000000
45713  35.374  -15.902  56.620 0.0000000000
45668  33.808  -15.825  58.644 0.0000000000
46763  28.429  -15.169  57.585 0.0000000000
45718  30.072  -15.686  56.492 0.0000000000
45743  27.958  -15.673  55.415 0.0000000000
45794  26.210  -15.739  52.814 0.0000000000
58550  50.246  -3.903  46.206 0.0000000000
58564  51.220  -4.143  45.410 0.0000000000
56474  50.489  -5.713  46.276 0.0000000000
44634  22.709  -17.195  65.034 0.0000000000
61706  51.362  0.179  46.529 0.0000000000
62751  51.216  1.302  47.982 0.0000000000
61664  47.765  -0.250  50.759 0.0000000000
61687  48.725  -0.653  48.918 0.0000000000
60611  46.898  -1.700  48.752 0.0000000000
58554  46.714  -3.574  46.501 0.0000000000
58526  45.108  -3.323  48.216 0.0000000000
52101  43.973  -9.253  48.656 0.0000000000
54296  44.698  -7.758  49.204 0.0000000000
53220  44.266  -8.263  47.158 0.0000000000
54377  44.169  -7.533  45.133 0.0000000000
53240  42.741  -8.418  45.071 0.0000000000
54406  41.678  -7.563  42.489 0.0000000000
53254  40.627  -8.298  43.924 0.0000000000
53258  37.049  -8.897  42.873 0.0000000000
46833  33.300  -14.650  51.361 0.0000000000
47869  34.699  -14.257  49.954 0.0000000000
47880  32.102  -14.309  49.236 0.0000000000
48940  28.672  -13.357  44.927 0.0000000000
68192  55.820  5.433  34.164 0.0000000000
65952  55.613  4.065  35.981 0.0000000000
47796  27.530  -13.804  58.215 0.0000000000
46784  24.397  -14.631  56.385 0.0000000000
48801  25.705  -12.726  58.493 0.0000000000
48783  24.209  -12.842  59.711 0.0000000000
47775  23.769  -13.164  60.319 0.0000000000
46693  32.631  -13.864  61.508 0.0000000000
45646  31.803  -15.372  59.450 0.0000000000
46711  30.958  -13.968  60.733 0.0000000000
47785  29.053  -13.657  59.387 0.0000000000
63719  50.364  1.898  49.602 0.0000000000
61653  47.623  -0.453  51.859 0.0000000000
50949  45.145  -10.556  52.834 0.0000000000
50986  43.021  -10.531  50.289 0.0000000000
51020  41.585  -10.057  48.202 0.0000000000
52142  39.920  -9.206  45.375 0.0000000000
51034  39.672  -10.705  47.358 0.0000000000
49977  37.863  -11.882  46.998 0.0000000000
48922  35.638  -12.512  46.062 0.0000000000
46861  28.077  -14.871  49.732 0.0000000000
47892  29.254  -14.342  48.507 0.0000000000
46892  27.051  -14.773  47.879 0.0000000000
64920  55.825  3.229  38.925 0.0000000000
64941  55.756  3.086  37.190 0.0000000000
63870  55.467  1.804  39.279 0.0000000000
44722  22.416  -16.147  56.415 0.0000000000
45684  40.788  -16.024  57.985 0.0000000000
45754  39.207  -15.640  54.779 0.0000000000
46817  38.362  -14.550  51.996 0.0000000000
45772  37.308  -15.268  53.861 0.0000000000
45774  35.308  -15.242  53.902 0.0000000000
46812  32.315  -15.229  53.045 0.0000000000
45692  32.384  -15.824  57.643 0.0000000000
45761  31.554  -15.449  54.373 0.0000000000
45790  30.180  -15.257  52.424 0.0000000000
45802  27.484  -15.466  51.700 0.0000000000
45813  25.043  -15.765  51.139 0.0000000000
60677  51.598  -1.169  43.466 0.0000000000
60686  52.672  -1.412  42.390 0.0000000000
59631  51.805  -2.530  43.594 0.0000000000
50814  23.975  -10.628  62.511 0.0000000000
46694  23.065  -14.022  62.329 0.0000000000
46680  23.055  -14.658  63.449 0.0000000000
44653  21.976  -16.487  62.419 0.0000000000
65892  55.300  3.996  41.069 0.0000000000
64885  54.503  3.190  41.728 0.0000000000
63818  53.434  2.200  42.538 0.0000000000
62788  52.004  0.847  44.028 0.0000000000
61716  51.430  0.013  45.618 0.0000000000
60652  50.407  -1.677  46.236 0.0000000000
59597  49.579  -2.791  46.857 0.0000000000
62743  49.936  0.226  49.078 0.0000000000
60626  48.891  -2.046  47.655 0.0000000000
58552  48.704  -3.752  46.656 0.0000000000
58566  47.207  -3.917  45.782 0.0000000000
57605  46.396  -4.438  43.716 0.0000000000
59537  45.814  -2.876  51.675 0.0000000000
55355  45.363  -6.989  52.539 0.0000000000
57476  44.805  -4.849  51.369 0.0000000000
58516  44.698  -3.689  49.391 0.0000000000
57550  44.306  -5.236  46.833 0.0000000000
56507  44.430  -6.050  43.996 0.0000000000
53256  38.878  -8.320  43.164 0.0000000000
46841  37.004  -14.299  50.347 0.0000000000
47885  35.692  -13.701  48.129 0.0000000000
48935  33.659  -12.717  45.291 0.0000000000
47918  30.142  -13.604  46.807 0.0000000000
48937  31.567  -12.830  45.349 0.0000000000
51916  27.283  -9.090  62.610 0.0000000000
54112  26.727  -7.929  63.297 0.0000000000
46797  41.305  -14.573  54.679 0.0000000000
47831  42.665  -13.878  55.206 0.0000000000
47848  41.487  -13.481  53.709 0.0000000000
48877  41.611  -12.899  53.278 0.0000000000
47853  39.998  -13.377  51.852 0.0000000000
47858  39.761  -13.109  51.211 0.0000000000
47854  39.393  -14.114  52.171 0.0000000000
62812  52.961  0.576  42.028 0.0000000000
62811  53.648  0.420  41.244 0.0000000000
61760  52.971  -0.722  41.846 0.0000000000
45768  25.515  -15.580  54.640 0.0000000000
44738  24.357  -15.750  54.276 0.0000000000
44728  24.883  -15.493  54.870 0.0000000000
46728  22.555  -14.905  60.110 0.0000000000
44695  21.903  -17.105  59.028 0.0000000000
44694  22.049  -16.355  59.607 0.0000000000
44665  21.656  -17.069  60.891 0.0000000000
46706  34.693  -14.723  61.280 0.0000000000
45610  35.580  -15.218  61.192 0.0000000000
45624  36.113  -15.936  60.350 0.0000000000
45643  35.363  -15.953  59.525 0.0000000000
45667  34.913  -15.946  58.610 0.0000000000
45644  34.266  -15.718  59.559 0.0000000000
46780  27.612  -15.241  56.765 0.0000000000
45720  28.346  -15.552  56.262 0.0000000000
45744  27.108  -15.615  55.308 0.0000000000
45766  26.593  -15.714  54.514 0.0000000000
57545  49.926  -4.768  46.398 0.0000000000
56475  49.928  -5.305  46.222 0.0000000000
64808  51.861  2.846  46.826 0.0000000000
63749  51.665  2.148  47.394 0.0000000000
63734  51.292  2.009  48.116 0.0000000000
61665  47.156  -0.750  50.858 0.0000000000
60593  47.435  -0.950  49.405 0.0000000000
59560  46.271  -2.128  49.071 0.0000000000
59574  45.821  -2.758  48.393 0.0000000000
59561  45.476  -2.747  49.391 0.0000000000
52117  43.014  -9.159  47.351 0.0000000000
53193  44.049  -8.766  48.116 0.0000000000
53222  43.210  -8.764  46.470 0.0000000000
53229  43.680  -8.451  46.033 0.0000000000
53231  42.156  -8.605  45.538 0.0000000000
53241  42.053  -8.383  44.802 0.0000000000
53232  41.401  -8.641  45.202 0.0000000000
46834  32.303  -14.759  51.405 0.0000000000
46846  32.454  -14.523  50.484 0.0000000000
46847  31.484  -14.647  50.517 0.0000000000
66964  55.956  4.406  36.072 0.0000000000
65939  55.825  3.792  36.610 0.0000000000
48779  27.961  -12.488  59.370 0.0000000000
48820  26.430  -13.131  58.089 0.0000000000
49802  26.874  -11.618  59.432 0.0000000000
50826  25.767  -10.239  61.011 0.0000000000
49784  25.686  -11.065  60.090 0.0000000000
48763  24.563  -11.850  60.577 0.0000000000
48764  24.282  -12.440  60.270 0.0000000000
48747  24.382  -11.749  60.981 0.0000000000
47746  31.575  -12.772  61.802 0.0000000000
46710  31.452  -13.998  60.978 0.0000000000
47747  30.837  -12.726  61.738 0.0000000000
49765  28.620  -11.455  61.583 0.0000000000
48761  29.709  -12.724  61.286 0.0000000000
48778  28.550  -12.535  59.925 0.0000000000
47795  28.323  -13.835  58.795 0.0000000000
48846  44.696  -12.068  55.442 0.0000000000
49847  45.027  -11.325  56.089 0.0000000000
50906  45.362  -10.587  55.339 0.0000000000
50933  45.701  -10.099  54.021 0.0000000000
49905  44.857  -11.181  53.589 0.0000000000
49944  41.773  -11.270  51.266 0.0000000000
50969  43.303  -10.773  51.311 0.0000000000
50987  41.940  -10.726  50.217 0.0000000000
51005  42.610  -10.161  49.180 0.0000000000
51006  41.409  -10.607  49.245 0.0000000000
51033  40.610  -10.244  47.627 0.0000000000
49970  40.033  -11.138  48.447 0.0000000000
48898  38.507  -12.784  49.182 0.0000000000
48902  38.119  -12.279  47.964 0.0000000000
48911  37.411  -12.292  47.109 0.0000000000
48921  36.552  -12.316  46.485 0.0000000000
48912  36.583  -12.918  47.244 0.0000000000
46862  27.166  -15.199  49.724 0.0000000000
46876  27.520  -14.881  48.832 0.0000000000
46877  26.547  -15.183  48.761 0.0000000000
64907  55.292  3.162  40.163 0.0000000000
63871  55.086  1.641  39.790 0.0000000000
61788  55.305  0.005  39.676 0.0000000000
44770  22.723  -17.068  50.559 0.0000000000
43744  22.141  -17.517  51.680 0.0000000000
46768  23.755  -14.395  57.016 0.0000000000
45725  23.762  -15.029  56.167 0.0000000000
45699  22.867  -15.299  57.131 0.0000000000
42794  21.275  -18.719  57.713 0.0000000000
42800  21.241  -18.673  56.656 0.0000000000
45663  38.365  -16.376  58.518 0.0000000000
44715  39.403  -16.268  58.743 0.0000000000
45709  39.565  -16.058  56.769 0.0000000000
45731  40.363  -15.781  55.911 0.0000000000
45733  38.343  -15.891  55.569 0.0000000000
45755  38.101  -15.507  54.404 0.0000000000
45734  37.243  -15.811  55.543 0.0000000000
45736  35.081  -15.683  55.685 0.0000000000
45757  35.771  -15.477  54.755 0.0000000000
45758  34.727  -15.451  54.775 0.0000000000
46810  33.762  -15.139  53.030 0.0000000000
45776  33.325  -15.260  53.837 0.0000000000
45670  31.527  -15.677  58.501 0.0000000000
45693  31.316  -15.715  57.549 0.0000000000
45763  29.319  -15.692  54.564 0.0000000000
45740  30.795  -15.637  55.538 0.0000000000
45762  30.345  -15.517  54.522 0.0000000000
45779  30.798  -15.328  53.447 0.0000000000
45791  29.142  -15.366  52.603 0.0000000000
45801  28.491  -15.246  51.566 0.0000000000
45792  28.162  -15.549  52.648 0.0000000000
45796  24.552  -15.896  52.490 0.0000000000
45804  25.597  -15.728  51.897 0.0000000000
44768  24.159  -16.089  50.943 0.0000000000
60665  51.028  -1.644  44.077 0.0000000000
59615  50.947  -2.495  44.377 0.0000000000
57581  51.786  -4.407  45.010 0.0000000000
49738  23.777  -11.523  62.878 0.0000000000
48733  23.644  -12.310  62.238 0.0000000000
48715  23.488  -12.454  63.220 0.0000000000
45580  23.364  -15.661  64.663 0.0000000000
45581  22.863  -15.626  63.901 0.0000000000
45588  22.410  -15.481  62.983 0.0000000000
43680  21.698  -17.638  62.310 0.0000000000
43671  21.759  -17.800  63.107 0.0000000000
66928  55.428  4.645  39.989 0.0000000000
65877  54.897  4.035  41.714 0.0000000000
64868  54.287  3.628  42.390 0.0000000000
64886  53.957  2.736  42.088 0.0000000000
64869  53.796  3.126  42.996 0.0000000000
63793  53.090  1.992  44.904 0.0000000000
63806  52.596  1.487  44.421 0.0000000000
63794  52.447  1.400  44.817 0.0000000000
62778  51.893  0.815  45.108 0.0000000000
61696  51.077  0.309  47.394 0.0000000000
61707  50.716  -0.680  46.821 0.0000000000
59596  49.950  -2.648  46.551 0.0000000000
60639  50.111  -1.494  47.050 0.0000000000
62728  50.131  1.431  50.058 0.0000000000
62742  50.537  1.078  48.982 0.0000000000
62729  49.850  0.711  49.980 0.0000000000
59571  48.204  -2.017  47.943 0.0000000000
60609  48.871  -1.324  48.208 0.0000000000
59585  48.546  -2.690  47.419 0.0000000000
58538  48.189  -3.251  47.083 0.0000000000
57564  48.120  -4.254  45.843 0.0000000000
58553  47.850  -3.729  46.469 0.0000000000
58555  45.632  -3.891  46.430 0.0000000000
58567  46.295  -3.959  45.788 0.0000000000
57586  45.571  -4.568  44.511 0.0000000000
58472  46.046  -3.717  52.881 0.0000000000
53140  45.531  -8.824  52.702 0.0000000000
55341  45.704  -6.830  53.743 0.0000000000
54251  45.389  -8.079  52.294 0.0000000000
55376  44.593  -6.893  49.946 0.0000000000
56435  44.233  -5.817  49.589 0.0000000000
57490  44.371  -4.812  50.157 0.0000000000
56436  44.154  -5.693  48.800 0.0000000000
57519  44.159  -4.846  48.114 0.0000000000
56447  44.173  -5.582  48.269 0.0000000000
55459  43.754  -7.199  44.106 0.0000000000
55458  44.192  -6.909  44.537 0.0000000000
55469  44.052  -6.623  43.717 0.0000000000
56520  44.533  -6.050  43.224 0.0000000000
55482  44.083  -6.453  42.920 0.0000000000
55483  43.495  -6.754  42.567 0.0000000000
54407  40.540  -7.640  42.249 0.0000000000
55501  41.896  -7.217  41.053 0.0000000000
52143  38.803  -9.915  45.554 0.0000000000
52153  39.551  -8.960  44.653 0.0000000000
53245  38.500  -8.887  43.932 0.0000000000
53267  37.265  -8.463  42.179 0.0000000000
46818  37.279  -14.679  52.154 0.0000000000
46829  37.409  -14.385  51.079 0.0000000000
46830  36.399  -14.517  51.320 0.0000000000
47887  33.747  -13.931  48.387 0.0000000000
47877  34.685  -14.108  49.122 0.0000000000
47901  33.839  -13.625  47.529 0.0000000000
47913  34.213  -13.351  46.583 0.0000000000
47915  33.083  -13.376  46.860 0.0000000000
47906  28.819  -14.200  47.682 0.0000000000
47905  29.885  -13.912  47.570 0.0000000000
47919  29.124  -13.733  46.714 0.0000000000
48938  30.422  -13.009  45.499 0.0000000000
48951  31.881  -12.569  44.504 0.0000000000
64934  55.524  2.400  37.344 0.0000000000
64942  55.240  2.689  36.765 0.0000000000
60685  53.421  -1.919  42.029 0.0000000000
50811  28.132  -10.453  62.115 0.0000000000
50837  27.304  -10.961  60.451 0.0000000000
50812  27.544  -10.087  61.942 0.0000000000
51944  26.257  -9.826  61.547 0.0000000000
51930  25.973  -9.267  62.173 0.0000000000
49752  29.078  -11.217  62.659 0.0000000000
46762  42.446  -14.728  57.668 0.0000000000
47807  43.278  -13.551  57.294 0.0000000000
46777  42.904  -14.143  56.068 0.0000000000
47830  43.173  -13.446  55.382 0.0000000000
48865  43.751  -12.505  54.573 0.0000000000
49906  43.831  -11.738  53.577 0.0000000000
48876  42.601  -12.478  53.599 0.0000000000
49927  41.808  -11.884  52.217 0.0000000000
49957  40.526  -11.647  50.310 0.0000000000
49967  39.551  -12.020  49.380 0.0000000000
48892  39.957  -12.269  50.446 0.0000000000
47864  38.965  -13.171  50.260 0.0000000000
47865  38.393  -13.422  49.988 0.0000000000
44794  24.284  -16.449  48.441 0.0000000000
45854  24.800  -15.886  47.943 0.0000000000
44811  23.987  -16.979  47.970 0.0000000000
63857  54.168  1.574  40.996 0.0000000000
63856  54.637  1.624  40.387 0.0000000000
62827  54.152  0.830  40.790 0.0000000000
61776  54.256  -0.453  40.717 0.0000000000
44756  24.258  -16.045  52.964 0.0000000000
44758  22.649  -16.755  52.091 0.0000000000
44749  23.486  -16.271  53.439 0.0000000000
44740  22.796  -16.552  54.066 0.0000000000
44732  22.081  -16.950  54.684 0.0000000000
46754  23.024  -14.800  58.258 0.0000000000
44717  22.300  -16.207  57.603 0.0000000000
45674  22.563  -15.526  58.364 0.0000000000
43710  21.591  -17.882  58.400 0.0000000000
41872  21.164  -19.899  59.114 0.0000000000
44692  37.195  -16.322  59.700 0.0000000000
45688  36.657  -16.126  57.528 0.0000000000
45712  36.430  -15.949  56.564 0.0000000000
45689  35.640  -16.039  57.581 0.0000000000
45690  34.584  -15.949  57.641 0.0000000000
45714  34.310  -15.873  56.659 0.0000000000
45672  29.559  -15.370  58.030 0.0000000000
45694  30.309  -15.628  57.404 0.0000000000
45695  29.411  -15.538  57.224 0.0000000000
45742  28.818  -15.731  55.494 0.0000000000
45764  28.374  -15.786  54.564 0.0000000000
45793  27.188  -15.674  52.727 0.0000000000
45783  26.870  -15.775  53.692 0.0000000000
45795  25.175  -15.842  52.881 0.0000000000
59603  50.398  -2.785  45.823 0.0000000000
58579  50.982  -3.595  45.164 0.0000000000
58565  50.701  -3.681  45.624 0.0000000000
57544  50.828  -5.065  46.382 0.0000000000
44641  23.324  -16.256  65.020 0.0000000000
44642  22.742  -16.603  64.526 0.0000000000
43670  21.971  -17.375  63.848 0.0000000000
43662  22.272  -17.561  64.698 0.0000000000
63765  52.315  2.387  46.354 0.0000000000
62769  51.872  1.106  46.055 0.0000000000
62759  51.645  1.275  47.004 0.0000000000
62752  50.674  0.455  48.081 0.0000000000
61663  48.441  0.177  50.397 0.0000000000
61674  48.594  -0.162  49.585 0.0000000000
61675  47.761  -0.534  49.739 0.0000000000
60610  47.783  -1.183  48.828 0.0000000000
59572  47.350  -2.086  48.166 0.0000000000
58539  47.254  -3.131  47.121 0.0000000000
59588  46.333  -2.715  47.994 0.0000000000
58540  46.053  -3.185  47.507 0.0000000000
58541  45.168  -3.776  47.141 0.0000000000
52088  44.502  -9.351  49.990 0.0000000000
53167  44.800  -8.749  50.350 0.0000000000
53180  44.663  -8.615  49.577 0.0000000000
53201  44.339  -8.322  47.820 0.0000000000
54330  44.501  -7.733  47.417 0.0000000000
55414  44.514  -7.077  46.992 0.0000000000
54351  44.384  -7.819  46.591 0.0000000000
54364  43.876  -8.166  45.427 0.0000000000
54390  43.326  -7.574  44.071 0.0000000000
55471  42.910  -7.132  43.024 0.0000000000
54392  41.831  -7.885  43.341 0.0000000000
54381  41.270  -8.136  43.808 0.0000000000
54394  39.802  -7.997  42.823 0.0000000000
51059  37.123  -10.134  44.621 0.0000000000
52155  37.704  -9.569  44.359 0.0000000000
52156  36.619  -9.955  44.081 0.0000000000
52181  36.090  -9.140  42.499 0.0000000000
53282  35.120  -9.088  41.433 0.0000000000
46820  35.100  -14.791  52.232 0.0000000000
46831  35.373  -14.567  51.406 0.0000000000
46845  33.509  -14.410  50.354 0.0000000000
46855  33.079  -14.302  49.667 0.0000000000
47888  32.732  -14.010  48.459 0.0000000000
47933  28.564  -13.529  45.621 0.0000000000
47948  28.105  -13.551  44.667 0.0000000000
68191  56.459  5.673  34.595 0.0000000000
66974  55.966  4.767  35.316 0.0000000000
65953  55.014  3.919  35.554 0.0000000000
46765  26.654  -14.491  57.043 0.0000000000
46782  26.131  -14.686  56.504 0.0000000000
47810  25.918  -13.864  57.206 0.0000000000
47811  24.925  -13.612  57.306 0.0000000000
47799  24.522  -13.292  58.147 0.0000000000
50854  26.424  -11.182  59.836 0.0000000000
49804  25.466  -11.702  59.681 0.0000000000
47800  23.868  -13.571  58.579 0.0000000000
46740  23.306  -14.127  59.330 0.0000000000
46727  23.122  -14.014  60.734 0.0000000000
45612  33.307  -14.834  60.788 0.0000000000
45626  33.709  -15.320  60.274 0.0000000000
45627  32.415  -14.963  60.300 0.0000000000
45628  31.473  -14.842  60.059 0.0000000000
46737  30.466  -14.741  59.695 0.0000000000
47763  30.140  -13.086  61.203 0.0000000000
46726  30.101  -14.290  59.988 0.0000000000
46738  29.791  -14.641  59.296 0.0000000000
46739  29.059  -14.394  58.786 0.0000000000
46752  27.794  -14.550  57.899 0.0000000000
57582  49.296  -5.067  45.571 0.0000000000
56490  49.838  -5.499  45.897 0.0000000000
56506  49.729  -5.512  45.165 0.0000000000
64798  50.754  2.624  48.440 0.0000000000
62718  49.053  0.945  50.824 0.0000000000
61652  48.340  0.325  51.388 0.0000000000
61654  47.024  -0.933  51.479 0.0000000000
52037  45.813  -9.423  53.828 0.0000000000
52063  45.261  -9.469  52.065 0.0000000000
49925  44.173  -11.162  52.781 0.0000000000
50968  44.235  -10.486  51.423 0.0000000000
50984  44.507  -9.907  50.800 0.0000000000
51004  43.651  -10.117  49.710 0.0000000000
51019  42.428  -9.842  48.419 0.0000000000
52118  41.698  -9.460  47.172 0.0000000000
52133  40.781  -9.420  46.315 0.0000000000
52119  40.684  -9.873  47.044 0.0000000000
52134  39.786  -9.977  46.475 0.0000000000
51040  38.656  -10.725  46.379 0.0000000000
49971  39.506  -11.400  48.198 0.0000000000
49976  38.511  -11.573  47.270 0.0000000000
51041  37.985  -11.038  46.138 0.0000000000
49992  37.042  -11.101  45.624 0.0000000000
49994  35.653  -11.709  45.265 0.0000000000
49995  34.984  -11.966  45.079 0.0000000000
46849  29.664  -14.849  50.617 0.0000000000
46859  29.788  -14.573  49.822 0.0000000000
46875  28.374  -14.643  48.982 0.0000000000
46891  27.992  -14.561  48.048 0.0000000000
46906  27.515  -14.454  47.321 0.0000000000
45853  25.375  -15.504  47.343 0.0000000000
46908  25.868  -15.167  46.661 0.0000000000
64932  56.095  3.659  38.272 0.0000000000
65924  56.037  3.627  37.301 0.0000000000
64933  56.020  2.950  37.849 0.0000000000
63884  55.711  2.108  38.415 0.0000000000
62839  55.172  0.926  39.672 0.0000000000
62838  55.558  0.352  39.192 0.0000000000
45748  23.777  -15.508  55.355 0.0000000000
44731  22.804  -16.169  55.132 0.0000000000
43726  21.536  -17.717  55.195 0.0000000000
44718  21.924  -16.964  56.920 0.0000000000
43720  21.528  -17.768  56.265 0.0000000000
45682  41.888  -14.958  58.248 0.0000000000
45707  41.403  -15.633  57.136 0.0000000000
46793  40.444  -15.455  55.207 0.0000000000
46798  40.203  -15.012  54.264 0.0000000000
46805  39.239  -14.653  53.021 0.0000000000
46799  38.921  -15.233  53.913 0.0000000000
46806  38.126  -15.144  53.234 0.0000000000
46807  36.886  -14.909  53.102 0.0000000000
45735  36.144  -15.733  55.631 0.0000000000
45773  36.352  -15.229  53.895 0.0000000000
46808  35.789  -15.006  53.064 0.0000000000
46821  34.072  -14.855  52.223 0.0000000000
46822  33.087  -14.952  52.233 0.0000000000
46823  32.083  -15.083  52.361 0.0000000000
45669  32.650  -15.776  58.623 0.0000000000
45715  33.235  -15.836  56.665 0.0000000000
45717  31.087  -15.703  56.569 0.0000000000
45739  31.895  -15.646  55.581 0.0000000000
45760  32.682  -15.452  54.648 0.0000000000
45777  32.446  -15.299  53.678 0.0000000000
45789  31.068  -15.230  52.633 0.0000000000
46836  30.419  -15.074  51.524 0.0000000000
46837  29.544  -15.094  51.269 0.0000000000
46852  27.388  -15.270  50.380 0.0000000000
45811  26.831  -15.463  50.579 0.0000000000
45803  26.525  -15.639  51.762 0.0000000000
45812  25.818  -15.683  50.850 0.0000000000
45824  24.956  -15.859  50.176 0.0000000000
44779  24.051  -16.425  49.577 0.0000000000
61746  51.903  -0.529  43.151 0.0000000000
60687  52.100  -1.050  42.882 0.0000000000
58578  51.395  -3.473  44.560 0.0000000000
58577  52.201  -3.964  44.306 0.0000000000
54125  25.352  -7.928  63.007 0.0000000000
53000  25.380  -8.645  62.708 0.0000000000
51932  24.505  -9.605  62.210 0.0000000000
50813  24.491  -10.618  61.848 0.0000000000
49754  24.122  -11.404  62.041 0.0000000000
47764  23.433  -13.150  61.473 0.0000000000
46713  22.600  -14.712  61.324 0.0000000000
48708  23.585  -12.564  64.175 0.0000000000
47732  23.044  -14.038  62.927 0.0000000000
46695  22.801  -14.550  62.422 0.0000000000
44664  21.969  -16.331  61.393 0.0000000000
43689  21.614  -17.842  61.331 0.0000000000
65910  56.068  4.129  38.360 0.0000000000
65911  55.799  4.221  39.028 0.0000000000
65901  55.530  3.988  40.017 0.0000000000
64899  55.177  3.517  40.926 0.0000000000
66912  55.144  4.561  41.421 0.0000000000
65893  55.108  3.690  41.232 0.0000000000
64900  54.906  3.013  40.969 0.0000000000
63835  54.288  2.311  41.281 0.0000000000
63837  53.222  1.471  42.246 0.0000000000
63819  52.902  1.597  42.845 0.0000000000
64870  53.378  2.447  43.481 0.0000000000
63805  52.775  1.637  43.877 0.0000000000
62798  52.342  0.857  43.131 0.0000000000
61735  51.675  -0.217  43.658 0.0000000000
61725  51.288  -0.424  44.521 0.0000000000
60666  50.613  -1.652  45.117 0.0000000000
61717  50.857  -0.734  45.955 0.0000000000
58551  49.422  -3.511  46.658 0.0000000000
63735  50.792  2.095  48.645 0.0000000000
61685  50.172  -0.010  48.385 0.0000000000
61673  49.313  0.017  49.337 0.0000000000
61686  49.467  -0.588  48.425 0.0000000000
60625  49.562  -1.376  47.621 0.0000000000
59584  49.243  -2.674  47.172 0.0000000000
58536  49.198  -3.177  46.951 0.0000000000
57546  49.188  -4.354  46.342 0.0000000000
57563  48.888  -4.624  45.936 0.0000000000
57583  48.605  -4.579  45.283 0.0000000000
58580  47.034  -3.953  45.302 0.0000000000
60570  46.828  -1.342  52.101 0.0000000000
59536  46.233  -2.083  51.486 0.0000000000
57448  45.954  -4.622  53.780 0.0000000000
55366  45.016  -7.084  51.213 0.0000000000
56406  45.205  -5.870  52.317 0.0000000000
57462  45.358  -4.758  52.456 0.0000000000
58486  45.459  -3.708  51.966 0.0000000000
58501  45.246  -3.309  51.102 0.0000000000
59549  45.718  -2.443  50.630 0.0000000000
59562  45.109  -3.132  48.927 0.0000000000
57532  44.561  -4.141  47.605 0.0000000000
57549  44.788  -4.392  46.470 0.0000000000
55433  44.388  -6.426  46.685 0.0000000000
56476  44.359  -5.789  46.050 0.0000000000
57567  44.802  -4.920  45.251 0.0000000000
57607  44.899  -5.586  43.518 0.0000000000
55500  42.726  -7.014  41.275 0.0000000000
55520  42.522  -7.096  40.403 0.0000000000
53233  40.677  -8.751  45.053 0.0000000000
53255  39.903  -8.336  43.619 0.0000000000
54395  39.212  -8.005  42.566 0.0000000000
53257  37.787  -8.730  43.259 0.0000000000
53266  38.073  -8.267  42.579 0.0000000000
47855  38.817  -14.295  51.925 0.0000000000
47866  37.502  -13.995  50.155 0.0000000000
47875  36.616  -13.874  48.974 0.0000000000
47868  35.599  -14.187  49.828 0.0000000000
47876  35.657  -14.016  48.995 0.0000000000
47884  36.577  -13.429  48.026 0.0000000000
48913  35.667  -13.068  46.872 0.0000000000
48923  34.685  -13.099  46.220 0.0000000000
48949  33.654  -12.242  44.664 0.0000000000
46872  30.594  -14.260  48.961 0.0000000000
47904  30.858  -13.766  47.624 0.0000000000
47903  31.865  -13.690  47.667 0.0000000000
47932  29.626  -13.353  46.006 0.0000000000
48927  30.786  -13.223  46.161 0.0000000000
47916  32.081  -13.319  46.890 0.0000000000
48936  32.628  -12.763  45.309 0.0000000000
48950  32.802  -12.343  44.437 0.0000000000
65940  55.163  3.356  36.176 0.0000000000
65941  54.498  3.268  35.885 0.0000000000
60701  53.174  -1.369  41.868 0.0000000000
47842  40.847  -14.408  54.090 0.0000000000
47841  41.385  -14.034  54.169 0.0000000000
48878  41.097  -13.296  53.183 0.0000000000
47850  39.791  -14.339  52.926 0.0000000000
45745  26.258  -15.556  55.199 0.0000000000
45746  25.382  -15.468  55.063 0.0000000000
45723  25.774  -15.151  55.789 0.0000000000
45630  22.148  -15.717  60.089 0.0000000000
44678  21.735  -17.089  59.975 0.0000000000
45625  34.871  -15.603  60.382 0.0000000000
46781  27.086  -15.048  56.640 0.0000000000
45721  27.566  -15.418  56.172 0.0000000000
64797  51.273  2.670  47.809 0.0000000000
60594  46.854  -1.209  49.767 0.0000000000
60595  46.083  -2.051  49.841 0.0000000000
52131  42.443  -8.996  46.667 0.0000000000
53223  42.549  -8.780  46.097 0.0000000000
52140  41.545  -8.801  45.641 0.0000000000
65938  56.159  4.258  37.050 0.0000000000
66963  56.310  4.883  36.284 0.0000000000
49823  27.495  -12.176  59.233 0.0000000000
49801  27.768  -11.821  59.729 0.0000000000
50840  25.470  -10.623  60.661 0.0000000000
49767  24.537  -11.317  61.163 0.0000000000
48729  31.641  -11.906  62.067 0.0000000000
47761  31.464  -13.449  61.424 0.0000000000
49781  28.424  -11.778  60.675 0.0000000000
48762  29.145  -12.497  60.905 0.0000000000
48829  44.903  -11.771  55.989 0.0000000000
49862  45.065  -11.537  55.331 0.0000000000
49861  45.150  -11.285  55.640 0.0000000000
49882  45.291  -11.016  54.994 0.0000000000
49904  45.410  -10.819  54.257 0.0000000000
49956  41.324  -11.137  50.453 0.0000000000
50970  42.513  -10.843  50.928 0.0000000000
51007  40.747  -11.074  49.399 0.0000000000
51021  40.513  -10.770  48.435 0.0000000000
48899  37.884  -13.153  48.929 0.0000000000
48903  37.517  -12.957  48.213 0.0000000000
48904  36.972  -13.179  47.947 0.0000000000
46863  26.557  -15.339  49.460 0.0000000000
45838  25.572  -15.471  48.360 0.0000000000
47812  24.082  -13.758  57.595 0.0000000000
45698  23.349  -14.829  56.939 0.0000000000
46769  23.261  -14.690  57.489 0.0000000000
41883  21.100  -19.583  56.988 0.0000000000
45687  37.644  -16.229  57.517 0.0000000000
45686  38.649  -16.253  57.697 0.0000000000
45710  38.517  -16.084  56.612 0.0000000000
45759  33.704  -15.452  54.747 0.0000000000
45647  30.690  -15.294  59.148 0.0000000000
45780  29.769  -15.420  53.543 0.0000000000
44762  24.037  -16.013  52.063 0.0000000000
45805  24.749  -15.805  51.906 0.0000000000
50802  23.463  -10.918  63.155 0.0000000000
43679  21.890  -17.128  63.044 0.0000000000
68135  55.244  5.220  39.985 0.0000000000
65860  54.407  4.232  42.304 0.0000000000
60624  49.989  -1.143  47.396 0.0000000000
57566  45.624  -4.206  45.666 0.0000000000
58471  46.418  -3.203  53.439 0.0000000000
53154  45.240  -8.771  51.787 0.0000000000
53166  44.953  -8.765  51.041 0.0000000000
55401  44.290  -6.202  48.029 0.0000000000
54422  41.258  -7.331  41.636 0.0000000000
54423  40.165  -7.359  41.167 0.0000000000
63896  54.850  1.641  37.141 0.0000000000
51928  27.658  -9.858  62.211 0.0000000000
52998  26.984  -8.992  62.659 0.0000000000
51914  28.825  -9.431  62.871 0.0000000000
50801  28.749  -10.236  62.863 0.0000000000
46761  43.023  -14.247  57.039 0.0000000000
47840  42.386  -13.541  54.490 0.0000000000
47839  43.108  -13.119  54.720 0.0000000000
48875  43.362  -12.197  53.777 0.0000000000
48886  40.884  -12.827  52.453 0.0000000000
48885  41.728  -12.382  52.778 0.0000000000
49928  41.325  -12.248  52.298 0.0000000000
49945  40.993  -11.995  51.674 0.0000000000
48890  39.635  -12.971  50.876 0.0000000000
44755  24.809  -15.871  53.432 0.0000000000
44748  24.257  -15.923  53.696 0.0000000000
44739  23.553  -16.044  54.207 0.0000000000
42789  21.333  -18.797  58.768 0.0000000000
42785  21.426  -18.818  59.822 0.0000000000
41868  21.332  -19.743  60.280 0.0000000000
45609  36.957  -15.542  61.053 0.0000000000
45642  36.253  -16.173  59.363 0.0000000000
44693  36.600  -16.213  59.815 0.0000000000
45641  36.805  -16.315  59.280 0.0000000000
45665  36.875  -16.281  58.500 0.0000000000
45691  33.489  -15.881  57.668 0.0000000000
45673  28.894  -15.312  57.644 0.0000000000
45696  28.552  -15.439  57.092 0.0000000000
45765  27.469  -15.768  54.540 0.0000000000
44746  25.516  -15.713  54.179 0.0000000000
45784  25.840  -15.767  53.777 0.0000000000
45785  25.238  -15.805  53.544 0.0000000000
57543  51.269  -5.358  46.440 0.0000000000
59573  46.586  -2.332  48.344 0.0000000000
59587  46.890  -2.665  47.767 0.0000000000
58525  45.638  -3.051  48.024 0.0000000000
52089  44.101  -9.607  49.427 0.0000000000
52100  44.382  -9.103  49.239 0.0000000000
53202  43.857  -8.722  47.419 0.0000000000
54313  44.590  -7.702  48.252 0.0000000000
54365  43.329  -8.280  45.010 0.0000000000
54378  43.731  -7.772  44.636 0.0000000000
54379  42.889  -8.114  44.435 0.0000000000
54391  42.723  -7.685  43.612 0.0000000000
54380  41.995  -8.133  44.070 0.0000000000
53242  41.143  -8.416  44.484 0.0000000000
54393  40.799  -7.965  43.194 0.0000000000
51060  36.618  -10.455  44.626 0.0000000000
52157  36.148  -10.328  44.132 0.0000000000
52182  35.524  -9.353  42.361 0.0000000000
53281  35.651  -8.898  41.629 0.0000000000
52194  35.217  -9.161  41.719 0.0000000000
46832  34.335  -14.609  51.379 0.0000000000
46856  32.553  -14.368  49.734 0.0000000000
47879  32.628  -14.260  49.168 0.0000000000
47889  31.678  -14.086  48.593 0.0000000000
66975  55.126  4.413  35.076 0.0000000000
47808  27.458  -14.367  57.809 0.0000000000
47809  26.822  -13.931  57.702 0.0000000000
48800  26.720  -12.541  58.619 0.0000000000
48821  26.034  -13.306  57.797 0.0000000000
47798  25.305  -13.245  57.903 0.0000000000
50838  26.734  -10.894  60.229 0.0000000000
48782  24.946  -12.317  59.553 0.0000000000
47786  24.376  -13.050  59.012 0.0000000000
47787  23.886  -13.346  59.398 0.0000000000
47745  32.583  -13.148  61.741 0.0000000000
48728  33.002  -12.502  61.650 0.0000000000
46692  33.346  -13.956  61.517 0.0000000000
46707  33.841  -14.539  61.168 0.0000000000
46708  32.963  -14.399  61.262 0.0000000000
45613  32.559  -14.598  60.896 0.0000000000
46724  31.486  -14.454  60.524 0.0000000000
45629  31.014  -14.963  59.740 0.0000000000
46725  30.711  -14.344  60.288 0.0000000000
48732  29.673  -11.856  62.266 0.0000000000
48731  30.211  -12.086  62.159 0.0000000000
48745  29.876  -12.426  61.734 0.0000000000
47774  29.320  -13.217  60.134 0.0000000000
47773  29.879  -13.538  60.628 0.0000000000
47784  29.658  -13.908  59.897 0.0000000000
46750  29.427  -14.911  58.547 0.0000000000
62707  48.621  0.962  51.813 0.0000000000
61645  48.199  0.325  52.281 0.0000000000
47806  43.599  -12.960  56.881 0.0000000000
50948  45.574  -10.038  53.329 0.0000000000
52051  45.580  -9.456  53.031 0.0000000000
50966  45.376  -9.976  52.591 0.0000000000
50985  43.901  -10.341  50.539 0.0000000000
51003  44.245  -9.951  50.021 0.0000000000
52103  42.364  -9.576  47.924 0.0000000000
51032  41.129  -9.903  47.521 0.0000000000
52120  40.176  -10.201  47.131 0.0000000000
51039  39.311  -10.417  46.617 0.0000000000
51035  39.042  -11.093  47.095 0.0000000000
49972  38.864  -12.065  48.541 0.0000000000
48910  37.963  -11.998  47.354 0.0000000000
49982  38.176  -11.236  46.512 0.0000000000
49983  37.479  -11.522  46.310 0.0000000000
49984  36.556  -11.862  46.031 0.0000000000
49985  36.075  -12.092  46.001 0.0000000000
48933  35.213  -12.170  45.395 0.0000000000
46860  28.949  -14.724  49.814 0.0000000000
45867  25.307  -15.646  46.543 0.0000000000
46924  25.663  -15.392  46.137 0.0000000000
46907  26.745  -14.612  46.789 0.0000000000
43739  22.192  -17.230  52.643 0.0000000000
43740  21.727  -17.905  52.522 0.0000000000
46783  25.194  -14.629  56.306 0.0000000000
45724  24.845  -15.015  55.778 0.0000000000
45726  23.104  -15.627  55.907 0.0000000000
44723  21.947  -16.889  55.773 0.0000000000
42805  21.176  -18.641  55.607 0.0000000000
44673  38.845  -15.933  60.796 0.0000000000
44689  39.354  -15.898  60.347 0.0000000000
45662  40.111  -16.083  58.819 0.0000000000
45661  40.832  -15.665  58.928 0.0000000000
45683  41.462  -15.521  58.160 0.0000000000
45706  41.942  -15.225  57.576 0.0000000000
45753  39.978  -15.628  55.135 0.0000000000
46800  38.431  -15.292  53.840 0.0000000000
46809  34.747  -15.073  53.050 0.0000000000
46811  32.869  -15.168  53.025 0.0000000000
45645  33.079  -15.554  59.525 0.0000000000
45716  32.155  -15.764  56.633 0.0000000000
46825  30.751  -15.195  52.158 0.0000000000
46824  31.231  -15.124  52.099 0.0000000000
45799  29.908  -15.193  51.738 0.0000000000
45810  27.703  -15.260  50.907 0.0000000000
56489  50.266  -6.000  45.612 0.0000000000
54124  26.142  -7.604  62.947 0.0000000000
54126  24.893  -8.270  62.725 0.0000000000
51931  25.245  -9.385  62.191 0.0000000000
47749  23.194  -13.421  62.531 0.0000000000
46712  23.072  -14.000  61.807 0.0000000000
46679  23.362  -14.264  64.186 0.0000000000
47724  23.600  -13.522  64.615 0.0000000000
47731  23.275  -13.533  63.609 0.0000000000
45599  22.294  -15.504  61.919 0.0000000000
44654  21.720  -17.062  61.684 0.0000000000
42756  21.754  -18.341  63.572 0.0000000000
66949  56.225  4.860  37.276 0.0000000000
68122  55.219  4.841  41.185 0.0000000000
64853  53.739  3.264  43.931 0.0000000000
64854  53.473  2.606  44.392 0.0000000000
62787  52.344  1.132  43.674 0.0000000000
62799  51.946  0.151  43.259 0.0000000000
61726  50.926  -0.651  45.298 0.0000000000
64786  50.380  2.699  49.216 0.0000000000
60608  49.302  -1.102  48.056 0.0000000000
58537  48.906  -3.236  47.033 0.0000000000
57547  48.577  -4.175  46.251 0.0000000000
57603  48.368  -4.557  44.369 0.0000000000
57584  47.624  -4.172  45.077 0.0000000000
57585  46.523  -4.128  44.987 0.0000000000
58581  46.761  -3.940  45.461 0.0000000000
57604  47.411  -4.320  44.020 0.0000000000
59525  46.392  -2.565  52.599 0.0000000000
56405  45.516  -5.786  53.240 0.0000000000
54282  44.895  -7.930  50.230 0.0000000000
54266  45.042  -7.874  50.858 0.0000000000
56426  44.516  -5.911  50.688 0.0000000000
56416  44.895  -5.918  51.606 0.0000000000
57463  45.061  -5.336  51.948 0.0000000000
57475  45.149  -4.314  51.796 0.0000000000
58502  44.784  -3.931  50.625 0.0000000000
58515  45.154  -3.204  50.224 0.0000000000
57518  44.422  -4.109  48.474 0.0000000000
57533  44.306  -4.783  47.300 0.0000000000
55432  44.413  -6.965  46.239 0.0000000000
56491  44.454  -5.946  44.887 0.0000000000
57587  44.896  -5.288  44.230 0.0000000000
56534  44.730  -6.012  42.458 0.0000000000
54405  42.386  -7.499  42.954 0.0000000000
55484  42.706  -7.133  42.248 0.0000000000
55485  42.080  -7.292  41.749 0.0000000000
52141  40.986  -8.987  45.624 0.0000000000
53244  39.295  -8.723  44.097 0.0000000000
52168  37.270  -9.139  43.417 0.0000000000
54426  37.396  -8.150  41.434 0.0000000000
54410  37.885  -8.094  41.967 0.0000000000
54425  38.112  -7.833  41.376 0.0000000000
46816  38.959  -14.413  52.278 0.0000000000
47861  37.885  -14.132  50.975 0.0000000000
46843  35.533  -14.367  50.611 0.0000000000
47886  34.732  -13.815  48.229 0.0000000000
47899  35.687  -13.367  47.423 0.0000000000
48934  34.580  -12.356  45.174 0.0000000000
46873  29.856  -14.362  49.071 0.0000000000
47891  29.826  -14.179  48.339 0.0000000000
47890  30.642  -14.043  48.316 0.0000000000
48939  29.279  -13.177  45.127 0.0000000000
48926  31.360  -13.140  46.132 0.0000000000
48925  32.361  -13.101  46.109 0.0000000000
48966  32.160  -12.287  43.823 0.0000000000
50008  33.183  -12.077  44.265 0.0000000000
52985  28.188  -8.712  62.788 0.0000000000
52986  27.177  -8.597  62.900 0.0000000000
52987  26.211  -8.309  63.139 0.0000000000
46791  42.210  -14.369  55.336 0.0000000000
46796  41.847  -14.167  54.666 0.0000000000
47847  42.020  -13.095  53.783 0.0000000000
44737  25.116  -15.627  54.488 0.0000000000
44729  24.398  -15.558  54.804 0.0000000000
45649  22.360  -15.619  59.331 0.0000000000
45697  27.961  -15.398  56.783 0.0000000000
45767  25.852  -15.647  54.533 0.0000000000
44633  23.113  -16.917  65.481 0.0000000000
61676  47.370  -0.668  50.270 0.0000000000
59575  45.368  -2.976  48.733 0.0000000000
52116  43.610  -9.067  47.989 0.0000000000
53203  43.519  -8.775  46.963 0.0000000000
53221  43.926  -8.491  46.643 0.0000000000
53230  43.121  -8.548  45.640 0.0000000000
46857  31.571  -14.390  49.499 0.0000000000
66973  56.492  5.320  35.627 0.0000000000
48799  27.672  -12.857  58.850 0.0000000000
47797  26.889  -13.332  58.100 0.0000000000
49824  27.188  -12.264  58.988 0.0000000000
50839  25.901  -10.732  60.282 0.0000000000
49785  25.266  -11.234  60.305 0.0000000000
48748  24.123  -12.110  61.202 0.0000000000
47760  32.087  -13.496  61.555 0.0000000000
46709  32.152  -14.097  61.235 0.0000000000
47762  30.767  -13.395  61.202 0.0000000000
48798  28.328  -13.075  59.223 0.0000000000
48830  44.125  -12.327  56.413 0.0000000000
49848  44.536  -11.602  56.433 0.0000000000
52013  45.606  -9.750  55.091 0.0000000000
50918  45.546  -10.265  54.660 0.0000000000
50934  45.427  -10.578  53.604 0.0000000000
49943  42.611  -11.081  51.498 0.0000000000
51022  39.933  -11.004  48.115 0.0000000000
48920  37.027  -12.057  46.454 0.0000000000
46893  26.165  -15.104  47.610 0.0000000000
43736  21.887  -17.454  53.283 0.0000000000
46767  24.578  -14.129  56.818 0.0000000000
43715  21.546  -17.820  57.346 0.0000000000
44705  38.684  -16.366  59.174 0.0000000000
44704  39.430  -16.143  59.515 0.0000000000
44716  38.969  -16.333  58.381 0.0000000000
45685  39.749  -16.202  57.886 0.0000000000
45708  40.558  -16.030  56.961 0.0000000000
45732  39.371  -15.865  55.751 0.0000000000
45756  36.848  -15.539  54.666 0.0000000000
45775  34.293  -15.259  53.887 0.0000000000
45741  29.752  -15.695  55.537 0.0000000000
45800  29.404  -15.212  51.809 0.0000000000
44769  23.199  -16.749  50.383 0.0000000000
57560  51.672  -5.097  45.995 0.0000000000
46670  23.759  -14.631  64.943 0.0000000000
46671  23.327  -14.983  64.209 0.0000000000
66938  55.537  4.821  39.180 0.0000000000
66923  55.325  4.532  40.813 0.0000000000
66899  54.632  4.488  42.027 0.0000000000
60640  49.704  -2.219  47.051 0.0000000000
58568  45.830  -3.995  45.957 0.0000000000
57565  46.130  -4.074  45.478 0.0000000000
57606  45.499  -4.934  43.387 0.0000000000
54236  45.729  -8.118  53.427 0.0000000000
55365  45.258  -7.572  51.853 0.0000000000
57503  44.134  -4.844  49.038 0.0000000000
56459  44.218  -5.538  47.536 0.0000000000
55445  44.358  -6.835  45.418 0.0000000000
55498  44.274  -6.329  42.009 0.0000000000
55499  43.574  -6.664  41.585 0.0000000000
55502  41.126  -7.196  40.934 0.0000000000
52154  38.953  -9.228  44.655 0.0000000000
53268  36.413  -8.855  42.289 0.0000000000
53279  37.043  -8.343  41.576 0.0000000000
46842  36.438  -14.335  50.485 0.0000000000
47878  33.647  -14.235  49.394 0.0000000000
47900  34.747  -13.465  47.229 0.0000000000
47914  33.877  -13.449  46.850 0.0000000000
48924  33.507  -13.193  46.137 0.0000000000
48954  28.813  -13.225  44.325 0.0000000000
48952  30.846  -12.661  44.493 0.0000000000
59648  52.884  -2.523  42.899 0.0000000000
49766  28.069  -11.172  61.080 0.0000000000
49782  27.785  -11.301  60.449 0.0000000000
50823  28.067  -10.885  61.503 0.0000000000
50824  27.416  -10.501  61.190 0.0000000000
51943  26.785  -10.043  61.455 0.0000000000
51929  27.033  -9.539  62.107 0.0000000000
51945  25.529  -9.799  61.660 0.0000000000
49737  29.172  -10.649  63.118 0.0000000000
46747  42.761  -14.046  57.785 0.0000000000
47821  43.512  -13.355  56.479 0.0000000000
46790  42.761  -13.982  55.520 0.0000000000
48831  43.827  -12.732  56.347 0.0000000000
48847  43.929  -12.743  55.814 0.0000000000
48864  44.559  -12.002  54.762 0.0000000000
49884  44.449  -11.793  54.272 0.0000000000
49907  43.157  -11.945  53.389 0.0000000000
48884  42.244  -12.039  52.774 0.0000000000
49958  39.830  -12.141  50.099 0.0000000000
48893  39.375  -12.704  50.179 0.0000000000
48897  39.116  -12.474  49.483 0.0000000000
48894  38.814  -13.047  49.909 0.0000000000
47873  38.061  -13.250  49.272 0.0000000000
47874  37.516  -13.516  48.942 0.0000000000
45839  24.884  -15.885  49.005 0.0000000000
44810  24.430  -16.530  47.576 0.0000000000
43786  24.277  -17.275  47.380 0.0000000000
44757  23.375  -16.304  52.549 0.0000000000
44750  22.650  -16.783  53.139 0.0000000000
44751  22.263  -17.106  53.358 0.0000000000
44741  22.196  -17.055  53.786 0.0000000000
43731  21.624  -17.645  54.163 0.0000000000
44708  22.204  -16.313  58.674 0.0000000000
45623  36.775  -15.917  60.543 0.0000000000
44675  37.360  -16.050  60.484 0.0000000000
44691  37.993  -16.315  59.891 0.0000000000
44706  37.849  -16.406  59.092 0.0000000000
45664  37.753  -16.350  58.363 0.0000000000
45648  29.978  -15.247  58.692 0.0000000000
45719  29.152  -15.638  56.399 0.0000000000
45782  27.823  -15.770  53.644 0.0000000000
57561  50.914  -4.422  45.992 0.0000000000
42755  21.906  -18.118  64.233 0.0000000000
62730  49.076  0.412  50.020 0.0000000000
61688  48.216  -0.626  49.240 0.0000000000
58556  45.134  -3.959  46.653 0.0000000000
57447  46.327  -4.070  54.135 0.0000000000
52076  44.737  -9.295  50.781 0.0000000000
53192  44.466  -8.549  48.662 0.0000000000
55400  44.506  -6.978  47.786 0.0000000000
54363  44.281  -7.636  45.791 0.0000000000
54352  44.103  -8.178  46.069 0.0000000000
51047  37.547  -10.573  45.424 0.0000000000
52169  36.530  -9.346  43.181 0.0000000000
53269  35.902  -9.028  42.198 0.0000000000
46844  34.599  -14.423  50.640 0.0000000000
47870  34.113  -14.342  50.089 0.0000000000
47921  26.951  -14.277  45.856 0.0000000000
47934  27.519  -13.887  45.310 0.0000000000
66982  55.867  5.140  34.608 0.0000000000
65963  54.539  4.141  34.986 0.0000000000
47822  25.908  -14.278  56.833 0.0000000000
47823  25.435  -14.175  56.783 0.0000000000
49783  27.297  -11.267  60.017 0.0000000000
48780  26.321  -11.839  59.207 0.0000000000
49803  25.948  -11.291  59.702 0.0000000000
48781  25.813  -12.026  59.170 0.0000000000
48802  24.945  -12.935  58.636 0.0000000000
46691  34.306  -14.117  61.441 0.0000000000
46723  32.001  -14.463  60.794 0.0000000000
47748  30.316  -12.740  61.587 0.0000000000
47772  30.460  -13.679  60.816 0.0000000000
46751  28.509  -14.790  58.131 0.0000000000
46764  27.676  -14.947  57.398 0.0000000000
64773  50.004  2.291  50.049 0.0000000000
63703  50.013  1.805  50.231 0.0000000000
62716  49.844  1.638  50.394 0.0000000000
63705  49.288  1.506  50.848 0.0000000000
60580  46.577  -1.383  51.001 0.0000000000
54235  45.935  -8.714  53.897 0.0000000000
53122  45.787  -8.934  53.534 0.0000000000
52064  44.893  -9.642  51.331 0.0000000000
49924  44.746  -10.923  52.839 0.0000000000
50951  43.859  -10.893  52.043 0.0000000000
50950  44.572  -10.711  52.262 0.0000000000
50967  44.960  -10.175  51.829 0.0000000000
52090  43.543  -9.753  49.056 0.0000000000
52102  43.111  -9.560  48.360 0.0000000000
52135  39.134  -10.255  46.259 0.0000000000
51046  38.274  -10.327  45.646 0.0000000000
49966  40.166  -11.366  49.021 0.0000000000
49975  39.196  -11.209  47.476 0.0000000000
51048  36.585  -10.919  45.136 0.0000000000
49993  36.573  -11.402  45.579 0.0000000000
51049  36.124  -11.232  45.085 0.0000000000
50005  35.195  -11.282  44.599 0.0000000000
46874  29.137  -14.500  49.094 0.0000000000
46890  28.696  -14.442  48.446 0.0000000000
47907  28.033  -14.325  47.389 0.0000000000
62848  55.545  0.846  38.435 0.0000000000
45747  24.518  -15.348  55.297 0.0000000000
45749  23.313  -15.750  55.291 0.0000000000
46749  41.630  -14.621  58.808 0.0000000000
46748  42.068  -14.415  58.434 0.0000000000
46779  41.433  -15.395  56.429 0.0000000000
45730  41.037  -15.697  56.368 0.0000000000
46792  41.158  -15.197  55.597 0.0000000000
46804  39.949  -14.525  53.331 0.0000000000
46835  31.360  -14.900  51.415 0.0000000000
45738  32.975  -15.667  55.661 0.0000000000
45778  31.722  -15.279  53.150 0.0000000000
46850  28.734  -15.018  50.684 0.0000000000
46838  29.056  -15.144  51.319 0.0000000000
45809  28.197  -15.123  50.877 0.0000000000
46851  27.865  -15.091  50.376 0.0000000000
45822  26.616  -15.397  49.825 0.0000000000
44780  23.344  -17.043  49.462 0.0000000000
43769  23.329  -17.708  48.979 0.0000000000
59649  52.187  -1.755  43.010 0.0000000000
58593  51.959  -3.339  43.949 0.0000000000
58592  52.573  -3.273  43.555 0.0000000000
52988  25.693  -8.157  63.150 0.0000000000
51946  24.948  -9.926  61.843 0.0000000000
49753  24.350  -11.197  61.681 0.0000000000
45614  22.196  -15.555  60.898 0.0000000000
47750  23.057  -14.028  62.572 0.0000000000
42766  21.581  -18.552  62.763 0.0000000000
64919  55.983  3.837  38.598 0.0000000000
68129  55.265  5.046  40.788 0.0000000000
65876  55.130  4.249  41.466 0.0000000000
62741  50.938  1.648  48.394 0.0000000000
61698  49.852  -0.604  47.968 0.0000000000
60569  47.425  -0.923  52.743 0.0000000000
59548  46.165  -1.920  50.879 0.0000000000
54265  45.181  -8.086  51.367 0.0000000000
55356  45.136  -6.464  51.926 0.0000000000
59526  45.974  -3.234  52.256 0.0000000000
58487  45.014  -3.988  51.394 0.0000000000
55415  44.389  -6.354  47.316 0.0000000000
56477  44.319  -5.857  46.879 0.0000000000
53243  40.125  -8.647  44.477 0.0000000000
54409  38.660  -7.963  42.161 0.0000000000
47860  38.479  -14.038  51.202 0.0000000000
46828  38.069  -14.291  51.331 0.0000000000
47867  36.499  -14.150  49.784 0.0000000000
47898  36.144  -13.210  47.388 0.0000000000
48914  35.207  -13.261  46.926 0.0000000000
48948  34.087  -12.013  44.618 0.0000000000
46858  30.636  -14.496  49.736 0.0000000000
46871  31.109  -14.184  48.837 0.0000000000
47931  30.387  -13.324  46.244 0.0000000000
47917  31.051  -13.434  46.785 0.0000000000
50007  33.593  -11.826  44.221 0.0000000000
43749  22.796  -17.199  50.292 0.0000000000
44676  36.773  -16.111  60.215 0.0000000000
44707  37.264  -16.386  58.977 0.0000000000
44736  25.555  -15.621  54.398 0.0000000000
44764  22.668  -16.922  51.098 0.0000000000
45659  41.740  -14.733  58.607 0.0000000000
45660  41.385  -15.035  58.971 0.0000000000
45788  31.556  -15.182  52.555 0.0000000000
46766  26.162  -14.341  56.880 0.0000000000
48845  45.022  -11.691  55.650 0.0000000000
49768  24.266  -11.496  61.540 0.0000000000
50855  26.228  -11.012  60.013 0.0000000000
54113  25.985  -7.929  63.270 0.0000000000
54281  44.962  -8.305  50.741 0.0000000000
55388  44.225  -6.038  48.477 0.0000000000
57504  44.112  -5.226  48.571 0.0000000000
