#!ascii label  , from subject sub-02 vox2ras=TkReg
878
98535  43.346  44.613  14.341 0.0000000000
101403  45.067  49.566  17.407 0.0000000000
94792  49.986  38.360  11.437 0.0000000000
96084  37.054  40.641  11.768 0.0000000000
94175  40.636  37.549  10.270 0.0000000000
104122  44.733  54.340  14.702 0.0000000000
100805  39.075  48.383  17.464 0.0000000000
103466  38.576  52.276  15.085 0.0000000000
92958  47.867  35.465  14.951 0.0000000000
90420  49.891  30.959  13.506 0.0000000000
101434  47.689  50.092  15.428 0.0000000000
96749  46.928  42.224  11.009 0.0000000000
98528  49.430  44.517  15.097 0.0000000000
96683  49.133  41.120  16.778 0.0000000000
104164  39.535  53.959  10.693 0.0000000000
104709  43.057  55.060  15.537 0.0000000000
93556  45.193  36.056  12.235 0.0000000000
97383  40.707  42.048  13.681 0.0000000000
95475  38.887  39.509  10.751 0.0000000000
96754  41.404  41.326  11.176 0.0000000000
100853  44.579  48.615  14.550 0.0000000000
99123  41.823  45.541  13.992 0.0000000000
101423  36.095  49.488  16.471 0.0000000000
92322  47.118  34.859  17.382 0.0000000000
92303  49.458  33.978  17.753 0.0000000000
92259  48.764  34.670  21.617 0.0000000000
104801  43.234  55.145  8.368 0.0000000000
101415  47.507  50.241  16.690 0.0000000000
100246  49.121  47.990  15.407 0.0000000000
100207  47.660  47.792  16.899 0.0000000000
97301  45.874  42.833  20.901 0.0000000000
97889  49.592  42.805  20.122 0.0000000000
96643  48.381  41.374  22.182 0.0000000000
96045  46.170  40.597  16.079 0.0000000000
102085  41.450  50.540  16.431 0.0000000000
103464  40.525  53.002  15.328 0.0000000000
103449  44.357  52.795  16.443 0.0000000000
103447  46.339  52.797  16.321 0.0000000000
96102  48.442  40.743  9.743 0.0000000000
94815  45.114  38.381  8.570 0.0000000000
93585  48.451  36.859  10.100 0.0000000000
93559  39.387  36.644  12.056 0.0000000000
92364  41.521  34.307  12.378 0.0000000000
105290  44.545  56.413  14.360 0.0000000000
104747  43.367  54.472  13.211 0.0000000000
101406  42.052  49.103  17.190 0.0000000000
99652  45.504  46.753  17.466 0.0000000000
103504  33.723  51.910  12.427 0.0000000000
103501  36.425  52.481  12.386 0.0000000000
102087  39.531  50.367  16.253 0.0000000000
93554  49.323  36.623  12.684 0.0000000000
92356  49.345  34.651  12.375 0.0000000000
91703  50.264  33.376  15.077 0.0000000000
90379  49.185  31.633  17.447 0.0000000000
100258  46.212  47.721  14.531 0.0000000000
97969  45.203  42.983  13.553 0.0000000000
99118  47.499  45.912  14.110 0.0000000000
97965  49.068  43.978  12.792 0.0000000000
96730  49.433  41.549  12.984 0.0000000000
98517  48.707  44.848  17.577 0.0000000000
97343  50.207  42.221  16.508 0.0000000000
96073  49.392  40.068  13.745 0.0000000000
94770  47.295  38.466  14.096 0.0000000000
94115  45.873  37.500  15.076 0.0000000000
104192  39.657  54.316  8.823 0.0000000000
104762  41.681  55.158  11.013 0.0000000000
104735  40.882  54.503  13.707 0.0000000000
105284  42.532  55.658  13.842 0.0000000000
105281  44.922  55.828  15.518 0.0000000000
102815  45.937  51.987  14.875 0.0000000000
96106  43.132  40.630  10.237 0.0000000000
93588  42.398  36.528  10.594 0.0000000000
91735  43.077  33.364  12.058 0.0000000000
91731  47.599  33.086  12.709 0.0000000000
97358  42.291  42.838  14.102 0.0000000000
96719  41.266  41.488  12.998 0.0000000000
97381  42.828  42.171  13.591 0.0000000000
99689  44.467  46.566  14.500 0.0000000000
99690  43.360  46.527  14.338 0.0000000000
98536  42.303  44.617  14.248 0.0000000000
97947  41.778  43.693  14.274 0.0000000000
92291  46.280  34.549  18.518 0.0000000000
92276  47.739  34.553  19.556 0.0000000000
91655  46.686  34.125  20.359 0.0000000000
90436  40.604  31.516  12.615 0.0000000000
102070  46.843  50.473  17.038 0.0000000000
101400  47.619  49.242  16.782 0.0000000000
100798  46.632  48.661  17.223 0.0000000000
97279  45.632  42.615  21.727 0.0000000000
97277  47.734  42.387  21.639 0.0000000000
102073  43.445  50.091  17.266 0.0000000000
102790  43.513  51.727  16.557 0.0000000000
102778  44.983  51.055  17.157 0.0000000000
102788  45.962  51.903  16.840 0.0000000000
95462  49.635  39.490  11.281 0.0000000000
94811  48.673  38.673  9.076 0.0000000000
94166  49.437  37.420  10.380 0.0000000000
95455  36.147  39.555  12.077 0.0000000000
95465  37.119  39.508  11.445 0.0000000000
94806  39.590  38.285  10.655 0.0000000000
94794  39.047  37.999  10.975 0.0000000000
93575  40.110  36.834  11.051 0.0000000000
92983  39.845  35.286  12.489 0.0000000000
93574  40.651  36.308  10.908 0.0000000000
104718  44.715  55.436  14.382 0.0000000000
105298  44.384  55.526  13.695 0.0000000000
104138  44.027  54.452  14.211 0.0000000000
96722  38.006  41.683  12.948 0.0000000000
96743  36.735  40.979  12.356 0.0000000000
100803  41.465  48.396  17.401 0.0000000000
100212  42.899  47.573  17.630 0.0000000000
100214  40.847  47.599  17.774 0.0000000000
100822  38.536  49.059  16.996 0.0000000000
101421  38.026  49.735  16.466 0.0000000000
100821  39.503  49.134  16.969 0.0000000000
101418  40.754  49.617  16.733 0.0000000000
92967  48.004  36.225  13.936 0.0000000000
92965  49.349  34.976  13.472 0.0000000000
92339  48.810  34.538  15.011 0.0000000000
91667  50.531  33.815  20.380 0.0000000000
91034  50.167  32.911  18.219 0.0000000000
90361  49.895  32.723  19.426 0.0000000000
100851  46.792  48.784  14.623 0.0000000000
99687  46.821  46.782  14.406 0.0000000000
100256  48.266  47.797  14.399 0.0000000000
99682  49.505  46.639  15.066 0.0000000000
99116  49.111  46.116  13.660 0.0000000000
98530  49.373  44.544  13.956 0.0000000000
97374  49.229  42.618  13.145 0.0000000000
97942  49.444  43.451  14.645 0.0000000000
98520  45.565  44.994  17.651 0.0000000000
99095  47.151  45.892  17.446 0.0000000000
98497  47.282  44.323  18.216 0.0000000000
96667  50.398  41.819  19.576 0.0000000000
97927  50.472  42.603  18.765 0.0000000000
96682  50.171  41.456  17.281 0.0000000000
96700  49.473  41.443  14.791 0.0000000000
96062  48.949  40.327  14.300 0.0000000000
95445  48.186  39.253  13.819 0.0000000000
96051  47.754  40.513  15.132 0.0000000000
96046  45.343  40.586  16.590 0.0000000000
95418  45.478  39.317  15.380 0.0000000000
104175  39.316  54.239  9.823 0.0000000000
104790  40.622  54.691  9.556 0.0000000000
104777  40.472  54.515  10.470 0.0000000000
103480  37.160  52.413  14.101 0.0000000000
103489  37.322  52.611  13.276 0.0000000000
103479  38.394  52.792  14.360 0.0000000000
104108  42.423  53.914  15.679 0.0000000000
104125  40.525  53.919  14.607 0.0000000000
104720  41.867  54.751  14.570 0.0000000000
104734  41.661  55.074  13.357 0.0000000000
104719  42.929  55.493  15.039 0.0000000000
105283  43.327  55.941  14.593 0.0000000000
105275  44.211  55.729  15.604 0.0000000000
102798  47.433  51.145  15.700 0.0000000000
103460  46.268  53.358  15.745 0.0000000000
102113  46.776  50.771  15.007 0.0000000000
101449  46.311  49.766  14.747 0.0000000000
96714  45.721  42.246  12.548 0.0000000000
96736  44.014  41.727  11.996 0.0000000000
96764  44.314  41.204  10.489 0.0000000000
94156  45.471  37.358  10.787 0.0000000000
94187  43.566  37.791  9.645 0.0000000000
93570  44.191  36.386  11.651 0.0000000000
92980  42.970  35.014  12.117 0.0000000000
92979  43.881  35.021  12.256 0.0000000000
91718  49.679  33.091  13.086 0.0000000000
91730  48.738  33.696  12.702 0.0000000000
91074  48.918  31.832  13.067 0.0000000000
96721  39.097  41.643  12.918 0.0000000000
96097  38.278  40.336  11.140 0.0000000000
96756  39.312  41.154  11.293 0.0000000000
96095  39.831  40.754  10.714 0.0000000000
96109  40.449  40.142  10.392 0.0000000000
102816  44.591  51.905  14.690 0.0000000000
97384  39.647  42.151  13.626 0.0000000000
92948  47.384  35.263  16.276 0.0000000000
92331  48.832  34.370  15.934 0.0000000000
92304  48.503  34.397  17.895 0.0000000000
92274  49.827  34.532  20.198 0.0000000000
102095  48.123  50.044  15.928 0.0000000000
100837  48.473  48.751  15.334 0.0000000000
101413  48.337  49.429  16.133 0.0000000000
100233  49.140  47.590  16.039 0.0000000000
99109  49.070  46.237  16.615 0.0000000000
97893  45.381  43.387  19.353 0.0000000000
97914  46.832  43.785  18.793 0.0000000000
97323  47.178  43.136  20.168 0.0000000000
97298  49.351  42.414  20.759 0.0000000000
96669  49.435  41.373  19.022 0.0000000000
96684  47.817  41.192  16.543 0.0000000000
96663  48.464  41.124  19.816 0.0000000000
96665  46.427  41.269  18.691 0.0000000000
96032  45.002  40.665  19.323 0.0000000000
103512  38.177  53.282  10.819 0.0000000000
102803  40.032  51.705  15.708 0.0000000000
103465  39.339  52.490  15.166 0.0000000000
102802  41.151  52.211  15.799 0.0000000000
103462  42.339  52.935  15.985 0.0000000000
104093  43.999  53.859  16.296 0.0000000000
104700  44.707  54.365  16.274 0.0000000000
103448  45.480  52.872  16.560 0.0000000000
102787  46.746  51.941  16.282 0.0000000000
96761  47.725  41.756  10.107 0.0000000000
96772  46.398  41.185  9.474 0.0000000000
95479  47.614  39.368  8.603 0.0000000000
94169  46.553  37.419  9.366 0.0000000000
93568  46.441  36.852  11.182 0.0000000000
89706  48.147  30.707  15.125 0.0000000000
89732  47.984  30.249  13.468 0.0000000000
93536  38.056  35.977  14.183 0.0000000000
94783  38.328  37.883  11.957 0.0000000000
94148  38.514  37.379  12.533 0.0000000000
92969  38.706  35.325  13.671 0.0000000000
92349  39.470  34.482  13.184 0.0000000000
91738  40.606  33.554  12.920 0.0000000000
91091  41.273  32.413  12.637 0.0000000000
105797  45.168  56.807  13.175 0.0000000000
104745  44.280  55.368  12.334 0.0000000000
101404  43.959  49.403  17.436 0.0000000000
100799  45.559  48.629  17.374 0.0000000000
100211  43.924  47.609  17.557 0.0000000000
99654  43.405  46.689  17.656 0.0000000000
98522  43.497  44.975  17.778 0.0000000000
97917  43.697  43.714  18.606 0.0000000000
97894  44.347  43.354  19.300 0.0000000000
103503  34.388  51.979  12.636 0.0000000000
102832  35.612  52.099  13.756 0.0000000000
102805  37.806  51.852  15.102 0.0000000000
102099  39.231  51.002  15.871 0.0000000000
102086  40.401  50.490  16.288 0.0000000000
101417  41.780  49.743  16.846 0.0000000000
94146  49.397  37.379  12.560 0.0000000000
93565  49.473  36.222  11.052 0.0000000000
92973  49.491  35.281  12.584 0.0000000000
92347  49.668  34.252  13.222 0.0000000000
91058  50.798  31.786  14.739 0.0000000000
91696  50.177  33.349  16.201 0.0000000000
91042  50.528  32.326  16.630 0.0000000000
90399  49.667  30.980  15.578 0.0000000000
99120  45.066  45.563  14.509 0.0000000000
97945  43.874  43.719  14.201 0.0000000000
98533  45.779  44.467  14.133 0.0000000000
98532  47.060  44.936  13.967 0.0000000000
97967  47.292  43.518  13.185 0.0000000000
99685  48.767  47.000  13.966 0.0000000000
98555  48.629  44.797  12.949 0.0000000000
97376  47.884  42.667  12.770 0.0000000000
97393  48.559  42.329  12.719 0.0000000000
96731  48.915  41.643  12.512 0.0000000000
96090  49.581  40.059  11.800 0.0000000000
99651  46.580  46.811  17.340 0.0000000000
99094  48.169  45.778  17.308 0.0000000000
99092  49.380  45.211  16.992 0.0000000000
97912  49.238  43.567  19.064 0.0000000000
97932  50.157  43.211  17.131 0.0000000000
97934  49.674  43.302  15.876 0.0000000000
97345  49.650  42.339  15.355 0.0000000000
96072  49.703  40.720  13.364 0.0000000000
95454  49.651  39.185  12.950 0.0000000000
94782  49.398  38.457  12.870 0.0000000000
94137  47.755  37.526  13.778 0.0000000000
93534  47.366  36.702  14.321 0.0000000000
95432  46.653  39.331  14.721 0.0000000000
94127  46.773  37.461  14.504 0.0000000000
92959  46.950  36.286  14.967 0.0000000000
92950  45.862  36.377  15.891 0.0000000000
104803  41.438  54.567  8.523 0.0000000000
105336  41.980  55.521  9.409 0.0000000000
105312  42.571  55.927  10.980 0.0000000000
104126  39.574  53.465  14.173 0.0000000000
104155  40.238  53.959  12.212 0.0000000000
104748  41.683  55.054  12.245 0.0000000000
105300  42.521  55.725  11.831 0.0000000000
105299  43.165  56.604  12.452 0.0000000000
105291  43.468  56.533  13.594 0.0000000000
105282  44.466  56.148  15.035 0.0000000000
104717  45.303  55.544  15.009 0.0000000000
104105  46.109  54.381  16.029 0.0000000000
103461  45.924  54.013  15.445 0.0000000000
103474  45.483  53.304  15.029 0.0000000000
101450  45.263  49.701  14.659 0.0000000000
100259  45.065  47.619  14.535 0.0000000000
96717  43.394  41.815  12.850 0.0000000000
96093  41.961  41.016  10.672 0.0000000000
95485  41.741  38.920  9.866 0.0000000000
96118  44.265  40.090  9.509 0.0000000000
94817  42.901  38.446  9.595 0.0000000000
94174  41.193  37.049  9.937 0.0000000000
92995  41.663  35.720  11.347 0.0000000000
92363  42.505  34.245  12.224 0.0000000000
92989  49.120  35.258  11.413 0.0000000000
92976  47.345  35.376  12.106 0.0000000000
92359  46.789  34.301  12.594 0.0000000000
90431  47.920  30.882  12.134 0.0000000000
92360  45.541  34.272  12.555 0.0000000000
91635  47.214  33.759  23.154 0.0000000000
91622  49.446  34.457  23.648 0.0000000000
97946  42.809  43.719  14.229 0.0000000000
97382  41.778  42.050  13.684 0.0000000000
97357  43.322  42.912  13.984 0.0000000000
99121  43.894  45.555  14.463 0.0000000000
92277  46.767  34.419  19.412 0.0000000000
101402  46.194  49.617  17.233 0.0000000000
102072  44.502  50.404  17.308 0.0000000000
102083  43.893  50.912  17.029 0.0000000000
102071  45.717  50.735  17.164 0.0000000000
94793  49.704  38.799  10.673 0.0000000000
94801  49.783  38.031  10.649 0.0000000000
94797  36.692  39.199  11.720 0.0000000000
96098  37.468  40.135  11.324 0.0000000000
94176  39.994  37.474  10.744 0.0000000000
93591  40.360  37.130  10.575 0.0000000000
104123  43.773  53.630  14.316 0.0000000000
96742  37.482  41.232  12.235 0.0000000000
96085  36.380  40.370  12.151 0.0000000000
100804  40.326  48.616  17.297 0.0000000000
92957  48.938  34.892  14.169 0.0000000000
91031  50.143  33.136  19.654 0.0000000000
101448  47.274  49.813  15.008 0.0000000000
100257  47.330  47.825  14.404 0.0000000000
100850  47.853  48.771  14.860 0.0000000000
99112  49.522  45.616  15.543 0.0000000000
99115  49.428  45.703  14.351 0.0000000000
97964  49.352  43.627  13.558 0.0000000000
98498  46.182  44.308  18.114 0.0000000000
96675  50.151  41.417  18.381 0.0000000000
96688  49.681  41.500  16.038 0.0000000000
96689  48.703  40.923  15.561 0.0000000000
96050  48.551  40.568  14.785 0.0000000000
96042  44.439  40.502  17.445 0.0000000000
104165  38.663  53.709  10.292 0.0000000000
104176  38.627  54.014  9.420 0.0000000000
104778  39.785  54.327  10.133 0.0000000000
102819  37.576  52.293  14.544 0.0000000000
104710  42.192  54.418  15.248 0.0000000000
105276  43.582  55.806  15.222 0.0000000000
104708  44.380  54.977  16.063 0.0000000000
102097  47.363  50.749  15.406 0.0000000000
96734  46.017  42.135  12.124 0.0000000000
96735  45.071  41.807  11.974 0.0000000000
96750  45.793  42.010  11.017 0.0000000000
93569  45.371  36.818  11.665 0.0000000000
94157  44.634  37.126  11.183 0.0000000000
92992  44.172  35.633  12.098 0.0000000000
92978  44.813  35.223  12.419 0.0000000000
91073  49.856  31.732  13.172 0.0000000000
90421  49.156  31.060  13.202 0.0000000000
96720  40.175  41.524  12.975 0.0000000000
96740  39.692  41.466  12.031 0.0000000000
96739  40.777  41.504  12.041 0.0000000000
96755  40.349  41.300  11.146 0.0000000000
96768  40.596  40.824  10.623 0.0000000000
96767  41.022  41.105  10.729 0.0000000000
101451  44.172  49.642  14.549 0.0000000000
102116  43.802  50.687  14.500 0.0000000000
99691  42.377  46.464  13.980 0.0000000000
100261  42.823  47.530  14.153 0.0000000000
97359  41.246  42.797  14.153 0.0000000000
97360  40.199  42.808  14.162 0.0000000000
92937  47.238  35.099  16.731 0.0000000000
92321  47.635  34.783  16.999 0.0000000000
92305  47.534  34.632  17.904 0.0000000000
92267  48.151  34.581  20.542 0.0000000000
92275  48.800  34.517  19.833 0.0000000000
92266  49.311  34.724  20.872 0.0000000000
92265  50.244  34.746  21.127 0.0000000000
92258  49.688  34.955  21.868 0.0000000000
104813  42.621  54.521  7.977 0.0000000000
104812  43.767  54.653  7.755 0.0000000000
102079  47.849  50.417  16.217 0.0000000000
102078  48.200  49.826  16.116 0.0000000000
100797  47.600  48.645  16.848 0.0000000000
100819  48.173  48.706  16.494 0.0000000000
100234  48.301  47.824  16.594 0.0000000000
99673  48.813  46.974  16.475 0.0000000000
99674  48.341  47.034  16.751 0.0000000000
97324  46.139  43.017  20.098 0.0000000000
96644  48.018  41.856  22.151 0.0000000000
97276  48.644  42.093  21.581 0.0000000000
96654  49.297  41.531  21.085 0.0000000000
96662  49.510  41.314  20.069 0.0000000000
96670  48.354  41.425  18.609 0.0000000000
96655  48.869  41.007  20.707 0.0000000000
96024  47.460  40.305  21.071 0.0000000000
96016  47.456  40.117  21.967 0.0000000000
96031  46.153  40.831  19.542 0.0000000000
96025  46.397  40.218  20.647 0.0000000000
102792  40.916  51.279  16.047 0.0000000000
102791  42.135  51.777  16.165 0.0000000000
103450  43.220  52.777  16.249 0.0000000000
104094  43.033  53.593  16.113 0.0000000000
104092  45.018  53.784  16.367 0.0000000000
102081  46.593  51.288  16.836 0.0000000000
102080  47.274  51.022  16.536 0.0000000000
102786  47.510  51.290  16.021 0.0000000000
96760  48.295  41.384  10.581 0.0000000000
96103  47.735  41.203  9.556 0.0000000000
96114  48.216  39.943  8.963 0.0000000000
94168  47.707  37.438  9.333 0.0000000000
94183  47.375  37.934  8.640 0.0000000000
94154  47.099  37.213  9.820 0.0000000000
94155  46.478  37.226  10.213 0.0000000000
93567  47.597  36.726  10.503 0.0000000000
93548  37.810  36.604  14.044 0.0000000000
94139  38.071  37.269  13.266 0.0000000000
95464  38.114  39.426  11.105 0.0000000000
94159  38.682  37.681  11.737 0.0000000000
93560  38.864  36.667  12.763 0.0000000000
93546  39.105  35.982  12.939 0.0000000000
92968  39.265  35.262  13.047 0.0000000000
92365  40.493  34.270  12.682 0.0000000000
91721  40.739  32.964  12.992 0.0000000000
91737  41.150  33.479  12.746 0.0000000000
105792  44.355  57.181  13.690 0.0000000000
105791  45.056  57.090  13.916 0.0000000000
104732  43.923  54.902  13.720 0.0000000000
105297  44.899  56.024  13.459 0.0000000000
104746  43.646  54.835  12.896 0.0000000000
104146  43.163  54.296  12.695 0.0000000000
101405  42.929  49.309  17.360 0.0000000000
100801  43.424  48.478  17.511 0.0000000000
99098  43.947  45.814  17.649 0.0000000000
98501  43.103  44.272  18.116 0.0000000000
103516  34.562  52.208  11.618 0.0000000000
102833  35.060  51.902  13.796 0.0000000000
102821  35.930  51.874  14.327 0.0000000000
102820  36.950  52.028  14.557 0.0000000000
101420  39.036  49.724  16.563 0.0000000000
102088  38.682  50.374  16.157 0.0000000000
102100  38.308  51.009  15.677 0.0000000000
102098  39.906  50.922  16.039 0.0000000000
101407  41.271  49.092  17.087 0.0000000000
102074  42.857  49.915  17.171 0.0000000000
93553  49.625  36.440  12.035 0.0000000000
93543  49.332  35.961  12.955 0.0000000000
92338  49.626  34.244  14.238 0.0000000000
91710  50.317  33.361  13.962 0.0000000000
91702  50.708  32.617  14.834 0.0000000000
92319  49.559  33.909  16.621 0.0000000000
91687  50.200  33.355  17.374 0.0000000000
90378  50.160  32.118  17.457 0.0000000000
91043  50.425  32.711  17.288 0.0000000000
90377  50.464  32.064  16.867 0.0000000000
90387  50.439  31.848  16.452 0.0000000000
90388  49.936  31.396  16.524 0.0000000000
90389  48.935  31.392  16.381 0.0000000000
99688  45.637  46.640  14.607 0.0000000000
98557  46.778  44.150  13.654 0.0000000000
98531  48.085  45.239  13.524 0.0000000000
100255  48.929  47.790  14.642 0.0000000000
98554  49.118  44.881  12.895 0.0000000000
99139  48.931  45.458  13.142 0.0000000000
97966  48.285  43.796  12.869 0.0000000000
97394  48.099  42.259  12.687 0.0000000000
97375  48.630  43.128  12.849 0.0000000000
97392  49.104  42.058  12.817 0.0000000000
96080  49.433  40.629  12.422 0.0000000000
100210  44.979  47.656  17.467 0.0000000000
100209  46.044  47.710  17.364 0.0000000000
98518  47.723  44.961  17.650 0.0000000000
99093  49.030  45.535  17.072 0.0000000000
97890  48.524  43.245  19.921 0.0000000000
97913  47.963  43.747  18.958 0.0000000000
97931  50.498  42.652  18.040 0.0000000000
97928  50.094  43.443  18.303 0.0000000000
96061  49.515  40.779  14.120 0.0000000000
95443  49.768  39.824  13.099 0.0000000000
95444  48.953  39.202  13.420 0.0000000000
94769  47.716  38.652  13.847 0.0000000000
94768  48.512  38.314  13.356 0.0000000000
93545  47.916  36.800  13.809 0.0000000000
94126  47.285  37.238  14.206 0.0000000000
96691  46.652  40.759  15.980 0.0000000000
96052  46.697  40.431  15.510 0.0000000000
95417  46.282  39.770  15.203 0.0000000000
94743  45.528  38.368  15.219 0.0000000000
94128  46.165  38.154  14.697 0.0000000000
94114  46.273  37.217  14.871 0.0000000000
93535  46.808  36.785  14.718 0.0000000000
93524  46.286  36.762  15.149 0.0000000000
92949  46.693  35.921  15.848 0.0000000000
104209  39.182  53.566  8.027 0.0000000000
104804  40.639  54.561  8.945 0.0000000000
104776  41.304  55.172  9.951 0.0000000000
105324  42.245  55.796  10.212 0.0000000000
103478  39.774  53.209  14.779 0.0000000000
103477  40.356  53.506  14.976 0.0000000000
104721  40.817  54.347  14.248 0.0000000000
104140  40.220  54.021  13.943 0.0000000000
104148  40.232  54.001  13.151 0.0000000000
104749  40.918  54.463  12.734 0.0000000000
105292  42.449  55.816  12.910 0.0000000000
104091  45.924  53.898  16.306 0.0000000000
104699  45.320  54.576  16.207 0.0000000000
102800  46.337  52.564  15.342 0.0000000000
103473  46.109  52.872  15.192 0.0000000000
102114  45.972  50.751  14.795 0.0000000000
100852  45.691  48.697  14.566 0.0000000000
97356  44.343  42.957  13.827 0.0000000000
97380  43.847  42.307  13.452 0.0000000000
96765  43.345  41.136  10.569 0.0000000000
96752  43.625  41.510  11.197 0.0000000000
96766  42.656  41.001  10.533 0.0000000000
96107  42.397  40.524  10.322 0.0000000000
95471  42.280  39.818  10.028 0.0000000000
95481  45.642  39.567  8.760 0.0000000000
96117  45.194  40.161  9.167 0.0000000000
95482  44.784  39.241  8.765 0.0000000000
94172  43.003  37.134  10.071 0.0000000000
94188  42.440  37.672  9.705 0.0000000000
94189  41.585  37.551  9.804 0.0000000000
94173  41.989  36.994  9.950 0.0000000000
93002  41.324  36.045  10.783 0.0000000000
93573  41.784  36.161  10.816 0.0000000000
92362  43.484  34.245  12.225 0.0000000000
91736  42.051  33.336  12.350 0.0000000000
92988  49.472  35.462  11.811 0.0000000000
92372  49.266  34.912  11.848 0.0000000000
92358  48.053  34.398  12.439 0.0000000000
92975  48.553  35.062  11.816 0.0000000000
89733  47.084  30.079  13.157 0.0000000000
89744  47.943  30.354  12.640 0.0000000000
89745  47.067  30.317  12.089 0.0000000000
96718  42.357  41.572  12.968 0.0000000000
100260  43.943  47.556  14.420 0.0000000000
99122  42.828  45.549  14.269 0.0000000000
98537  41.281  44.605  14.198 0.0000000000
92306  46.615  34.860  17.724 0.0000000000
92290  47.187  34.589  18.651 0.0000000000
92268  47.334  34.485  20.091 0.0000000000
91643  47.662  34.377  21.247 0.0000000000
101401  47.259  49.522  17.004 0.0000000000
97278  46.711  42.528  21.687 0.0000000000
102084  42.692  50.522  16.784 0.0000000000
102789  44.783  51.703  16.833 0.0000000000
102777  45.384  51.371  17.050 0.0000000000
95463  49.239  39.667  10.284 0.0000000000
95469  48.805  39.478  9.359 0.0000000000
94802  49.269  38.416  9.830 0.0000000000
94167  48.824  37.401  9.781 0.0000000000
95474  39.371  39.196  10.601 0.0000000000
94807  38.844  38.922  10.806 0.0000000000
94158  39.254  37.556  11.250 0.0000000000
93558  40.340  36.027  11.581 0.0000000000
92982  40.947  35.189  11.900 0.0000000000
105289  45.148  56.589  14.156 0.0000000000
104139  43.254  53.748  13.722 0.0000000000
97385  38.593  42.239  13.615 0.0000000000
96723  36.842  41.568  13.091 0.0000000000
100802  42.436  48.405  17.464 0.0000000000
100213  41.890  47.568  17.670 0.0000000000
100823  37.539  48.967  16.938 0.0000000000
101422  37.037  49.549  16.486 0.0000000000
101419  39.898  49.738  16.572 0.0000000000
100820  40.123  49.266  16.878 0.0000000000
93544  48.644  36.730  13.280 0.0000000000
92966  48.660  35.669  13.723 0.0000000000
92956  49.351  34.674  13.900 0.0000000000
92330  49.536  33.890  15.496 0.0000000000
91678  49.934  33.525  18.678 0.0000000000
90366  49.823  32.634  18.835 0.0000000000
90367  49.285  31.987  18.576 0.0000000000
99686  47.914  46.923  14.097 0.0000000000
100254  49.371  47.379  14.929 0.0000000000
99684  49.322  46.856  14.308 0.0000000000
99138  49.242  45.254  13.399 0.0000000000
98553  49.274  44.516  13.188 0.0000000000
97355  49.541  42.489  14.163 0.0000000000
99097  44.991  45.835  17.562 0.0000000000
99096  46.060  45.863  17.485 0.0000000000
98519  46.649  45.007  17.661 0.0000000000
97320  50.154  42.491  20.103 0.0000000000
97911  50.213  42.814  19.419 0.0000000000
97337  50.538  42.254  19.214 0.0000000000
97342  50.564  42.137  17.555 0.0000000000
96701  49.115  40.788  14.690 0.0000000000
95430  48.564  39.721  13.987 0.0000000000
96063  48.088  40.097  14.508 0.0000000000
95431  47.552  39.339  14.224 0.0000000000
96686  45.784  40.990  16.966 0.0000000000
96053  45.765  40.145  15.751 0.0000000000
104805  40.189  54.544  9.212 0.0000000000
104791  39.971  54.476  9.640 0.0000000000
103490  36.203  52.301  13.506 0.0000000000
104109  41.464  53.874  15.217 0.0000000000
104110  40.750  53.724  15.045 0.0000000000
104124  41.114  54.088  14.878 0.0000000000
105274  44.799  55.609  15.841 0.0000000000
103459  46.655  52.579  16.042 0.0000000000
102799  46.786  51.814  15.578 0.0000000000
102814  46.443  51.382  15.002 0.0000000000
96715  45.315  42.121  12.624 0.0000000000
96716  44.407  41.966  12.743 0.0000000000
96751  44.725  41.591  11.143 0.0000000000
96105  43.897  40.702  10.060 0.0000000000
94170  45.541  37.515  9.730 0.0000000000
94186  44.716  37.812  9.272 0.0000000000
94171  44.274  37.371  10.290 0.0000000000
93587  43.470  36.759  10.791 0.0000000000
93571  43.037  36.182  11.293 0.0000000000
92993  43.463  35.652  11.861 0.0000000000
91729  49.260  34.097  12.614 0.0000000000
91719  48.580  32.710  12.878 0.0000000000
91720  48.078  32.434  12.688 0.0000000000
96741  38.545  41.379  11.982 0.0000000000
96083  37.868  40.840  11.559 0.0000000000
96757  38.582  40.922  11.328 0.0000000000
96096  39.011  40.575  10.917 0.0000000000
96110  39.465  39.956  10.574 0.0000000000
95473  40.161  39.243  10.367 0.0000000000
103475  44.132  52.932  14.599 0.0000000000
100854  43.509  48.573  14.391 0.0000000000
97948  40.747  43.674  14.303 0.0000000000
100824  36.556  48.882  16.919 0.0000000000
100806  38.021  48.342  17.431 0.0000000000
92332  48.091  34.812  16.085 0.0000000000
92340  48.366  34.783  15.492 0.0000000000
92320  48.719  34.416  16.892 0.0000000000
92289  48.205  34.513  18.806 0.0000000000
92288  49.334  34.176  19.021 0.0000000000
92264  50.593  34.486  21.592 0.0000000000
102096  47.774  50.540  15.775 0.0000000000
100838  48.078  49.195  15.289 0.0000000000
101433  48.061  49.680  15.603 0.0000000000
101432  48.360  49.467  15.881 0.0000000000
101414  47.965  49.467  16.488 0.0000000000
100818  48.641  48.736  16.079 0.0000000000
100232  49.330  47.206  15.859 0.0000000000
99672  49.380  46.672  15.987 0.0000000000
97915  45.753  43.758  18.678 0.0000000000
97892  46.439  43.388  19.419 0.0000000000
97891  47.459  43.431  19.576 0.0000000000
97322  47.856  43.212  20.151 0.0000000000
97300  46.986  42.809  20.906 0.0000000000
97299  48.219  42.782  20.755 0.0000000000
97876  49.393  42.651  20.483 0.0000000000
96653  50.148  41.856  20.476 0.0000000000
96668  50.118  41.483  19.338 0.0000000000
96676  49.364  41.352  17.897 0.0000000000
96677  48.178  41.384  17.517 0.0000000000
96671  47.206  41.449  18.195 0.0000000000
96664  47.286  41.237  19.193 0.0000000000
96672  46.218  41.307  17.913 0.0000000000
96041  45.374  40.979  17.569 0.0000000000
96036  45.564  41.046  18.576 0.0000000000
96037  44.612  40.714  18.387 0.0000000000
102804  38.880  51.727  15.443 0.0000000000
103463  41.595  53.070  15.649 0.0000000000
102801  41.790  52.482  15.888 0.0000000000
104107  43.335  54.365  16.052 0.0000000000
103446  46.584  52.469  16.252 0.0000000000
96762  46.600  41.892  10.093 0.0000000000
96771  47.199  41.418  9.583 0.0000000000
96116  46.138  40.307  9.090 0.0000000000
94823  46.206  38.832  8.526 0.0000000000
95478  48.355  39.184  8.784 0.0000000000
94813  46.951  38.542  8.459 0.0000000000
94185  45.763  37.743  8.886 0.0000000000
93555  46.283  36.171  11.954 0.0000000000
89717  48.925  30.696  14.746 0.0000000000
89731  48.950  30.595  13.736 0.0000000000
89718  48.033  30.441  14.438 0.0000000000
92960  38.206  35.354  14.279 0.0000000000
94796  37.366  38.843  11.627 0.0000000000
94784  37.658  38.134  12.376 0.0000000000
94795  38.498  38.278  11.318 0.0000000000
93547  38.373  36.601  13.460 0.0000000000
92350  38.877  34.230  13.932 0.0000000000
92366  39.908  34.538  12.766 0.0000000000
91722  40.027  33.489  13.147 0.0000000000
91077  40.407  32.292  13.054 0.0000000000
103476  43.118  52.670  14.123 0.0000000000
100800  44.472  48.556  17.466 0.0000000000
99653  44.445  46.716  17.562 0.0000000000
98521  44.512  44.988  17.707 0.0000000000
98500  44.084  44.286  18.094 0.0000000000
97916  44.704  43.762  18.646 0.0000000000
97325  45.070  43.070  20.077 0.0000000000
103502  35.408  52.240  12.499 0.0000000000
103492  34.706  51.927  13.300 0.0000000000
103491  35.240  52.097  13.272 0.0000000000
103481  36.558  52.204  14.154 0.0000000000
101435  37.372  50.148  16.165 0.0000000000
102101  37.260  50.836  15.675 0.0000000000
102793  40.317  51.087  16.024 0.0000000000
94145  49.772  37.529  11.853 0.0000000000
94153  49.732  37.248  11.137 0.0000000000
91709  50.575  32.302  13.861 0.0000000000
91065  50.639  31.536  14.120 0.0000000000
91686  50.532  32.911  16.698 0.0000000000
91695  50.544  32.752  15.859 0.0000000000
91050  50.715  32.066  15.676 0.0000000000
90409  50.531  31.171  14.617 0.0000000000
89716  49.832  30.679  14.909 0.0000000000
90410  49.237  30.803  15.117 0.0000000000
98534  44.480  44.576  14.375 0.0000000000
97944  45.046  43.668  14.065 0.0000000000
99119  46.307  45.686  14.428 0.0000000000
97943  45.587  43.880  13.909 0.0000000000
97968  46.016  43.500  13.502 0.0000000000
97396  46.051  42.308  12.492 0.0000000000
97377  46.849  42.622  12.876 0.0000000000
100849  48.448  48.301  14.770 0.0000000000
99117  48.507  46.013  13.657 0.0000000000
98556  47.746  44.408  13.323 0.0000000000
96733  47.053  41.972  12.154 0.0000000000
96713  47.478  42.233  12.633 0.0000000000
96748  48.077  41.825  11.208 0.0000000000
96092  48.300  41.330  11.535 0.0000000000
96081  48.496  41.213  12.029 0.0000000000
96091  48.775  40.767  11.187 0.0000000000
95453  49.928  39.282  12.293 0.0000000000
100208  47.038  47.760  17.141 0.0000000000
99650  47.724  46.918  17.065 0.0000000000
99649  48.537  46.421  16.894 0.0000000000
99108  49.393  45.483  16.548 0.0000000000
98496  48.388  44.253  18.252 0.0000000000
97929  49.265  44.148  18.103 0.0000000000
98516  49.500  44.538  17.259 0.0000000000
98526  49.601  44.437  16.268 0.0000000000
96711  49.593  41.576  13.739 0.0000000000
94781  49.834  38.193  12.220 0.0000000000
94136  48.760  37.684  13.145 0.0000000000
96064  47.133  39.965  14.830 0.0000000000
94756  46.955  38.594  14.329 0.0000000000
95433  46.105  39.330  15.040 0.0000000000
92938  46.764  35.259  16.933 0.0000000000
92922  46.458  35.147  17.334 0.0000000000
104802  42.266  54.910  8.453 0.0000000000
104789  41.294  54.921  9.207 0.0000000000
105347  41.862  55.154  8.848 0.0000000000
105346  42.645  55.490  8.904 0.0000000000
105335  42.994  56.061  9.592 0.0000000000
105323  43.340  56.577  10.539 0.0000000000
105816  43.608  56.880  11.193 0.0000000000
104157  38.864  53.422  11.243 0.0000000000
104156  39.577  53.629  11.721 0.0000000000
104163  40.118  54.086  11.341 0.0000000000
104763  40.878  54.439  11.649 0.0000000000
105311  43.130  56.499  11.460 0.0000000000
105808  43.726  57.152  11.840 0.0000000000
105799  43.931  57.385  12.878 0.0000000000
104707  45.514  55.217  15.836 0.0000000000
104106  45.999  54.499  15.754 0.0000000000
104121  45.567  54.576  15.293 0.0000000000
102115  44.944  50.780  14.659 0.0000000000
96738  41.872  41.349  12.092 0.0000000000
96737  42.954  41.533  12.057 0.0000000000
96094  41.440  41.062  10.688 0.0000000000
96108  41.423  40.501  10.417 0.0000000000
95472  41.336  39.274  10.061 0.0000000000
94805  40.833  38.484  10.125 0.0000000000
96763  45.460  41.438  10.167 0.0000000000
96104  44.799  40.753  9.808 0.0000000000
96119  43.529  40.206  9.869 0.0000000000
94816  44.112  38.494  9.238 0.0000000000
95483  43.397  39.412  9.618 0.0000000000
95484  42.215  39.047  9.799 0.0000000000
94818  41.704  38.437  9.795 0.0000000000
94190  41.127  37.481  9.913 0.0000000000
93003  40.970  36.170  10.577 0.0000000000
92996  40.944  35.823  11.085 0.0000000000
92994  42.552  35.639  11.669 0.0000000000
92981  42.007  35.070  12.024 0.0000000000
93583  49.485  36.874  10.712 0.0000000000
93584  49.143  36.742  10.365 0.0000000000
93566  48.754  36.140  10.646 0.0000000000
92974  48.977  34.890  11.622 0.0000000000
92990  48.201  35.806  11.314 0.0000000000
92991  47.218  36.224  11.461 0.0000000000
92977  45.997  35.277  12.430 0.0000000000
90430  48.521  30.932  12.697 0.0000000000
91084  48.312  31.445  12.580 0.0000000000
91085  47.736  31.820  12.397 0.0000000000
90432  47.084  31.078  11.626 0.0000000000
91086  46.739  32.037  12.157 0.0000000000
91732  46.208  33.173  12.506 0.0000000000
92361  44.460  34.255  12.381 0.0000000000
91734  44.071  33.426  11.998 0.0000000000
91644  46.689  33.760  21.695 0.0000000000
91634  48.352  34.362  22.634 0.0000000000
91623  48.321  34.067  24.022 0.0000000000
91633  49.298  34.670  22.934 0.0000000000
89703  50.387  30.999  15.208 0.0000000000
89704  50.186  30.869  15.230 0.0000000000
89705  48.571  30.742  15.074 0.0000000000
89715  50.331  30.887  14.987 0.0000000000
89729  50.257  30.783  14.514 0.0000000000
89730  49.789  30.659  14.182 0.0000000000
89743  48.539  30.575  13.078 0.0000000000
90398  50.406  31.270  15.453 0.0000000000
90400  48.666  30.959  15.409 0.0000000000
90411  48.952  30.801  15.066 0.0000000000
90419  50.421  30.967  13.995 0.0000000000
91030  50.384  33.613  20.169 0.0000000000
91072  50.386  31.574  13.583 0.0000000000
91075  48.339  32.046  12.741 0.0000000000
91076  40.804  32.557  12.920 0.0000000000
91652  50.684  34.126  20.840 0.0000000000
91653  50.349  34.390  20.531 0.0000000000
91654  47.440  34.427  20.561 0.0000000000
91668  50.274  33.954  19.929 0.0000000000
91669  46.294  34.143  19.616 0.0000000000
91717  50.241  32.159  13.345 0.0000000000
92250  49.255  34.759  22.417 0.0000000000
92348  39.946  34.183  12.900 0.0000000000
92357  49.010  34.569  11.997 0.0000000000
92371  49.370  35.126  11.804 0.0000000000
93557  44.569  35.855  12.170 0.0000000000
93572  42.260  36.063  11.149 0.0000000000
93586  44.105  36.928  10.985 0.0000000000
93589  41.451  36.476  10.358 0.0000000000
93590  40.728  36.729  10.423 0.0000000000
94138  47.251  38.144  14.070 0.0000000000
94147  38.961  37.334  11.873 0.0000000000
94184  46.739  37.786  8.737 0.0000000000
94755  47.377  38.874  14.117 0.0000000000
94757  46.087  38.868  14.834 0.0000000000
94803  48.589  37.970  9.181 0.0000000000
94804  41.291  38.734  9.976 0.0000000000
94812  47.987  38.366  8.632 0.0000000000
94814  46.059  38.312  8.579 0.0000000000
94819  41.154  37.883  9.905 0.0000000000
94824  45.611  38.758  8.494 0.0000000000
94825  45.194  38.853  8.431 0.0000000000
95381  46.806  39.801  21.855 0.0000000000
95466  36.651  39.546  11.666 0.0000000000
95470  42.953  40.116  10.029 0.0000000000
95480  46.549  39.484  8.647 0.0000000000
95488  45.859  39.135  8.589 0.0000000000
95489  45.344  39.108  8.481 0.0000000000
95490  45.085  39.067  8.431 0.0000000000
96017  46.835  39.987  21.428 0.0000000000
96026  45.429  40.347  20.169 0.0000000000
96030  47.316  40.682  20.148 0.0000000000
96082  48.051  41.482  11.789 0.0000000000
96099  36.709  39.975  11.575 0.0000000000
96111  38.727  39.985  10.835 0.0000000000
96115  47.334  40.544  9.071 0.0000000000
96652  50.298  41.865  20.289 0.0000000000
96660  50.362  41.893  20.064 0.0000000000
96661  50.089  41.605  20.149 0.0000000000
96674  50.463  41.754  18.808 0.0000000000
96678  46.972  41.375  17.293 0.0000000000
96679  46.126  41.173  17.244 0.0000000000
96681  50.497  41.717  18.069 0.0000000000
96685  46.495  40.992  16.548 0.0000000000
96690  47.345  40.857  15.846 0.0000000000
96712  47.760  42.216  12.696 0.0000000000
96732  47.957  41.861  12.421 0.0000000000
96747  48.339  41.382  10.949 0.0000000000
96753  42.526  41.349  11.148 0.0000000000
96773  45.602  40.819  9.498 0.0000000000
97296  50.298  42.104  20.284 0.0000000000
97297  49.994  42.178  20.655 0.0000000000
97319  50.405  42.152  19.838 0.0000000000
97321  49.839  42.491  20.477 0.0000000000
97338  50.367  42.422  19.660 0.0000000000
97340  50.638  42.120  18.399 0.0000000000
97378  45.823  42.494  12.865 0.0000000000
97379  44.828  42.402  13.263 0.0000000000
97395  46.351  42.295  12.514 0.0000000000
97877  49.070  42.765  20.444 0.0000000000
97888  50.051  42.748  19.941 0.0000000000
97910  50.471  42.536  19.148 0.0000000000
99140  48.628  45.391  13.239 0.0000000000
100245  49.368  47.282  15.538 0.0000000000
101416  42.452  49.713  17.079 0.0000000000
101447  47.808  49.520  15.259 0.0000000000
102082  44.532  51.010  17.110 0.0000000000
104147  42.910  53.879  12.853 0.0000000000
104153  43.129  54.226  12.375 0.0000000000
104698  45.906  54.699  16.142 0.0000000000
104706  46.010  54.839  15.950 0.0000000000
104733  43.293  54.247  13.381 0.0000000000
105790  45.236  56.691  13.809 0.0000000000
