#!ascii label  , from subject sub-02 vox2ras=TkReg
513
54122  28.062  -7.789  62.554 0.0000000000
61677  44.030  0.101  48.968 0.0000000000
65809  51.157  3.071  47.637 0.0000000000
55303  45.179  -5.691  56.449 0.0000000000
50851  33.671  -11.105  59.624 0.0000000000
48730  30.820  -11.937  62.296 0.0000000000
64801  47.622  3.201  48.610 0.0000000000
63680  47.739  1.377  52.598 0.0000000000
53039  42.082  -8.270  57.830 0.0000000000
48722  38.352  -13.925  61.555 0.0000000000
68135  55.244  5.220  39.985 0.0000000000
65849  52.030  4.202  43.740 0.0000000000
58440  42.606  -3.832  55.663 0.0000000000
61623  45.475  -0.629  55.047 0.0000000000
51941  31.188  -9.273  61.610 0.0000000000
51913  29.646  -9.360  62.893 0.0000000000
63737  45.702  1.714  48.532 0.0000000000
64761  47.561  2.565  51.430 0.0000000000
63693  45.936  1.777  52.082 0.0000000000
47820  43.749  -12.761  56.589 0.0000000000
47743  34.781  -13.538  61.495 0.0000000000
49760  36.272  -12.574  60.826 0.0000000000
45597  36.578  -14.891  61.494 0.0000000000
66930  54.032  5.555  39.914 0.0000000000
66913  54.799  4.875  41.767 0.0000000000
66915  53.361  5.030  41.842 0.0000000000
64822  49.674  2.827  46.505 0.0000000000
64857  50.206  2.187  43.693 0.0000000000
65832  51.613  3.888  45.699 0.0000000000
65830  52.957  3.608  45.743 0.0000000000
64808  51.861  2.846  46.826 0.0000000000
54193  43.638  -7.558  57.207 0.0000000000
56351  42.674  -5.836  57.524 0.0000000000
57409  43.580  -4.801  57.452 0.0000000000
60540  43.332  -2.025  55.236 0.0000000000
58430  45.635  -3.449  56.470 0.0000000000
59496  46.565  -2.475  55.196 0.0000000000
56382  45.970  -5.252  54.930 0.0000000000
49748  32.464  -11.658  61.589 0.0000000000
63766  48.149  2.160  46.321 0.0000000000
65812  49.132  3.706  48.950 0.0000000000
64759  49.047  2.311  50.956 0.0000000000
62707  48.621  0.962  51.813 0.0000000000
49776  41.152  -12.817  59.151 0.0000000000
49814  42.646  -11.627  58.035 0.0000000000
51987  44.161  -10.446  56.890 0.0000000000
52013  45.606  -9.750  55.091 0.0000000000
54221  45.963  -8.494  54.044 0.0000000000
48774  39.840  -13.074  59.704 0.0000000000
46722  40.350  -14.803  60.728 0.0000000000
66937  55.967  4.773  38.273 0.0000000000
65879  52.010  3.876  41.675 0.0000000000
65848  53.032  4.239  44.109 0.0000000000
64854  53.473  2.606  44.392 0.0000000000
62698  44.797  0.810  52.688 0.0000000000
62674  46.286  0.212  54.372 0.0000000000
60562  47.486  -0.969  53.475 0.0000000000
52985  28.188  -8.712  62.788 0.0000000000
54109  28.868  -8.360  62.682 0.0000000000
51914  28.825  -9.431  62.871 0.0000000000
62731  45.209  1.523  49.117 0.0000000000
63721  45.585  2.067  49.954 0.0000000000
63707  45.039  1.374  50.921 0.0000000000
46690  35.354  -14.368  61.520 0.0000000000
66931  53.014  4.769  39.549 0.0000000000
66924  53.976  5.754  41.103 0.0000000000
66925  53.202  5.048  40.677 0.0000000000
65826  50.421  3.426  47.050 0.0000000000
64821  50.558  3.343  46.122 0.0000000000
65817  51.514  3.173  47.117 0.0000000000
65824  52.163  3.422  46.310 0.0000000000
55304  44.328  -6.234  57.087 0.0000000000
56334  43.112  -5.766  58.039 0.0000000000
56348  44.565  -4.949  57.330 0.0000000000
58420  44.538  -3.736  57.125 0.0000000000
56360  45.212  -4.883  56.805 0.0000000000
57428  46.115  -4.290  55.975 0.0000000000
55318  45.493  -6.017  55.454 0.0000000000
50822  31.640  -10.184  61.664 0.0000000000
49749  31.527  -11.199  62.021 0.0000000000
47745  32.583  -13.148  61.741 0.0000000000
63751  46.686  2.257  47.803 0.0000000000
62760  47.129  1.584  46.256 0.0000000000
64811  47.615  2.717  47.661 0.0000000000
64810  48.585  2.963  47.553 0.0000000000
65813  48.309  3.603  49.196 0.0000000000
65796  49.225  3.343  49.936 0.0000000000
65805  48.272  3.692  49.966 0.0000000000
64747  47.339  2.188  52.177 0.0000000000
64746  48.136  2.088  51.937 0.0000000000
62696  48.239  0.927  52.386 0.0000000000
61645  48.199  0.325  52.281 0.0000000000
62697  47.781  0.462  52.909 0.0000000000
48772  41.720  -13.206  58.988 0.0000000000
50847  41.758  -11.507  58.448 0.0000000000
48770  42.720  -12.739  58.152 0.0000000000
49848  44.536  -11.602  56.433 0.0000000000
52001  45.306  -10.208  55.839 0.0000000000
48742  36.871  -13.177  61.063 0.0000000000
48759  37.708  -13.017  60.624 0.0000000000
48758  38.926  -13.592  60.759 0.0000000000
48757  40.054  -13.590  60.277 0.0000000000
47756  39.724  -14.507  61.107 0.0000000000
68144  54.856  5.693  38.771 0.0000000000
68143  55.425  5.306  38.723 0.0000000000
65860  54.407  4.232  42.304 0.0000000000
65850  51.178  3.485  43.695 0.0000000000
64856  50.728  2.609  43.145 0.0000000000
64855  51.318  3.479  42.919 0.0000000000
64871  51.454  3.335  42.021 0.0000000000
65863  52.013  4.115  42.605 0.0000000000
65862  52.975  4.598  42.956 0.0000000000
63779  52.973  2.643  45.714 0.0000000000
64844  53.467  2.948  45.144 0.0000000000
51974  41.586  -9.557  57.973 0.0000000000
54167  41.358  -8.256  57.455 0.0000000000
57421  42.502  -4.764  56.282 0.0000000000
56373  42.080  -5.593  55.925 0.0000000000
60539  44.115  -1.583  55.408 0.0000000000
61633  42.917  -1.381  54.268 0.0000000000
61632  43.795  -0.507  54.152 0.0000000000
61639  43.534  -0.329  53.133 0.0000000000
62676  44.898  0.097  54.210 0.0000000000
62687  45.346  0.632  53.529 0.0000000000
62663  45.899  -0.075  54.813 0.0000000000
59507  46.679  -2.489  54.488 0.0000000000
60548  46.845  -1.637  54.647 0.0000000000
59518  46.684  -2.471  53.689 0.0000000000
60563  46.970  -1.600  53.159 0.0000000000
51926  30.562  -9.360  62.488 0.0000000000
49735  30.345  -11.134  62.778 0.0000000000
48731  30.211  -12.086  62.159 0.0000000000
49736  29.587  -10.840  63.067 0.0000000000
63736  46.227  2.379  49.077 0.0000000000
64776  47.787  3.192  50.548 0.0000000000
64790  46.256  2.586  50.451 0.0000000000
64762  46.786  2.430  51.626 0.0000000000
63681  47.025  1.720  52.785 0.0000000000
49746  34.367  -12.291  61.031 0.0000000000
49780  34.561  -11.559  60.290 0.0000000000
48744  35.198  -12.335  60.996 0.0000000000
47741  36.817  -13.767  61.459 0.0000000000
46687  37.929  -14.514  61.574 0.0000000000
45607  38.655  -15.304  61.308 0.0000000000
44663  37.815  -15.770  60.983 0.0000000000
68136  54.849  5.693  40.029 0.0000000000
68130  55.223  5.651  40.927 0.0000000000
68131  54.744  6.055  41.167 0.0000000000
66914  54.339  5.324  41.781 0.0000000000
66901  53.812  4.818  42.457 0.0000000000
63781  48.969  1.841  45.177 0.0000000000
64846  49.971  2.297  44.454 0.0000000000
64832  50.624  3.187  45.084 0.0000000000
65841  51.421  3.772  44.561 0.0000000000
65840  52.366  4.169  44.883 0.0000000000
65831  52.595  3.897  45.701 0.0000000000
64819  52.738  3.144  46.035 0.0000000000
53052  42.617  -7.917  57.642 0.0000000000
54165  42.507  -7.069  57.648 0.0000000000
55273  42.974  -6.207  57.902 0.0000000000
56350  42.810  -5.735  57.889 0.0000000000
58423  43.247  -4.498  57.003 0.0000000000
59498  42.668  -2.850  55.193 0.0000000000
59473  43.766  -3.463  56.834 0.0000000000
59485  44.048  -2.735  56.505 0.0000000000
60525  45.193  -1.923  55.929 0.0000000000
60537  45.684  -1.230  55.466 0.0000000000
59482  46.180  -2.533  55.884 0.0000000000
58439  46.403  -3.341  55.681 0.0000000000
57436  46.355  -4.350  54.709 0.0000000000
51953  31.562  -9.795  60.426 0.0000000000
51952  32.114  -10.089  60.892 0.0000000000
50820  32.950  -11.108  60.813 0.0000000000
49747  33.473  -12.168  61.296 0.0000000000
47744  33.699  -13.362  61.503 0.0000000000
64834  49.092  2.376  46.119 0.0000000000
64809  49.503  3.159  47.337 0.0000000000
65810  50.633  3.115  48.252 0.0000000000
65802  50.247  3.278  48.965 0.0000000000
64773  50.004  2.291  50.049 0.0000000000
63704  49.504  1.894  50.673 0.0000000000
64760  48.404  2.594  51.254 0.0000000000
63692  48.892  1.734  51.339 0.0000000000
49816  40.637  -11.776  58.274 0.0000000000
50866  41.157  -10.761  58.167 0.0000000000
50865  41.740  -10.584  58.291 0.0000000000
51973  42.373  -9.693  57.983 0.0000000000
48790  43.365  -12.414  57.487 0.0000000000
50880  43.596  -10.746  57.367 0.0000000000
51988  43.485  -9.608  57.358 0.0000000000
52003  44.022  -8.842  56.871 0.0000000000
53066  44.680  -8.474  56.282 0.0000000000
54208  44.982  -7.660  55.934 0.0000000000
54207  45.464  -7.400  55.192 0.0000000000
53103  45.913  -8.697  54.293 0.0000000000
48792  40.479  -12.547  58.932 0.0000000000
48756  40.777  -13.488  59.716 0.0000000000
46736  41.387  -14.424  59.242 0.0000000000
45622  39.693  -15.489  60.604 0.0000000000
45639  40.714  -15.209  59.713 0.0000000000
68153  55.887  5.393  37.672 0.0000000000
65894  52.603  4.379  41.239 0.0000000000
65878  52.599  4.448  42.114 0.0000000000
65861  53.779  4.072  43.115 0.0000000000
65839  53.183  3.734  45.051 0.0000000000
65847  53.440  3.707  44.327 0.0000000000
64853  53.739  3.264  43.931 0.0000000000
55291  41.966  -6.831  57.304 0.0000000000
61656  43.347  -0.418  51.411 0.0000000000
62708  44.467  0.676  51.622 0.0000000000
63694  45.261  1.323  51.907 0.0000000000
63672  46.051  0.947  53.115 0.0000000000
63670  47.200  1.069  53.271 0.0000000000
61621  46.724  -0.504  54.923 0.0000000000
61630  47.286  -0.310  54.393 0.0000000000
61638  47.569  -0.284  53.617 0.0000000000
60569  47.425  -0.923  52.743 0.0000000000
55329  45.651  -6.487  54.593 0.0000000000
56392  45.774  -5.640  54.169 0.0000000000
54111  27.662  -8.072  63.037 0.0000000000
54123  27.095  -7.575  62.800 0.0000000000
54110  28.494  -8.269  62.748 0.0000000000
62732  44.667  1.015  49.439 0.0000000000
63722  44.901  1.327  50.192 0.0000000000
65902  52.493  4.191  40.232 0.0000000000
65818  50.960  3.377  47.475 0.0000000000
64797  51.273  2.670  47.809 0.0000000000
55319  44.963  -6.714  56.104 0.0000000000
56361  44.702  -5.455  57.113 0.0000000000
56347  44.942  -4.698  57.103 0.0000000000
49734  30.988  -11.122  62.458 0.0000000000
48713  31.167  -11.463  62.348 0.0000000000
47746  31.575  -12.772  61.802 0.0000000000
64812  47.136  2.852  48.169 0.0000000000
63750  47.211  2.351  47.315 0.0000000000
64800  48.441  3.297  48.382 0.0000000000
64788  47.540  3.387  49.508 0.0000000000
47782  42.111  -13.492  58.658 0.0000000000
48771  42.308  -12.890  58.570 0.0000000000
47781  42.645  -13.207  58.219 0.0000000000
48741  37.937  -13.591  61.321 0.0000000000
48740  38.465  -13.930  61.299 0.0000000000
47771  38.946  -13.974  61.134 0.0000000000
47757  38.851  -14.270  61.291 0.0000000000
53040  41.445  -8.653  57.637 0.0000000000
54166  41.777  -7.611  57.522 0.0000000000
57429  42.325  -4.613  55.271 0.0000000000
60538  44.949  -1.337  55.452 0.0000000000
61625  43.544  -1.207  54.843 0.0000000000
61624  44.565  -0.681  54.825 0.0000000000
61631  44.500  -0.238  54.356 0.0000000000
62665  44.844  -0.246  54.489 0.0000000000
62664  45.296  -0.210  54.624 0.0000000000
58457  46.492  -3.412  54.208 0.0000000000
58471  46.418  -3.203  53.439 0.0000000000
52996  29.899  -8.655  62.519 0.0000000000
52995  30.395  -8.804  62.299 0.0000000000
51927  30.136  -9.235  62.762 0.0000000000
50798  30.498  -10.325  62.698 0.0000000000
50799  29.942  -10.281  63.003 0.0000000000
50800  29.320  -10.170  63.108 0.0000000000
62753  45.283  1.143  47.793 0.0000000000
64789  46.601  2.810  49.856 0.0000000000
63720  46.099  2.441  49.616 0.0000000000
63706  45.672  1.966  51.316 0.0000000000
64778  46.167  2.481  51.046 0.0000000000
64763  46.276  2.213  51.752 0.0000000000
64748  46.694  2.123  52.200 0.0000000000
64749  46.356  1.982  52.128 0.0000000000
48726  35.239  -12.887  61.338 0.0000000000
45598  35.959  -14.726  61.504 0.0000000000
47742  35.812  -13.676  61.514 0.0000000000
46689  36.301  -14.314  61.552 0.0000000000
46688  37.205  -14.401  61.540 0.0000000000
45596  37.497  -14.961  61.507 0.0000000000
66939  54.346  5.560  39.033 0.0000000000
66929  54.590  5.708  39.483 0.0000000000
68137  54.432  5.965  40.618 0.0000000000
66900  54.324  4.667  42.250 0.0000000000
64833  49.637  2.354  45.522 0.0000000000
65825  51.309  3.640  46.722 0.0000000000
64820  52.362  3.020  46.397 0.0000000000
63764  52.729  2.784  46.046 0.0000000000
63765  52.315  2.387  46.354 0.0000000000
54178  43.052  -7.199  57.653 0.0000000000
55290  42.785  -6.680  57.823 0.0000000000
56349  43.909  -5.169  57.608 0.0000000000
57398  43.233  -5.518  57.752 0.0000000000
57410  43.184  -5.189  57.529 0.0000000000
58422  43.543  -4.233  57.090 0.0000000000
58431  43.384  -3.919  56.712 0.0000000000
58419  45.053  -3.619  56.946 0.0000000000
59472  44.283  -3.218  56.922 0.0000000000
59471  44.942  -3.136  56.821 0.0000000000
59484  44.712  -2.583  56.472 0.0000000000
59483  45.439  -2.539  56.306 0.0000000000
56371  46.162  -4.508  55.583 0.0000000000
57427  46.327  -4.178  55.573 0.0000000000
51954  30.759  -9.159  60.544 0.0000000000
50809  31.838  -10.889  61.673 0.0000000000
50821  32.187  -10.566  61.200 0.0000000000
49764  32.543  -11.205  61.273 0.0000000000
49763  33.480  -11.652  61.047 0.0000000000
63767  47.471  2.010  46.610 0.0000000000
63782  48.464  1.946  45.780 0.0000000000
64799  49.341  3.480  48.167 0.0000000000
65819  50.213  3.599  47.872 0.0000000000
65811  49.972  3.638  48.680 0.0000000000
64774  49.411  2.816  50.290 0.0000000000
63679  48.389  1.434  52.074 0.0000000000
49815  40.980  -11.948  58.589 0.0000000000
50846  42.195  -11.733  58.346 0.0000000000
50864  42.374  -10.936  58.163 0.0000000000
48811  43.338  -13.074  57.417 0.0000000000
48810  43.572  -12.547  57.179 0.0000000000
50879  44.127  -11.209  56.883 0.0000000000
49832  43.591  -11.453  57.349 0.0000000000
52002  44.634  -9.685  56.512 0.0000000000
53065  45.337  -9.221  55.688 0.0000000000
53084  45.319  -8.312  55.556 0.0000000000
53083  45.763  -8.690  54.885 0.0000000000
49761  35.623  -12.227  60.714 0.0000000000
49779  35.329  -11.806  60.199 0.0000000000
48775  38.742  -13.025  59.680 0.0000000000
48794  38.442  -12.751  58.474 0.0000000000
48793  39.705  -12.649  58.580 0.0000000000
47769  40.362  -14.233  60.622 0.0000000000
47768  41.007  -14.031  59.804 0.0000000000
46721  40.691  -14.569  60.112 0.0000000000
44660  39.027  -15.573  61.056 0.0000000000
45660  41.385  -15.035  58.971 0.0000000000
68142  55.813  5.168  38.198 0.0000000000
68123  55.162  5.155  41.379 0.0000000000
63808  49.536  1.404  43.735 0.0000000000
64887  51.596  3.218  41.268 0.0000000000
65895  52.024  3.616  40.795 0.0000000000
64843  53.566  3.361  44.663 0.0000000000
55274  42.575  -6.587  57.622 0.0000000000
59497  43.050  -2.533  55.358 0.0000000000
62699  44.002  0.251  52.521 0.0000000000
61647  43.365  -0.340  52.211 0.0000000000
62709  43.795  0.068  51.748 0.0000000000
61655  43.905  0.083  50.976 0.0000000000
62686  46.139  0.542  53.727 0.0000000000
63671  46.617  1.095  53.241 0.0000000000
62685  46.741  0.604  53.851 0.0000000000
60536  46.436  -1.415  55.296 0.0000000000
61622  46.110  -0.534  55.161 0.0000000000
60555  47.392  -0.990  54.226 0.0000000000
54222  45.824  -7.853  54.293 0.0000000000
54121  29.072  -8.146  62.502 0.0000000000
52983  29.513  -8.814  62.693 0.0000000000
52984  28.979  -8.734  62.705 0.0000000000
62744  45.032  1.255  48.611 0.0000000000
55305  43.685  -6.865  57.351 0.0000000000
55289  43.333  -6.136  57.876 0.0000000000
55288  44.142  -5.600  57.565 0.0000000000
58421  43.919  -3.939  57.231 0.0000000000
57408  44.181  -4.473  57.397 0.0000000000
57407  45.028  -4.254  57.037 0.0000000000
57420  45.742  -4.269  56.375 0.0000000000
56372  45.886  -4.832  55.828 0.0000000000
50810  31.151  -10.327  62.180 0.0000000000
48729  31.641  -11.906  62.067 0.0000000000
63768  46.410  1.629  46.947 0.0000000000
64824  48.035  2.576  47.084 0.0000000000
65804  48.912  3.621  49.646 0.0000000000
65797  48.820  3.401  50.184 0.0000000000
49795  41.240  -12.185  58.672 0.0000000000
49794  41.760  -12.454  58.708 0.0000000000
49793  42.533  -12.271  58.223 0.0000000000
48830  44.125  -12.327  56.413 0.0000000000
50894  44.827  -10.821  56.391 0.0000000000
50893  45.230  -10.895  55.884 0.0000000000
49778  36.280  -12.239  60.382 0.0000000000
48760  36.766  -12.738  60.661 0.0000000000
48776  37.570  -12.704  59.513 0.0000000000
47770  39.541  -14.012  60.991 0.0000000000
47755  40.171  -14.635  60.972 0.0000000000
68154  55.343  5.795  37.809 0.0000000000
66938  55.537  4.821  39.180 0.0000000000
66899  54.632  4.488  42.027 0.0000000000
64845  50.643  2.966  44.095 0.0000000000
64872  50.956  2.765  42.316 0.0000000000
64831  53.169  3.271  45.603 0.0000000000
51975  41.031  -9.666  57.643 0.0000000000
56362  42.281  -5.715  56.886 0.0000000000
60527  43.867  -2.303  55.911 0.0000000000
61640  42.957  -0.984  53.477 0.0000000000
61648  42.888  -0.829  52.646 0.0000000000
62688  44.350  0.217  53.562 0.0000000000
62675  45.679  0.170  54.261 0.0000000000
60556  47.081  -1.674  53.991 0.0000000000
51942  30.618  -8.860  61.117 0.0000000000
53009  30.119  -8.602  61.636 0.0000000000
53008  30.699  -8.878  62.134 0.0000000000
49750  30.295  -11.614  62.553 0.0000000000
49751  29.864  -11.457  62.702 0.0000000000
63752  45.959  1.534  47.438 0.0000000000
64802  46.863  2.958  48.791 0.0000000000
64777  46.875  2.648  50.854 0.0000000000
46747  42.761  -14.046  57.785 0.0000000000
50819  33.881  -11.401  60.577 0.0000000000
50833  34.154  -11.210  60.095 0.0000000000
49762  34.638  -11.918  60.638 0.0000000000
48743  35.930  -12.675  61.089 0.0000000000
48725  36.241  -13.253  61.309 0.0000000000
47759  36.966  -13.528  61.285 0.0000000000
47758  37.330  -13.630  61.343 0.0000000000
47739  38.236  -14.180  61.501 0.0000000000
46705  38.476  -14.699  61.456 0.0000000000
45595  38.056  -15.286  61.552 0.0000000000
44662  38.455  -15.713  61.090 0.0000000000
44674  38.209  -16.060  60.634 0.0000000000
68124  54.981  5.579  41.572 0.0000000000
63795  49.275  1.746  44.650 0.0000000000
65823  52.655  3.542  45.928 0.0000000000
56336  43.006  -5.964  57.959 0.0000000000
55272  43.025  -5.951  58.170 0.0000000000
57411  42.812  -4.978  57.046 0.0000000000
58432  43.057  -4.107  56.382 0.0000000000
59487  42.973  -3.473  55.833 0.0000000000
59486  43.369  -3.096  56.117 0.0000000000
60526  44.494  -2.100  55.969 0.0000000000
60524  45.871  -1.875  55.810 0.0000000000
58429  46.203  -3.336  56.079 0.0000000000
58447  46.556  -3.405  55.027 0.0000000000
50852  32.905  -10.904  59.631 0.0000000000
51940  31.812  -9.915  61.247 0.0000000000
50835  32.422  -10.509  60.367 0.0000000000
50834  33.348  -11.042  60.254 0.0000000000
48727  34.098  -12.807  61.303 0.0000000000
48728  33.002  -12.502  61.650 0.0000000000
64823  48.610  2.488  46.661 0.0000000000
64798  50.754  2.624  48.440 0.0000000000
64786  50.380  2.699  49.216 0.0000000000
65803  49.696  3.313  49.486 0.0000000000
64787  49.907  2.766  49.802 0.0000000000
65798  48.376  3.392  50.347 0.0000000000
64775  48.673  3.035  50.671 0.0000000000
63691  49.130  1.885  51.031 0.0000000000
50848  41.368  -11.364  58.423 0.0000000000
47793  42.940  -13.423  57.793 0.0000000000
49792  42.891  -12.465  57.938 0.0000000000
49813  43.188  -12.015  57.710 0.0000000000
49831  43.864  -11.946  57.043 0.0000000000
50863  43.049  -11.207  57.735 0.0000000000
51972  42.941  -10.435  57.733 0.0000000000
51989  42.695  -8.741  57.663 0.0000000000
53051  43.308  -8.278  57.328 0.0000000000
53067  43.991  -8.111  56.885 0.0000000000
54192  44.270  -7.362  56.649 0.0000000000
52023  45.815  -9.321  54.385 0.0000000000
52036  45.885  -9.065  54.208 0.0000000000
50850  34.320  -11.381  59.512 0.0000000000
49797  36.112  -11.985  59.531 0.0000000000
49833  40.080  -11.699  57.641 0.0000000000
48773  40.666  -12.881  59.289 0.0000000000
48755  41.229  -13.540  59.391 0.0000000000
47783  41.534  -13.797  59.142 0.0000000000
46735  41.901  -13.997  58.722 0.0000000000
46704  39.169  -14.872  61.285 0.0000000000
46703  39.851  -14.886  61.046 0.0000000000
45621  40.275  -15.177  60.391 0.0000000000
45640  40.101  -15.693  59.797 0.0000000000
45620  40.594  -14.909  60.222 0.0000000000
45638  40.931  -14.823  59.698 0.0000000000
68169  56.265  5.656  36.644 0.0000000000
65838  53.422  3.621  44.735 0.0000000000
64869  53.796  3.126  42.996 0.0000000000
61666  43.996  0.100  50.003 0.0000000000
54180  41.609  -7.486  57.463 0.0000000000
62719  44.481  0.766  50.514 0.0000000000
63683  45.633  1.193  52.665 0.0000000000
63682  46.368  1.579  52.586 0.0000000000
62662  46.368  -0.033  54.843 0.0000000000
60547  47.009  -0.948  54.812 0.0000000000
62673  46.852  0.201  54.498 0.0000000000
62684  47.338  0.402  53.714 0.0000000000
63669  47.528  0.828  53.107 0.0000000000
61646  47.767  -0.302  52.853 0.0000000000
55341  45.704  -6.830  53.743 0.0000000000
57437  46.020  -4.947  54.442 0.0000000000
44661  38.863  -15.707  61.139 0.0000000000
44672  39.176  -15.669  60.896 0.0000000000
45605  39.948  -15.135  60.822 0.0000000000
45606  39.300  -15.379  61.052 0.0000000000
45608  37.972  -15.380  61.299 0.0000000000
47740  37.762  -13.969  61.513 0.0000000000
48714  30.942  -11.464  62.436 0.0000000000
48723  38.155  -13.919  61.468 0.0000000000
48724  36.721  -13.444  61.286 0.0000000000
48791  43.114  -12.764  57.750 0.0000000000
49775  41.315  -13.098  59.216 0.0000000000
49812  43.518  -12.248  57.340 0.0000000000
50832  34.740  -11.482  59.908 0.0000000000
50906  45.362  -10.587  55.339 0.0000000000
51912  30.193  -9.698  62.825 0.0000000000
52022  45.890  -8.959  54.436 0.0000000000
52997  29.396  -8.576  62.599 0.0000000000
53102  45.935  -8.843  54.181 0.0000000000
53121  45.987  -9.010  53.978 0.0000000000
54179  42.501  -7.320  57.683 0.0000000000
55292  41.501  -7.399  57.274 0.0000000000
56335  42.965  -5.766  58.164 0.0000000000
56381  46.196  -4.613  55.342 0.0000000000
57399  43.184  -5.742  57.910 0.0000000000
57419  46.192  -3.853  56.084 0.0000000000
59474  43.542  -3.681  56.732 0.0000000000
60523  46.192  -1.912  55.686 0.0000000000
60535  46.782  -0.915  55.046 0.0000000000
61626  43.123  -1.547  54.770 0.0000000000
62677  44.355  -0.049  54.135 0.0000000000
