#!ascii label  , from subject sub-02 vox2ras=TkReg
1066
56344  20.955  -4.751  58.443 0.0000000000
63595  32.238  1.941  63.751 0.0000000000
66968  37.862  5.101  36.624 0.0000000000
60635  30.036  -1.717  47.937 0.0000000000
58425  35.125  -3.292  57.201 0.0000000000
75907  47.557  13.363  28.817 0.0000000000
64917  38.802  2.535  39.176 0.0000000000
62843  34.181  0.852  39.929 0.0000000000
51968  15.803  -8.272  58.222 0.0000000000
62624  26.998  0.885  61.900 0.0000000000
58401  30.694  -2.573  59.675 0.0000000000
59505  23.599  -2.268  55.516 0.0000000000
73003  43.001  9.969  32.638 0.0000000000
58363  24.256  -2.283  64.281 0.0000000000
55232  18.785  -5.543  63.943 0.0000000000
71108  43.300  8.142  36.187 0.0000000000
50817  13.764  -10.125  62.639 0.0000000000
46700  10.661  -14.923  62.216 0.0000000000
63788  33.851  1.223  45.462 0.0000000000
59530  32.900  -2.615  52.592 0.0000000000
55370  35.086  -6.981  51.097 0.0000000000
54228  31.175  -6.675  54.263 0.0000000000
63842  38.272  2.228  40.850 0.0000000000
63881  35.702  1.736  39.775 0.0000000000
63845  35.565  1.549  41.541 0.0000000000
63860  41.109  1.841  39.545 0.0000000000
55314  20.507  -5.905  56.534 0.0000000000
53061  18.669  -7.351  56.327 0.0000000000
55285  18.882  -6.055  58.060 0.0000000000
59458  23.913  -2.135  60.597 0.0000000000
60501  25.821  -0.369  58.826 0.0000000000
57416  22.326  -3.604  57.325 0.0000000000
56389  21.735  -4.901  54.529 0.0000000000
69306  38.267  6.693  35.305 0.0000000000
66953  41.033  4.769  37.390 0.0000000000
69294  40.209  6.502  36.147 0.0000000000
70219  40.525  7.672  35.209 0.0000000000
52974  17.647  -7.184  65.841 0.0000000000
52989  16.264  -7.268  63.590 0.0000000000
50788  15.161  -8.884  65.787 0.0000000000
46650  10.909  -13.175  67.207 0.0000000000
46674  11.557  -13.410  64.791 0.0000000000
45585  10.204  -15.268  64.333 0.0000000000
43666  8.692  -17.139  64.528 0.0000000000
43642  7.600  -17.548  66.763 0.0000000000
61635  33.458  -0.584  54.214 0.0000000000
59511  33.795  -3.315  54.313 0.0000000000
58490  34.137  -4.544  52.403 0.0000000000
57451  34.987  -5.379  54.172 0.0000000000
57432  28.113  -3.492  54.743 0.0000000000
55297  30.242  -5.203  56.761 0.0000000000
56409  29.053  -5.098  52.826 0.0000000000
54276  30.523  -7.116  51.469 0.0000000000
62765  31.250  0.510  46.320 0.0000000000
61731  30.740  -0.077  43.759 0.0000000000
60662  29.221  -2.204  44.914 0.0000000000
76901  50.869  14.305  27.854 0.0000000000
73975  48.597  11.753  27.227 0.0000000000
65930  38.443  3.750  37.750 0.0000000000
64930  36.409  2.524  38.319 0.0000000000
65917  40.755  2.946  38.172 0.0000000000
63608  29.366  2.163  62.880 0.0000000000
61565  31.831  -0.282  62.128 0.0000000000
61577  29.243  0.043  60.503 0.0000000000
59477  27.604  -1.473  56.503 0.0000000000
58478  25.434  -2.719  52.702 0.0000000000
72999  46.004  10.095  33.766 0.0000000000
73956  45.355  10.725  32.420 0.0000000000
73964  45.461  12.077  30.516 0.0000000000
73972  45.705  11.508  28.344 0.0000000000
57374  22.591  -3.229  61.521 0.0000000000
55253  19.769  -4.786  60.866 0.0000000000
56275  21.469  -3.917  63.688 0.0000000000
60459  24.652  -0.582  63.493 0.0000000000
72042  43.174  9.014  34.857 0.0000000000
54141  17.352  -6.191  61.117 0.0000000000
51959  14.881  -8.983  60.846 0.0000000000
49789  12.969  -11.136  59.778 0.0000000000
49725  13.522  -10.923  65.248 0.0000000000
48719  12.018  -12.209  62.747 0.0000000000
41813  5.932  -19.949  68.371 0.0000000000
63811  35.327  1.509  43.467 0.0000000000
62736  31.796  0.198  49.232 0.0000000000
62713  32.714  0.338  51.463 0.0000000000
60588  31.459  -1.638  50.495 0.0000000000
58507  33.530  -3.647  50.506 0.0000000000
56440  34.571  -5.451  49.605 0.0000000000
54318  33.593  -7.433  48.578 0.0000000000
57359  32.889  -3.584  60.954 0.0000000000
55263  33.664  -5.429  59.011 0.0000000000
55309  34.420  -5.828  56.276 0.0000000000
54257  33.032  -7.998  52.376 0.0000000000
54303  31.845  -7.614  49.419 0.0000000000
62815  33.149  0.857  42.133 0.0000000000
61780  32.031  -0.595  40.756 0.0000000000
63823  38.056  2.260  41.752 0.0000000000
63843  37.339  1.952  41.065 0.0000000000
63824  37.146  2.086  41.987 0.0000000000
64892  39.922  2.491  41.234 0.0000000000
55298  21.023  -5.151  57.319 0.0000000000
55300  19.748  -6.296  57.227 0.0000000000
55283  20.521  -5.037  58.321 0.0000000000
57393  22.617  -3.413  59.378 0.0000000000
58416  23.355  -2.627  59.163 0.0000000000
56356  21.855  -3.932  57.755 0.0000000000
56368  21.542  -4.763  56.557 0.0000000000
69296  38.001  6.028  35.979 0.0000000000
68162  39.848  5.076  37.043 0.0000000000
69281  41.091  6.036  36.817 0.0000000000
68174  39.418  5.705  36.636 0.0000000000
69305  39.220  6.896  35.607 0.0000000000
45562  9.976  -14.701  67.164 0.0000000000
45570  10.239  -14.483  66.153 0.0000000000
44637  9.474  -15.703  65.312 0.0000000000
44646  9.140  -16.632  64.056 0.0000000000
43658  8.534  -16.744  65.381 0.0000000000
43659  8.183  -17.584  65.111 0.0000000000
60542  33.634  -2.098  56.062 0.0000000000
59488  34.352  -3.012  56.231 0.0000000000
58461  34.516  -4.420  54.028 0.0000000000
57430  35.017  -4.727  55.426 0.0000000000
62583  32.884  1.085  63.523 0.0000000000
57453  27.830  -3.926  52.702 0.0000000000
56387  28.724  -4.337  54.296 0.0000000000
56410  28.199  -4.727  52.305 0.0000000000
56429  28.428  -5.596  50.953 0.0000000000
61691  30.628  -0.105  47.981 0.0000000000
61710  30.420  0.157  45.857 0.0000000000
75898  48.022  14.066  30.320 0.0000000000
77896  48.982  15.182  30.236 0.0000000000
76888  48.868  14.455  29.054 0.0000000000
75917  48.833  13.339  27.861 0.0000000000
75918  48.086  13.200  28.176 0.0000000000
64928  38.153  2.693  38.789 0.0000000000
65921  37.115  3.166  37.836 0.0000000000
63890  37.528  2.378  38.882 0.0000000000
63882  34.975  1.359  40.061 0.0000000000
63893  34.768  1.343  39.169 0.0000000000
62853  33.889  0.608  38.658 0.0000000000
63877  40.121  2.309  39.151 0.0000000000
64926  40.243  2.364  38.733 0.0000000000
65918  39.737  3.182  38.328 0.0000000000
53048  17.392  -7.421  57.284 0.0000000000
50876  14.984  -9.258  57.869 0.0000000000
62609  28.294  1.189  61.858 0.0000000000
62608  29.555  0.926  61.520 0.0000000000
61578  28.028  0.531  60.704 0.0000000000
60533  24.632  -1.056  56.454 0.0000000000
60509  26.332  -0.559  57.798 0.0000000000
60544  25.293  -1.247  55.795 0.0000000000
59502  26.378  -2.191  54.784 0.0000000000
59515  24.516  -2.200  54.531 0.0000000000
58466  23.490  -3.164  53.285 0.0000000000
57524  33.203  -4.086  48.239 0.0000000000
73001  44.588  9.833  33.227 0.0000000000
73950  46.183  10.645  33.221 0.0000000000
73007  44.512  10.163  32.531 0.0000000000
73965  44.725  11.446  30.799 0.0000000000
73969  44.770  11.730  29.656 0.0000000000
73968  45.443  12.087  29.303 0.0000000000
57350  23.852  -2.859  63.291 0.0000000000
57352  22.907  -3.334  63.317 0.0000000000
57339  22.930  -3.235  64.304 0.0000000000
59427  24.584  -1.219  64.098 0.0000000000
58389  23.772  -2.502  62.573 0.0000000000
72040  44.776  9.112  35.242 0.0000000000
71113  42.987  8.608  35.515 0.0000000000
71121  40.875  8.677  34.349 0.0000000000
56293  19.575  -4.823  62.792 0.0000000000
55243  18.147  -5.465  61.441 0.0000000000
55237  18.266  -5.403  62.450 0.0000000000
51937  14.605  -8.876  62.851 0.0000000000
53015  15.739  -7.934  61.785 0.0000000000
50816  14.247  -9.461  62.239 0.0000000000
50844  13.890  -9.760  60.226 0.0000000000
49771  13.281  -10.398  61.784 0.0000000000
47719  12.560  -11.562  66.459 0.0000000000
46683  11.095  -14.228  63.461 0.0000000000
47736  11.818  -12.689  63.480 0.0000000000
46716  11.402  -13.764  61.869 0.0000000000
47766  11.827  -13.177  61.265 0.0000000000
62747  32.583  0.679  48.436 0.0000000000
60560  32.834  -1.240  53.653 0.0000000000
61643  32.980  -0.511  53.280 0.0000000000
60575  32.012  -1.418  51.796 0.0000000000
61660  31.539  -0.911  50.709 0.0000000000
60587  31.867  -1.935  51.098 0.0000000000
59553  32.233  -2.734  50.332 0.0000000000
59541  33.139  -3.201  51.322 0.0000000000
56419  34.684  -5.753  52.022 0.0000000000
57493  34.064  -5.362  50.458 0.0000000000
55379  34.796  -6.204  50.282 0.0000000000
55392  34.793  -6.518  49.615 0.0000000000
54300  34.500  -7.073  50.036 0.0000000000
59446  31.137  -1.917  61.025 0.0000000000
59437  32.082  -1.737  61.672 0.0000000000
57371  31.373  -3.034  60.532 0.0000000000
55323  30.677  -5.962  55.614 0.0000000000
55280  31.917  -5.307  58.075 0.0000000000
54185  32.553  -5.996  56.626 0.0000000000
54168  33.987  -5.711  57.325 0.0000000000
53070  33.335  -7.389  55.368 0.0000000000
54225  34.226  -7.740  54.209 0.0000000000
53129  32.548  -7.612  53.995 0.0000000000
54291  30.193  -7.182  50.198 0.0000000000
54290  31.147  -7.482  50.387 0.0000000000
63800  34.140  1.383  44.606 0.0000000000
63827  34.637  1.380  42.697 0.0000000000
63813  33.359  1.276  43.827 0.0000000000
61753  30.515  -1.055  42.626 0.0000000000
62805  31.595  -0.081  42.202 0.0000000000
74929  50.400  12.046  26.795 0.0000000000
63863  38.608  2.279  40.069 0.0000000000
63880  36.724  1.929  39.576 0.0000000000
63864  37.563  1.999  40.232 0.0000000000
63866  35.654  1.600  40.651 0.0000000000
63867  34.655  1.182  40.823 0.0000000000
64905  40.816  1.993  40.077 0.0000000000
63862  39.647  2.279  39.842 0.0000000000
54204  19.611  -6.725  56.352 0.0000000000
54189  18.605  -6.949  56.972 0.0000000000
54175  17.527  -6.883  57.933 0.0000000000
61580  25.139  0.101  61.352 0.0000000000
61592  26.232  0.202  60.370 0.0000000000
60503  24.260  -1.391  59.560 0.0000000000
59468  23.319  -1.992  58.330 0.0000000000
58445  22.954  -2.927  55.838 0.0000000000
57434  22.532  -3.655  55.331 0.0000000000
56378  22.032  -4.294  55.998 0.0000000000
55313  21.080  -5.397  56.151 0.0000000000
72062  42.196  9.897  32.489 0.0000000000
58350  23.944  -2.658  65.349 0.0000000000
69280  42.190  6.283  36.882 0.0000000000
69292  41.952  6.954  36.445 0.0000000000
70211  41.686  7.441  35.857 0.0000000000
71114  42.027  8.241  35.340 0.0000000000
70212  40.971  7.028  35.837 0.0000000000
70220  39.399  7.388  35.100 0.0000000000
54106  18.084  -6.591  64.915 0.0000000000
54115  17.248  -6.953  63.689 0.0000000000
52979  16.970  -7.208  64.869 0.0000000000
51907  15.902  -7.538  64.595 0.0000000000
50794  14.749  -8.850  64.503 0.0000000000
46664  11.725  -12.763  66.327 0.0000000000
45569  10.853  -13.832  65.915 0.0000000000
45577  10.677  -14.377  65.108 0.0000000000
45592  10.360  -15.313  63.081 0.0000000000
44650  9.713  -16.074  63.575 0.0000000000
60552  33.189  -1.411  54.780 0.0000000000
59521  33.240  -2.577  53.700 0.0000000000
59529  33.591  -3.490  52.178 0.0000000000
58462  34.089  -3.975  53.576 0.0000000000
57466  34.563  -5.073  52.678 0.0000000000
55358  35.109  -6.379  52.471 0.0000000000
57402  29.951  -3.214  57.568 0.0000000000
57390  30.726  -3.668  58.679 0.0000000000
56366  29.292  -4.501  55.585 0.0000000000
55325  29.271  -5.616  55.114 0.0000000000
55334  29.985  -6.125  54.247 0.0000000000
54260  30.476  -6.865  52.722 0.0000000000
55359  29.791  -6.508  52.035 0.0000000000
55382  28.905  -6.236  50.433 0.0000000000
63776  32.658  0.972  46.067 0.0000000000
62783  31.908  1.118  44.914 0.0000000000
62775  31.190  0.636  45.341 0.0000000000
61732  29.957  -0.621  44.108 0.0000000000
77909  50.503  15.695  28.765 0.0000000000
74918  49.158  12.655  27.384 0.0000000000
66956  38.110  4.574  37.081 0.0000000000
66957  37.094  4.151  36.870 0.0000000000
65931  37.502  3.710  37.484 0.0000000000
63892  35.657  2.082  38.640 0.0000000000
63905  34.512  1.336  38.012 0.0000000000
65907  42.680  2.939  39.122 0.0000000000
65915  42.502  2.927  38.338 0.0000000000
66944  42.531  3.665  37.903 0.0000000000
66945  41.353  4.001  37.701 0.0000000000
66955  39.361  4.286  37.537 0.0000000000
64635  30.853  2.779  63.586 0.0000000000
62584  32.177  1.006  63.282 0.0000000000
62596  31.041  0.915  62.335 0.0000000000
61575  30.864  -0.344  61.216 0.0000000000
59448  30.315  -1.394  59.927 0.0000000000
60491  27.736  -0.196  59.440 0.0000000000
60499  28.855  -0.886  58.802 0.0000000000
58409  29.721  -2.111  58.447 0.0000000000
58435  28.320  -2.488  55.974 0.0000000000
58463  26.695  -2.766  53.708 0.0000000000
58493  26.155  -3.067  52.096 0.0000000000
73954  47.108  11.843  32.592 0.0000000000
73961  44.769  10.915  31.672 0.0000000000
73960  45.454  11.524  31.558 0.0000000000
74902  46.759  12.360  31.889 0.0000000000
74905  46.279  12.719  30.839 0.0000000000
74909  46.423  12.886  29.718 0.0000000000
74913  46.761  12.649  28.637 0.0000000000
74920  47.148  12.103  27.836 0.0000000000
57385  22.004  -3.630  60.569 0.0000000000
56329  20.595  -4.619  59.904 0.0000000000
57375  21.983  -3.542  61.652 0.0000000000
56291  20.750  -4.193  62.184 0.0000000000
56282  20.075  -4.724  63.529 0.0000000000
57330  22.770  -3.274  65.306 0.0000000000
56277  19.860  -5.232  64.629 0.0000000000
55224  19.305  -6.280  65.614 0.0000000000
64623  31.210  3.489  64.146 0.0000000000
64636  29.754  2.799  63.572 0.0000000000
63609  28.379  2.016  63.169 0.0000000000
62597  26.916  1.224  63.045 0.0000000000
62585  26.333  1.263  64.067 0.0000000000
61568  25.493  0.420  62.767 0.0000000000
60470  24.353  -0.674  62.520 0.0000000000
58397  23.610  -2.565  61.754 0.0000000000
72984  45.782  9.692  34.754 0.0000000000
72993  44.666  9.600  33.892 0.0000000000
72056  43.362  9.553  33.747 0.0000000000
71120  41.858  8.761  34.672 0.0000000000
72050  41.758  9.267  33.943 0.0000000000
72058  41.594  9.582  33.096 0.0000000000
55267  19.995  -4.860  59.460 0.0000000000
55269  17.780  -5.810  59.240 0.0000000000
54162  16.699  -7.015  59.506 0.0000000000
54142  16.746  -6.783  61.804 0.0000000000
53025  15.752  -8.069  60.708 0.0000000000
53036  15.673  -8.076  59.724 0.0000000000
50842  14.680  -8.929  59.251 0.0000000000
49808  13.667  -10.679  58.930 0.0000000000
50789  14.600  -9.560  65.511 0.0000000000
49730  14.023  -10.239  64.264 0.0000000000
48718  12.443  -11.641  63.505 0.0000000000
49743  12.699  -11.136  62.919 0.0000000000
48751  12.446  -11.693  61.451 0.0000000000
41822  7.129  -18.681  67.800 0.0000000000
64878  37.047  1.994  42.999 0.0000000000
63775  33.412  1.050  46.197 0.0000000000
63760  32.848  0.913  46.850 0.0000000000
62748  31.513  0.341  48.285 0.0000000000
61679  30.817  -0.510  49.078 0.0000000000
61669  31.969  -0.070  50.384 0.0000000000
61670  31.490  -0.539  50.095 0.0000000000
60619  30.828  -2.139  49.173 0.0000000000
59567  31.424  -2.485  49.487 0.0000000000
58522  32.776  -3.380  49.381 0.0000000000
57509  34.059  -4.459  49.311 0.0000000000
58492  33.650  -3.754  51.208 0.0000000000
58520  33.925  -4.297  50.091 0.0000000000
56450  34.807  -5.519  48.905 0.0000000000
55405  34.860  -6.263  48.539 0.0000000000
54317  34.372  -6.936  48.959 0.0000000000
58424  35.212  -3.456  57.842 0.0000000000
60449  32.704  -0.601  62.577 0.0000000000
58361  33.432  -1.617  62.233 0.0000000000
57347  33.708  -2.949  61.389 0.0000000000
56313  31.949  -4.141  59.459 0.0000000000
56311  33.362  -4.741  59.869 0.0000000000
56296  34.298  -4.381  60.205 0.0000000000
56322  34.639  -4.782  58.842 0.0000000000
55293  34.668  -5.167  57.310 0.0000000000
57422  35.102  -4.563  56.391 0.0000000000
55321  34.956  -5.718  55.191 0.0000000000
54238  35.184  -7.068  52.861 0.0000000000
54272  34.340  -7.496  51.506 0.0000000000
54259  31.243  -7.309  52.466 0.0000000000
54274  32.539  -7.867  51.435 0.0000000000
54288  33.135  -7.775  50.509 0.0000000000
54302  32.844  -7.666  49.487 0.0000000000
63826  35.489  1.498  42.497 0.0000000000
63846  34.781  1.332  41.798 0.0000000000
62831  33.613  0.729  40.859 0.0000000000
62804  32.285  0.650  42.634 0.0000000000
62816  32.338  0.196  41.442 0.0000000000
62832  32.715  -0.040  40.328 0.0000000000
73987  47.407  10.786  27.206 0.0000000000
63822  38.984  2.495  41.500 0.0000000000
55282  21.000  -4.887  58.064 0.0000000000
56326  22.091  -3.503  59.139 0.0000000000
56342  21.894  -3.600  58.650 0.0000000000
56343  21.394  -4.442  58.254 0.0000000000
68175  38.411  5.477  36.548 0.0000000000
68176  37.671  5.379  36.165 0.0000000000
68163  39.033  5.012  36.951 0.0000000000
69295  38.899  6.276  36.097 0.0000000000
45563  9.674  -15.178  67.080 0.0000000000
45571  9.712  -15.111  66.526 0.0000000000
44629  9.265  -15.568  65.967 0.0000000000
44630  8.667  -16.168  66.248 0.0000000000
59476  34.871  -2.789  56.966 0.0000000000
58434  35.003  -3.527  56.524 0.0000000000
58442  34.782  -3.963  55.657 0.0000000000
58441  35.042  -4.179  56.201 0.0000000000
64622  32.164  3.095  64.194 0.0000000000
57467  27.401  -4.245  51.809 0.0000000000
56421  27.888  -4.995  51.416 0.0000000000
61692  30.236  -0.947  48.425 0.0000000000
61702  29.978  -0.745  47.527 0.0000000000
76865  48.594  14.599  30.705 0.0000000000
75901  48.179  13.979  29.366 0.0000000000
76874  48.760  14.676  29.758 0.0000000000
75906  48.624  13.873  28.550 0.0000000000
74912  47.471  12.814  28.151 0.0000000000
62844  33.240  0.016  39.530 0.0000000000
63878  39.119  2.421  39.477 0.0000000000
64915  40.025  2.414  38.941 0.0000000000
64927  39.235  2.727  38.814 0.0000000000
53049  16.770  -7.654  57.704 0.0000000000
53063  17.050  -7.836  57.010 0.0000000000
51984  16.194  -8.213  57.787 0.0000000000
51985  15.767  -8.797  57.533 0.0000000000
62610  27.358  1.096  62.235 0.0000000000
62623  27.620  0.889  61.515 0.0000000000
59493  23.928  -1.701  56.050 0.0000000000
59504  24.309  -1.868  55.306 0.0000000000
59503  25.423  -1.714  55.178 0.0000000000
59516  23.928  -2.213  54.960 0.0000000000
58454  24.146  -2.428  54.242 0.0000000000
58455  23.474  -2.702  54.560 0.0000000000
57523  33.824  -4.310  48.606 0.0000000000
73002  43.684  9.839  33.064 0.0000000000
73008  43.650  10.106  32.249 0.0000000000
73024  44.346  10.909  28.649 0.0000000000
58378  24.008  -2.734  63.927 0.0000000000
57351  23.670  -3.000  63.627 0.0000000000
58364  23.915  -2.864  64.438 0.0000000000
59417  24.488  -1.671  64.190 0.0000000000
58377  23.938  -2.541  63.454 0.0000000000
71112  43.715  8.655  35.814 0.0000000000
55236  18.806  -5.114  63.033 0.0000000000
55233  18.149  -5.775  63.388 0.0000000000
51922  14.550  -8.873  63.507 0.0000000000
50830  13.818  -9.875  61.450 0.0000000000
46684  10.811  -14.714  62.934 0.0000000000
46698  11.400  -13.558  62.961 0.0000000000
46699  11.070  -14.292  62.492 0.0000000000
60566  32.811  -1.959  53.422 0.0000000000
60567  32.453  -1.457  52.832 0.0000000000
59531  32.329  -2.028  52.261 0.0000000000
59542  32.360  -2.376  51.594 0.0000000000
55369  34.961  -6.482  51.330 0.0000000000
56428  34.411  -5.819  50.941 0.0000000000
55380  34.895  -6.752  50.523 0.0000000000
54286  34.713  -7.217  50.870 0.0000000000
58395  30.875  -2.586  60.308 0.0000000000
58388  31.361  -2.535  61.123 0.0000000000
57382  31.016  -3.190  59.695 0.0000000000
54216  30.952  -6.179  55.098 0.0000000000
54200  31.771  -6.107  55.963 0.0000000000
54215  32.134  -6.795  54.968 0.0000000000
54199  32.794  -6.831  55.707 0.0000000000
53091  32.663  -7.244  54.976 0.0000000000
53109  32.960  -7.874  54.609 0.0000000000
54227  31.950  -7.094  54.089 0.0000000000
63801  33.366  1.258  44.733 0.0000000000
63844  36.441  1.779  41.296 0.0000000000
63865  36.586  1.764  40.426 0.0000000000
64890  41.586  2.468  41.022 0.0000000000
63841  39.266  2.351  40.615 0.0000000000
55284  19.627  -5.663  58.051 0.0000000000
54173  19.209  -6.429  57.428 0.0000000000
54174  18.433  -6.573  57.640 0.0000000000
54160  18.096  -6.108  58.381 0.0000000000
60481  24.368  -0.836  61.274 0.0000000000
60492  24.407  -1.119  60.220 0.0000000000
60493  24.188  -1.727  59.965 0.0000000000
58427  22.714  -3.090  57.759 0.0000000000
59480  23.073  -2.493  57.409 0.0000000000
58437  22.787  -3.069  56.866 0.0000000000
57425  22.457  -3.686  56.392 0.0000000000
68160  41.632  5.143  37.174 0.0000000000
69293  41.357  6.705  36.316 0.0000000000
70221  38.858  7.119  35.202 0.0000000000
54107  17.575  -6.916  64.435 0.0000000000
52978  17.530  -6.932  65.008 0.0000000000
51908  15.414  -8.144  65.090 0.0000000000
46657  11.135  -13.241  66.435 0.0000000000
45578  9.893  -15.190  65.451 0.0000000000
45584  10.744  -14.676  63.981 0.0000000000
43651  7.738  -17.490  66.107 0.0000000000
42744  7.723  -18.427  65.447 0.0000000000
42737  7.459  -18.255  66.420 0.0000000000
59500  33.710  -2.593  55.408 0.0000000000
59501  33.341  -2.004  55.100 0.0000000000
59512  33.344  -2.297  54.569 0.0000000000
60559  33.002  -1.767  54.087 0.0000000000
59520  33.664  -3.324  53.154 0.0000000000
57452  34.857  -5.061  53.772 0.0000000000
56408  35.007  -5.682  53.072 0.0000000000
57424  28.979  -3.605  55.592 0.0000000000
57414  29.778  -4.064  56.539 0.0000000000
56397  29.183  -5.045  53.925 0.0000000000
56386  29.144  -5.132  54.802 0.0000000000
55335  29.373  -5.688  54.578 0.0000000000
55347  29.490  -5.687  53.564 0.0000000000
55346  29.953  -6.261  53.124 0.0000000000
55360  29.311  -5.863  52.481 0.0000000000
62764  32.052  0.756  46.650 0.0000000000
62774  31.917  0.888  45.805 0.0000000000
61722  29.655  -0.477  45.256 0.0000000000
60673  29.338  -1.370  44.535 0.0000000000
75905  49.359  14.014  28.077 0.0000000000
73985  49.034  11.025  26.938 0.0000000000
64938  36.607  2.893  37.896 0.0000000000
64939  35.961  2.631  37.583 0.0000000000
63891  36.898  2.220  38.882 0.0000000000
64913  41.831  2.054  39.210 0.0000000000
65916  41.755  2.780  38.135 0.0000000000
65929  39.176  3.647  38.021 0.0000000000
66947  39.634  3.755  37.990 0.0000000000
63607  30.598  1.864  62.810 0.0000000000
63618  30.515  1.299  62.335 0.0000000000
62621  29.403  0.450  60.955 0.0000000000
61567  30.534  0.353  61.404 0.0000000000
61576  30.169  0.045  60.823 0.0000000000
60479  30.230  -0.760  60.253 0.0000000000
60480  29.563  -0.704  59.909 0.0000000000
61603  26.151  -0.129  59.554 0.0000000000
61602  27.042  -0.031  59.605 0.0000000000
60508  27.324  -0.901  57.316 0.0000000000
60500  27.594  -0.457  58.597 0.0000000000
59467  28.359  -1.339  57.481 0.0000000000
59463  29.033  -1.348  58.294 0.0000000000
58426  28.826  -2.130  56.775 0.0000000000
59490  27.662  -1.926  55.858 0.0000000000
59514  25.566  -2.318  54.349 0.0000000000
58452  26.850  -2.632  54.359 0.0000000000
58453  26.184  -2.605  54.122 0.0000000000
58477  26.427  -2.873  52.895 0.0000000000
56388  22.115  -4.401  55.128 0.0000000000
57443  22.491  -3.969  54.097 0.0000000000
72991  46.434  10.050  34.325 0.0000000000
73949  47.346  11.462  33.096 0.0000000000
73955  46.393  11.635  32.350 0.0000000000
73012  43.498  10.300  31.466 0.0000000000
73011  44.218  10.446  31.873 0.0000000000
73959  46.001  12.158  31.371 0.0000000000
74906  45.793  12.464  30.506 0.0000000000
74910  45.820  12.467  29.948 0.0000000000
73967  46.027  12.234  28.958 0.0000000000
75903  46.819  13.177  29.712 0.0000000000
73971  46.394  11.785  28.143 0.0000000000
57353  22.157  -3.560  63.108 0.0000000000
56280  21.448  -3.915  62.751 0.0000000000
56281  20.773  -4.292  63.172 0.0000000000
57329  23.243  -3.088  65.623 0.0000000000
56261  21.582  -4.218  66.094 0.0000000000
56270  20.636  -4.679  65.387 0.0000000000
56271  20.108  -5.517  65.701 0.0000000000
55227  19.665  -5.867  65.328 0.0000000000
64624  30.165  3.568  64.245 0.0000000000
61547  25.377  0.524  64.347 0.0000000000
62586  25.651  0.811  63.801 0.0000000000
62598  25.991  0.867  63.268 0.0000000000
61559  25.273  0.259  63.628 0.0000000000
60469  24.813  -0.062  62.853 0.0000000000
58390  23.655  -2.768  62.517 0.0000000000
57373  23.078  -2.900  61.237 0.0000000000
57384  22.629  -3.302  60.474 0.0000000000
66958  36.671  3.825  36.651 0.0000000000
72041  43.903  9.021  35.163 0.0000000000
72047  44.649  9.341  34.598 0.0000000000
72048  43.785  9.339  34.315 0.0000000000
72994  44.023  9.617  33.648 0.0000000000
70218  41.396  7.880  35.349 0.0000000000
71115  41.332  8.238  34.987 0.0000000000
71131  40.439  8.888  33.441 0.0000000000
72051  41.069  9.202  33.567 0.0000000000
56316  20.410  -4.606  60.559 0.0000000000
55255  17.978  -5.582  60.203 0.0000000000
54152  17.248  -6.295  59.942 0.0000000000
54153  16.690  -6.863  60.630 0.0000000000
54128  16.837  -6.948  62.815 0.0000000000
53004  16.213  -7.309  62.346 0.0000000000
51949  15.316  -8.551  61.263 0.0000000000
51958  15.165  -8.623  60.097 0.0000000000
50843  14.480  -9.254  59.952 0.0000000000
49788  13.317  -10.356  60.523 0.0000000000
49809  13.188  -11.298  59.068 0.0000000000
48787  12.990  -12.076  59.094 0.0000000000
49724  14.145  -10.245  65.582 0.0000000000
49731  13.564  -10.791  64.606 0.0000000000
47721  12.056  -12.982  65.135 0.0000000000
47735  12.221  -12.297  64.186 0.0000000000
48736  12.386  -11.629  62.456 0.0000000000
49758  12.838  -10.923  62.245 0.0000000000
48737  12.021  -12.315  61.849 0.0000000000
41812  6.539  -19.168  68.235 0.0000000000
63787  34.755  1.338  45.458 0.0000000000
63759  33.620  1.002  47.034 0.0000000000
63745  32.993  0.903  47.586 0.0000000000
61650  32.429  -0.483  52.202 0.0000000000
61659  31.962  -0.435  51.054 0.0000000000
60602  31.004  -1.581  49.732 0.0000000000
59554  31.491  -2.183  50.042 0.0000000000
58508  33.070  -3.338  50.052 0.0000000000
58521  33.582  -3.813  49.519 0.0000000000
58491  33.819  -4.156  51.738 0.0000000000
59540  33.613  -3.649  51.603 0.0000000000
57494  33.850  -4.787  50.653 0.0000000000
57508  34.268  -5.025  49.709 0.0000000000
55404  35.029  -5.898  48.994 0.0000000000
61557  32.125  0.108  62.655 0.0000000000
60458  32.233  -0.834  62.102 0.0000000000
58376  32.395  -2.380  61.603 0.0000000000
59426  32.706  -1.482  62.066 0.0000000000
57349  32.723  -2.931  61.441 0.0000000000
58374  33.648  -2.301  61.821 0.0000000000
57348  33.226  -3.012  61.438 0.0000000000
56341  30.735  -4.536  57.969 0.0000000000
57389  31.237  -4.072  58.938 0.0000000000
56340  31.253  -4.875  58.213 0.0000000000
55279  32.769  -5.457  58.271 0.0000000000
55265  32.593  -5.242  58.927 0.0000000000
55251  33.519  -5.155  59.474 0.0000000000
56310  33.793  -4.810  59.961 0.0000000000
55250  33.908  -5.095  59.522 0.0000000000
56308  34.503  -4.618  59.608 0.0000000000
55262  34.081  -5.275  59.006 0.0000000000
54182  34.061  -6.141  56.376 0.0000000000
55294  34.275  -5.576  57.115 0.0000000000
56363  35.014  -4.910  56.736 0.0000000000
55308  34.807  -5.460  56.093 0.0000000000
56374  35.042  -5.142  55.789 0.0000000000
55322  34.730  -6.214  55.425 0.0000000000
54240  33.606  -7.999  53.416 0.0000000000
54224  35.024  -7.152  53.893 0.0000000000
54239  34.565  -7.656  53.142 0.0000000000
54255  34.770  -7.425  52.202 0.0000000000
54256  33.966  -7.737  52.353 0.0000000000
54275  31.569  -7.576  51.442 0.0000000000
54289  32.145  -7.712  50.440 0.0000000000
63810  36.206  1.669  43.240 0.0000000000
63828  33.740  1.267  42.876 0.0000000000
63847  34.031  1.142  41.934 0.0000000000
63868  34.283  1.078  41.344 0.0000000000
62784  31.299  0.647  44.292 0.0000000000
62794  32.382  1.111  43.819 0.0000000000
62795  31.488  0.377  43.239 0.0000000000
61764  31.896  -0.316  41.313 0.0000000000
62817  31.804  -0.213  41.602 0.0000000000
74916  51.071  12.904  27.004 0.0000000000
74928  51.268  12.271  26.604 0.0000000000
74915  51.805  12.974  26.806 0.0000000000
55299  20.232  -5.775  57.316 0.0000000000
58410  23.428  -2.731  59.903 0.0000000000
58411  23.159  -3.085  59.361 0.0000000000
57404  22.323  -3.389  58.243 0.0000000000
56367  21.938  -4.146  56.894 0.0000000000
56357  21.563  -4.517  57.349 0.0000000000
68161  40.677  5.310  37.058 0.0000000000
68173  40.138  5.706  36.745 0.0000000000
51889  17.397  -7.795  66.609 0.0000000000
52975  17.071  -7.466  65.711 0.0000000000
44645  9.606  -15.851  64.668 0.0000000000
44638  9.061  -16.231  65.164 0.0000000000
43650  8.140  -16.829  65.961 0.0000000000
43641  8.089  -16.698  67.070 0.0000000000
60529  33.909  -2.030  56.735 0.0000000000
59489  33.852  -2.531  56.159 0.0000000000
59499  34.208  -3.545  55.202 0.0000000000
59510  34.198  -3.796  54.654 0.0000000000
58450  34.537  -4.159  54.809 0.0000000000
57431  34.823  -4.420  55.145 0.0000000000
57439  34.983  -5.172  54.576 0.0000000000
57441  28.092  -3.688  53.720 0.0000000000
56398  28.606  -4.406  53.262 0.0000000000
56420  28.635  -5.408  51.901 0.0000000000
56430  27.789  -5.128  50.461 0.0000000000
61701  30.478  0.069  46.939 0.0000000000
61711  29.704  -0.574  46.460 0.0000000000
75902  47.294  13.503  29.846 0.0000000000
76857  49.024  14.499  31.657 0.0000000000
77910  49.768  15.411  29.054 0.0000000000
76873  49.280  14.976  29.190 0.0000000000
74919  48.111  12.503  27.666 0.0000000000
65919  38.749  3.194  38.348 0.0000000000
65920  37.837  3.175  38.114 0.0000000000
64929  37.204  2.662  38.395 0.0000000000
63876  40.808  1.856  38.998 0.0000000000
64914  41.356  1.762  38.790 0.0000000000
53062  17.654  -7.833  56.569 0.0000000000
50877  14.876  -10.226  57.513 0.0000000000
63620  28.865  1.646  62.325 0.0000000000
63619  29.899  1.500  62.274 0.0000000000
62622  28.671  0.678  61.154 0.0000000000
60510  25.063  -0.623  58.243 0.0000000000
60519  25.447  -0.690  57.150 0.0000000000
60532  25.897  -1.040  56.168 0.0000000000
60531  26.585  -1.172  56.158 0.0000000000
59491  26.779  -1.633  55.630 0.0000000000
59492  25.862  -1.382  55.663 0.0000000000
59522  25.200  -2.390  53.925 0.0000000000
58479  24.392  -2.908  52.457 0.0000000000
58465  24.552  -2.502  53.677 0.0000000000
58531  32.447  -3.642  48.446 0.0000000000
73000  45.406  9.968  33.420 0.0000000000
73006  45.114  10.143  32.895 0.0000000000
73015  44.073  10.775  31.103 0.0000000000
73019  43.954  11.081  30.029 0.0000000000
73973  45.086  11.625  28.748 0.0000000000
73023  45.162  11.192  28.243 0.0000000000
57363  23.316  -3.014  62.476 0.0000000000
57364  22.551  -3.369  62.454 0.0000000000
57340  22.203  -3.457  64.030 0.0000000000
60460  24.236  -1.195  63.347 0.0000000000
59428  24.273  -1.660  63.800 0.0000000000
57362  23.844  -2.889  62.985 0.0000000000
70227  40.217  8.237  34.467 0.0000000000
55241  19.724  -4.776  61.402 0.0000000000
55242  19.245  -4.945  61.783 0.0000000000
52990  15.606  -7.597  63.512 0.0000000000
53005  15.637  -7.724  62.868 0.0000000000
51936  15.158  -8.347  62.358 0.0000000000
51950  14.797  -8.962  61.772 0.0000000000
50829  14.414  -9.400  61.099 0.0000000000
49772  12.814  -11.003  61.016 0.0000000000
48704  13.743  -10.582  66.459 0.0000000000
48705  13.181  -11.258  65.833 0.0000000000
46682  11.456  -13.451  63.946 0.0000000000
47728  11.922  -12.895  64.434 0.0000000000
47753  11.641  -12.911  62.369 0.0000000000
63744  33.656  0.931  48.022 0.0000000000
62746  33.281  0.730  48.864 0.0000000000
62735  32.624  0.513  49.422 0.0000000000
61636  33.037  -0.826  53.864 0.0000000000
60576  31.672  -1.241  51.080 0.0000000000
59552  33.012  -3.242  50.552 0.0000000000
57479  34.033  -5.058  51.576 0.0000000000
56439  34.498  -5.727  49.982 0.0000000000
55391  35.028  -6.012  49.466 0.0000000000
54301  33.777  -7.420  49.678 0.0000000000
60467  31.800  -0.988  61.672 0.0000000000
59438  31.588  -1.888  61.380 0.0000000000
57361  31.602  -2.809  61.108 0.0000000000
57360  32.090  -3.072  61.142 0.0000000000
55296  30.724  -5.265  56.975 0.0000000000
55281  31.208  -5.227  57.626 0.0000000000
55295  31.455  -5.519  57.133 0.0000000000
54171  32.345  -5.588  57.464 0.0000000000
54170  33.024  -5.644  57.413 0.0000000000
55277  33.894  -5.555  58.284 0.0000000000
54169  33.612  -5.704  57.367 0.0000000000
54183  33.717  -6.225  56.432 0.0000000000
54197  33.930  -6.938  55.824 0.0000000000
54211  34.709  -7.052  54.864 0.0000000000
53089  33.468  -7.779  55.070 0.0000000000
53128  33.084  -8.058  53.956 0.0000000000
54241  32.660  -7.923  53.247 0.0000000000
54304  30.874  -7.500  49.343 0.0000000000
63799  35.109  1.506  44.486 0.0000000000
63812  34.386  1.435  43.651 0.0000000000
61741  30.942  -0.370  42.890 0.0000000000
61752  31.040  -0.673  42.216 0.0000000000
74917  50.155  12.797  27.148 0.0000000000
75915  50.969  13.612  27.420 0.0000000000
63879  37.896  2.308  39.425 0.0000000000
62830  34.159  0.906  40.520 0.0000000000
64904  41.529  2.093  40.183 0.0000000000
63840  40.181  2.225  40.344 0.0000000000
63861  40.472  2.110  39.591 0.0000000000
54188  19.386  -6.773  56.796 0.0000000000
54190  17.936  -7.073  57.243 0.0000000000
54176  16.864  -7.154  58.574 0.0000000000
61579  26.489  0.647  61.430 0.0000000000
61593  25.104  -0.168  60.358 0.0000000000
60502  24.701  -0.728  59.226 0.0000000000
59464  23.805  -1.994  59.500 0.0000000000
60511  24.142  -1.218  58.798 0.0000000000
60520  24.220  -0.995  57.669 0.0000000000
59494  23.274  -2.346  56.446 0.0000000000
56379  21.587  -4.884  55.598 0.0000000000
73009  42.846  10.085  31.917 0.0000000000
58343  24.362  -2.053  65.957 0.0000000000
69279  43.254  6.042  37.148 0.0000000000
70202  42.953  6.618  36.891 0.0000000000
70210  42.730  7.274  36.540 0.0000000000
71109  42.514  7.964  35.928 0.0000000000
69304  39.830  7.132  35.535 0.0000000000
55229  18.345  -6.103  64.190 0.0000000000
54114  17.835  -6.521  63.862 0.0000000000
51920  15.645  -7.538  63.906 0.0000000000
51921  15.037  -8.138  63.723 0.0000000000
50804  14.593  -8.877  63.851 0.0000000000
50805  14.269  -9.574  63.572 0.0000000000
46665  11.519  -13.304  65.633 0.0000000000
45576  11.032  -13.784  65.434 0.0000000000
46666  11.174  -13.757  65.083 0.0000000000
46675  11.127  -13.989  64.411 0.0000000000
45591  10.780  -14.751  63.381 0.0000000000
44657  9.917  -16.625  62.296 0.0000000000
60553  32.997  -1.110  54.174 0.0000000000
58476  33.970  -4.009  52.699 0.0000000000
58475  34.446  -4.474  53.168 0.0000000000
54270  35.143  -6.953  51.448 0.0000000000
57391  30.320  -3.084  58.359 0.0000000000
57401  30.335  -4.188  57.480 0.0000000000
57413  30.129  -4.533  56.946 0.0000000000
56364  29.938  -5.117  56.538 0.0000000000
56377  28.948  -4.395  55.080 0.0000000000
56376  29.326  -5.182  55.478 0.0000000000
56375  29.699  -5.354  56.022 0.0000000000
55324  29.967  -5.823  55.377 0.0000000000
54217  30.326  -6.156  54.787 0.0000000000
54229  30.567  -6.353  54.398 0.0000000000
54244  30.516  -6.605  53.706 0.0000000000
55372  29.064  -6.095  51.470 0.0000000000
55371  29.609  -6.686  50.915 0.0000000000
55381  29.345  -6.904  49.856 0.0000000000
63789  33.100  1.142  45.447 0.0000000000
63802  32.708  1.227  44.770 0.0000000000
63790  32.468  1.115  45.417 0.0000000000
61721  30.500  0.129  44.761 0.0000000000
61742  30.327  -0.728  43.306 0.0000000000
76886  50.699  14.993  28.255 0.0000000000
76902  50.055  14.358  28.035 0.0000000000
75916  49.892  13.605  27.625 0.0000000000
73037  49.422  10.361  26.675 0.0000000000
65932  36.611  3.392  37.222 0.0000000000
63904  35.185  1.909  37.372 0.0000000000
65908  42.158  2.452  38.593 0.0000000000
68151  42.285  4.492  37.463 0.0000000000
66946  40.233  3.795  37.905 0.0000000000
66954  40.422  4.547  37.462 0.0000000000
64634  31.642  2.662  63.806 0.0000000000
63606  31.544  1.889  63.344 0.0000000000
62595  31.538  1.018  62.810 0.0000000000
61558  31.588  0.344  62.367 0.0000000000
62607  30.508  0.880  61.918 0.0000000000
61566  31.291  0.013  61.747 0.0000000000
60478  30.835  -0.998  60.777 0.0000000000
59447  30.773  -1.825  60.398 0.0000000000
59455  30.623  -2.056  59.938 0.0000000000
61591  27.560  0.191  60.090 0.0000000000
61590  28.628  -0.091  60.107 0.0000000000
60490  28.766  -0.584  59.410 0.0000000000
59462  29.663  -1.579  58.983 0.0000000000
58408  30.356  -2.637  58.898 0.0000000000
57403  29.420  -2.649  57.103 0.0000000000
57415  29.297  -3.009  56.499 0.0000000000
58443  28.131  -2.902  55.327 0.0000000000
58436  27.739  -2.264  55.488 0.0000000000
58444  27.422  -2.529  54.931 0.0000000000
57442  27.507  -3.058  54.037 0.0000000000
57454  27.311  -3.248  53.198 0.0000000000
57468  26.916  -3.535  52.316 0.0000000000
57482  26.353  -3.699  51.282 0.0000000000
59580  30.341  -2.348  48.205 0.0000000000
74897  47.589  12.244  32.497 0.0000000000
73957  44.731  10.540  32.122 0.0000000000
74898  46.987  12.038  32.367 0.0000000000
74901  47.388  13.009  31.571 0.0000000000
74904  46.872  13.228  30.518 0.0000000000
75908  46.897  13.154  29.305 0.0000000000
56327  21.778  -3.808  59.390 0.0000000000
56328  20.919  -4.581  59.235 0.0000000000
56314  21.403  -4.137  60.093 0.0000000000
56301  21.371  -3.960  60.951 0.0000000000
56302  20.846  -4.333  61.229 0.0000000000
57365  21.944  -3.592  62.393 0.0000000000
56290  21.361  -3.846  61.860 0.0000000000
56292  20.166  -4.546  62.567 0.0000000000
56283  19.388  -5.119  63.716 0.0000000000
57338  23.440  -3.055  64.678 0.0000000000
57331  22.196  -3.541  65.092 0.0000000000
57320  22.295  -3.698  65.869 0.0000000000
56269  21.444  -3.968  64.784 0.0000000000
56276  20.683  -4.423  64.217 0.0000000000
56278  19.271  -5.475  64.279 0.0000000000
55228  19.043  -5.996  64.783 0.0000000000
54105  18.754  -6.475  65.407 0.0000000000
54103  18.336  -6.740  65.719 0.0000000000
54102  18.912  -6.643  66.017 0.0000000000
54099  18.399  -6.962  66.317 0.0000000000
64637  28.847  2.562  63.640 0.0000000000
63621  27.836  1.538  62.671 0.0000000000
62611  26.544  0.862  62.439 0.0000000000
61569  25.147  0.263  62.213 0.0000000000
59457  24.094  -1.653  61.127 0.0000000000
59439  23.897  -1.771  63.057 0.0000000000
59450  23.854  -2.168  61.515 0.0000000000
58403  23.425  -2.663  60.754 0.0000000000
57383  23.048  -3.039  60.227 0.0000000000
57394  22.304  -3.561  59.934 0.0000000000
66969  37.402  4.769  36.484 0.0000000000
72992  45.470  9.705  34.210 0.0000000000
72046  45.255  9.424  34.824 0.0000000000
71119  42.537  8.780  34.946 0.0000000000
72049  42.717  9.217  34.279 0.0000000000
72057  42.605  9.679  33.358 0.0000000000
55266  20.484  -4.791  58.973 0.0000000000
55268  18.742  -5.422  59.043 0.0000000000
55254  18.980  -5.083  60.453 0.0000000000
54161  17.271  -6.455  58.887 0.0000000000
53035  16.164  -7.790  58.817 0.0000000000
54127  17.507  -6.231  62.599 0.0000000000
53014  16.212  -7.429  61.230 0.0000000000
53024  16.172  -7.540  60.114 0.0000000000
51969  15.276  -8.492  58.769 0.0000000000
50858  14.689  -9.016  58.622 0.0000000000
50859  14.330  -9.771  58.619 0.0000000000
50860  14.022  -9.746  59.401 0.0000000000
49807  14.132  -10.455  58.458 0.0000000000
50795  14.478  -9.570  64.865 0.0000000000
49741  13.927  -10.212  63.628 0.0000000000
48706  12.654  -11.786  65.206 0.0000000000
48711  12.591  -11.753  64.505 0.0000000000
48710  13.106  -11.305  64.943 0.0000000000
48717  12.975  -11.177  64.206 0.0000000000
49742  13.355  -10.663  63.396 0.0000000000
49757  13.328  -10.508  62.548 0.0000000000
48752  12.236  -12.494  60.853 0.0000000000
48767  12.639  -11.943  60.317 0.0000000000
42729  7.413  -17.892  67.349 0.0000000000
41831  7.270  -18.928  66.915 0.0000000000
41832  6.967  -19.811  66.381 0.0000000000
62755  32.230  0.696  47.523 0.0000000000
62756  31.356  0.421  47.287 0.0000000000
62723  32.542  0.384  50.389 0.0000000000
62724  32.059  0.135  49.912 0.0000000000
60603  30.557  -1.434  49.231 0.0000000000
60620  30.345  -1.879  48.718 0.0000000000
59566  32.001  -3.020  49.082 0.0000000000
58530  33.210  -3.802  48.828 0.0000000000
57480  33.773  -4.562  51.257 0.0000000000
58506  33.774  -4.200  50.909 0.0000000000
57522  34.415  -4.921  48.663 0.0000000000
54335  34.550  -7.228  47.555 0.0000000000
58433  35.148  -3.922  56.917 0.0000000000
61545  32.759  0.187  63.128 0.0000000000
60448  33.238  -0.499  62.911 0.0000000000
59415  33.110  -1.035  62.472 0.0000000000
60447  33.753  -0.481  63.004 0.0000000000
57346  34.206  -2.767  61.391 0.0000000000
57381  31.520  -3.774  59.567 0.0000000000
57370  32.279  -3.712  60.318 0.0000000000
56323  32.055  -4.984  58.876 0.0000000000
56312  32.538  -4.468  59.599 0.0000000000
56289  32.980  -3.768  60.738 0.0000000000
56288  33.381  -3.968  60.643 0.0000000000
56286  34.129  -3.978  60.629 0.0000000000
57368  34.539  -3.761  60.415 0.0000000000
57379  34.677  -3.996  60.071 0.0000000000
55276  34.357  -5.249  58.212 0.0000000000
56338  34.579  -4.926  58.426 0.0000000000
56337  34.792  -4.651  58.311 0.0000000000
57400  35.117  -4.093  58.166 0.0000000000
57412  35.123  -4.305  57.270 0.0000000000
56385  35.031  -5.380  54.972 0.0000000000
56395  35.033  -5.562  54.385 0.0000000000
55333  35.041  -6.391  54.585 0.0000000000
55345  35.186  -6.260  53.660 0.0000000000
54254  35.166  -6.975  51.944 0.0000000000
54271  34.969  -7.245  51.491 0.0000000000
54243  31.156  -7.023  53.429 0.0000000000
54242  31.932  -7.418  53.273 0.0000000000
54258  32.119  -7.706  52.384 0.0000000000
54273  33.496  -7.794  51.466 0.0000000000
54287  34.012  -7.483  50.669 0.0000000000
54319  32.589  -7.682  48.527 0.0000000000
63825  36.317  1.753  42.247 0.0000000000
63814  32.970  1.232  44.283 0.0000000000
62793  32.920  1.158  43.577 0.0000000000
62803  32.991  0.997  43.146 0.0000000000
73976  47.691  11.540  27.390 0.0000000000
73986  48.171  10.904  27.070 0.0000000000
73039  47.725  10.083  26.887 0.0000000000
44621  9.649  -15.188  67.333 0.0000000000
50806  13.873  -10.189  63.315 0.0000000000
51897  17.166  -7.590  66.073 0.0000000000
53071  33.176  -7.251  55.451 0.0000000000
53088  33.855  -7.903  54.655 0.0000000000
53090  32.989  -7.439  55.195 0.0000000000
53107  33.861  -8.015  54.347 0.0000000000
53108  33.500  -8.050  54.401 0.0000000000
53110  32.595  -7.361  54.658 0.0000000000
53127  33.482  -8.089  53.968 0.0000000000
54172  31.891  -5.558  57.417 0.0000000000
54184  33.236  -6.207  56.495 0.0000000000
54186  31.930  -5.758  56.890 0.0000000000
54196  34.374  -6.701  55.666 0.0000000000
54198  33.434  -6.973  55.729 0.0000000000
54201  31.064  -5.987  55.725 0.0000000000
54212  34.058  -7.462  55.159 0.0000000000
54213  33.602  -7.358  55.418 0.0000000000
54214  32.728  -7.135  55.183 0.0000000000
54226  33.751  -8.042  54.080 0.0000000000
55248  34.391  -4.910  59.498 0.0000000000
55249  34.166  -5.009  59.492 0.0000000000
55252  33.086  -5.100  59.387 0.0000000000
55261  34.345  -4.989  59.154 0.0000000000
55264  33.181  -5.452  58.997 0.0000000000
55275  34.576  -4.992  58.103 0.0000000000
55278  33.402  -5.519  58.319 0.0000000000
55310  31.523  -5.775  56.563 0.0000000000
55311  30.903  -5.752  56.219 0.0000000000
55312  30.185  -5.460  56.338 0.0000000000
55332  35.093  -5.855  54.484 0.0000000000
55344  35.118  -5.837  54.115 0.0000000000
56287  33.715  -4.091  60.665 0.0000000000
56297  34.138  -4.686  60.318 0.0000000000
56298  33.644  -4.418  60.330 0.0000000000
56299  33.178  -4.186  60.287 0.0000000000
56300  32.761  -4.017  60.181 0.0000000000
56303  20.099  -4.612  61.578 0.0000000000
56304  19.795  -4.750  62.164 0.0000000000
56309  34.106  -4.805  59.930 0.0000000000
56315  20.972  -4.476  60.335 0.0000000000
56324  31.664  -4.448  58.957 0.0000000000
56325  31.094  -4.341  58.546 0.0000000000
56339  31.726  -4.928  58.533 0.0000000000
56352  34.950  -4.651  57.562 0.0000000000
56353  30.789  -5.002  57.632 0.0000000000
56354  30.310  -4.869  57.150 0.0000000000
56355  29.925  -4.742  56.667 0.0000000000
56365  29.569  -4.822  56.131 0.0000000000
56396  35.059  -5.637  53.873 0.0000000000
56449  34.834  -5.684  49.398 0.0000000000
57345  34.467  -2.649  61.380 0.0000000000
57356  34.606  -2.955  61.020 0.0000000000
57357  33.920  -3.490  61.047 0.0000000000
57358  33.435  -3.608  61.001 0.0000000000
57369  32.915  -3.854  60.510 0.0000000000
57372  30.956  -2.905  60.129 0.0000000000
57380  32.091  -3.986  59.741 0.0000000000
57392  23.097  -3.137  59.710 0.0000000000
57423  29.441  -4.280  55.902 0.0000000000
57433  27.548  -2.889  54.505 0.0000000000
57440  34.816  -4.697  54.638 0.0000000000
57507  34.229  -5.390  49.951 0.0000000000
58351  23.692  -2.966  64.972 0.0000000000
58360  33.671  -1.650  62.216 0.0000000000
58362  24.495  -1.810  64.425 0.0000000000
58375  33.133  -2.166  61.919 0.0000000000
58387  31.801  -2.484  61.360 0.0000000000
58394  31.047  -2.493  60.766 0.0000000000
58396  23.772  -2.344  61.995 0.0000000000
58402  30.295  -2.098  59.306 0.0000000000
58407  30.735  -3.085  59.293 0.0000000000
58414  29.973  -2.691  58.224 0.0000000000
58415  29.383  -2.209  57.685 0.0000000000
58417  23.025  -3.043  58.602 0.0000000000
58451  34.223  -3.992  54.274 0.0000000000
58464  25.723  -2.564  53.628 0.0000000000
59414  33.523  -1.104  62.521 0.0000000000
59425  33.214  -1.499  62.259 0.0000000000
59449  23.930  -1.768  62.029 0.0000000000
59456  30.086  -1.549  59.548 0.0000000000
59469  23.017  -2.702  58.033 0.0000000000
59478  26.939  -1.263  56.237 0.0000000000
59479  23.572  -1.639  57.033 0.0000000000
59513  26.222  -2.474  54.413 0.0000000000
59523  24.957  -2.290  54.102 0.0000000000
60468  31.337  -1.066  61.285 0.0000000000
60517  27.226  -1.061  56.848 0.0000000000
60518  26.688  -0.918  56.744 0.0000000000
60543  33.468  -1.627  55.590 0.0000000000
60545  24.674  -1.427  55.703 0.0000000000
61604  25.137  -0.348  59.622 0.0000000000
61680  30.388  -1.138  48.930 0.0000000000
63875  41.279  1.675  39.187 0.0000000000
64916  39.629  2.477  39.078 0.0000000000
64924  41.684  2.104  38.542 0.0000000000
69282  40.527  5.904  36.722 0.0000000000
73951  45.531  10.344  32.988 0.0000000000
73963  45.827  12.391  30.833 0.0000000000
74908  46.798  13.212  29.981 0.0000000000
76887  49.609  14.746  28.573 0.0000000000
77894  50.130  15.915  29.261 0.0000000000
