#!ascii label  , from subject sub-02 vox2ras=TkReg
1426
42742  14.916  -18.866  65.833 0.0000000000
61817  44.012  -0.719  37.361 0.0000000000
49934  29.614  -11.609  53.154 0.0000000000
49849  39.564  -11.433  56.716 0.0000000000
49916  22.148  -11.609  53.056 0.0000000000
49756  21.275  -11.741  62.821 0.0000000000
70283  48.872  7.549  29.845 0.0000000000
65912  52.241  4.053  39.281 0.0000000000
58527  39.335  -3.584  48.994 0.0000000000
67119  53.971  5.007  23.749 0.0000000000
53043  28.545  -9.209  58.140 0.0000000000
44635  19.770  -16.058  65.907 0.0000000000
68195  51.841  5.334  34.760 0.0000000000
65985  46.318  3.936  33.871 0.0000000000
61751  44.974  -0.929  42.833 0.0000000000
62790  48.589  0.951  43.899 0.0000000000
59653  40.484  -2.825  42.456 0.0000000000
50971  35.894  -10.003  51.602 0.0000000000
48852  34.631  -12.154  55.985 0.0000000000
52008  24.863  -10.005  57.071 0.0000000000
51956  22.785  -9.312  60.862 0.0000000000
49842  21.233  -12.320  57.567 0.0000000000
46743  18.575  -15.472  59.298 0.0000000000
53147  25.836  -9.452  52.347 0.0000000000
72078  53.467  9.820  30.165 0.0000000000
70226  55.216  7.913  34.717 0.0000000000
63873  49.284  1.290  39.096 0.0000000000
60599  40.545  -1.809  49.596 0.0000000000
53142  40.907  -8.243  52.905 0.0000000000
67043  51.539  4.765  28.093 0.0000000000
69391  56.932  7.376  26.876 0.0000000000
68342  58.922  5.782  23.693 0.0000000000
54156  28.494  -7.916  60.108 0.0000000000
43646  18.383  -17.222  66.678 0.0000000000
46641  21.193  -14.134  68.817 0.0000000000
46626  19.403  -15.535  70.234 0.0000000000
68228  45.103  5.903  32.241 0.0000000000
61708  44.147  -0.171  46.054 0.0000000000
62762  45.717  1.143  46.631 0.0000000000
40897  10.911  -21.176  70.251 0.0000000000
58649  39.998  -3.533  39.754 0.0000000000
49962  30.543  -11.244  51.371 0.0000000000
49910  33.184  -11.499  53.275 0.0000000000
49891  31.824  -11.913  54.678 0.0000000000
50913  23.983  -10.899  55.778 0.0000000000
50901  22.887  -10.957  57.100 0.0000000000
49876  21.599  -12.376  55.000 0.0000000000
50959  23.432  -10.512  52.049 0.0000000000
52029  25.443  -10.171  54.918 0.0000000000
50828  21.823  -10.416  62.009 0.0000000000
71157  50.628  8.535  29.778 0.0000000000
70258  54.072  8.577  31.987 0.0000000000
70248  52.735  7.301  32.630 0.0000000000
66951  52.355  4.466  37.663 0.0000000000
68156  54.010  5.706  37.668 0.0000000000
62900  42.052  1.141  35.076 0.0000000000
63929  44.593  1.542  35.527 0.0000000000
62851  46.141  -0.090  38.055 0.0000000000
59590  36.870  -2.736  46.481 0.0000000000
60646  38.481  -1.926  46.539 0.0000000000
59550  39.244  -2.474  49.880 0.0000000000
50921  37.763  -10.424  54.273 0.0000000000
52052  38.631  -9.189  52.884 0.0000000000
52024  39.912  -9.774  55.093 0.0000000000
68280  47.524  5.263  28.445 0.0000000000
67070  49.002  5.093  26.872 0.0000000000
68261  49.998  5.947  29.060 0.0000000000
70292  52.390  7.449  28.798 0.0000000000
68376  57.502  5.405  21.433 0.0000000000
67116  57.235  4.632  23.634 0.0000000000
68311  58.308  5.731  25.342 0.0000000000
67063  55.526  4.517  26.146 0.0000000000
50911  28.618  -10.630  55.523 0.0000000000
49839  31.211  -11.532  57.267 0.0000000000
51961  31.443  -10.180  59.210 0.0000000000
47725  20.522  -13.469  64.849 0.0000000000
50777  22.570  -11.671  66.182 0.0000000000
49698  21.987  -12.135  67.653 0.0000000000
69360  46.556  6.520  30.628 0.0000000000
69337  49.238  6.456  32.114 0.0000000000
68226  46.948  5.835  33.068 0.0000000000
66997  48.967  4.104  33.519 0.0000000000
65943  50.418  3.608  36.843 0.0000000000
60718  45.424  -1.914  40.153 0.0000000000
61762  47.897  -0.883  41.432 0.0000000000
62792  46.606  0.004  43.551 0.0000000000
55416  38.990  -6.046  47.533 0.0000000000
51975  41.031  -9.666  57.643 0.0000000000
41829  12.710  -19.938  66.131 0.0000000000
43620  15.773  -18.020  69.970 0.0000000000
41793  12.990  -19.787  69.527 0.0000000000
60754  42.227  -1.926  37.670 0.0000000000
59709  42.338  -2.923  39.725 0.0000000000
59650  43.086  -1.676  42.519 0.0000000000
60653  42.929  -1.244  46.320 0.0000000000
50973  34.353  -10.450  50.935 0.0000000000
49888  35.307  -11.106  54.021 0.0000000000
48834  37.282  -12.374  56.522 0.0000000000
49834  34.450  -11.918  58.100 0.0000000000
48777  36.896  -12.262  59.156 0.0000000000
54159  26.080  -7.857  60.243 0.0000000000
54151  24.854  -7.836  61.476 0.0000000000
51964  24.088  -9.319  59.452 0.0000000000
50857  22.229  -10.165  59.781 0.0000000000
48784  20.943  -12.451  59.860 0.0000000000
48842  19.718  -13.430  56.511 0.0000000000
47788  19.901  -14.107  59.228 0.0000000000
47765  19.934  -13.752  61.333 0.0000000000
45601  19.167  -15.616  62.263 0.0000000000
43683  16.769  -17.848  62.655 0.0000000000
42759  14.663  -18.861  63.673 0.0000000000
52095  27.994  -10.161  49.677 0.0000000000
53184  25.932  -8.801  49.789 0.0000000000
52055  27.230  -9.733  52.635 0.0000000000
53093  26.852  -9.704  55.082 0.0000000000
53057  26.833  -9.371  57.444 0.0000000000
70224  56.635  7.911  34.633 0.0000000000
69313  53.632  6.615  34.943 0.0000000000
65973  43.984  3.431  34.216 0.0000000000
63926  47.571  2.195  35.808 0.0000000000
64909  51.245  2.785  39.616 0.0000000000
62828  49.394  0.322  41.135 0.0000000000
64888  51.016  2.551  41.357 0.0000000000
59636  38.464  -2.732  43.497 0.0000000000
60643  41.357  -1.965  46.814 0.0000000000
60596  43.001  -1.086  50.170 0.0000000000
54285  39.041  -7.800  49.970 0.0000000000
55368  40.961  -6.481  50.921 0.0000000000
54195  41.213  -7.995  56.469 0.0000000000
56383  42.319  -5.910  54.278 0.0000000000
57465  41.082  -3.958  52.212 0.0000000000
60558  41.645  -2.093  53.065 0.0000000000
61640  42.957  -0.984  53.477 0.0000000000
67082  52.680  4.584  25.469 0.0000000000
68273  54.158  6.132  27.969 0.0000000000
70289  54.971  8.554  28.169 0.0000000000
54120  29.593  -8.230  62.230 0.0000000000
42740  16.429  -18.293  66.406 0.0000000000
44609  18.598  -16.510  68.505 0.0000000000
43638  16.855  -17.792  67.925 0.0000000000
61699  44.121  -0.067  46.971 0.0000000000
62753  45.283  1.143  47.793 0.0000000000
38997  8.935  -23.123  69.510 0.0000000000
49950  29.865  -11.485  52.235 0.0000000000
49932  31.340  -11.646  52.771 0.0000000000
49913  30.215  -11.754  53.886 0.0000000000
49895  23.061  -11.473  53.987 0.0000000000
49875  22.465  -11.864  55.211 0.0000000000
49896  21.992  -12.060  54.088 0.0000000000
50978  23.067  -10.318  51.167 0.0000000000
49915  22.953  -11.079  52.722 0.0000000000
50942  23.798  -10.679  53.189 0.0000000000
49769  21.605  -11.109  62.264 0.0000000000
50803  22.013  -11.125  63.453 0.0000000000
71158  49.932  8.187  29.607 0.0000000000
71148  50.730  8.787  30.105 0.0000000000
70262  49.690  8.320  30.027 0.0000000000
66941  52.647  4.462  38.684 0.0000000000
66940  53.598  5.071  38.505 0.0000000000
62875  43.175  0.092  36.275 0.0000000000
62874  44.259  0.261  36.685 0.0000000000
61815  45.280  -0.527  37.883 0.0000000000
58542  38.517  -3.783  47.769 0.0000000000
58529  38.096  -3.210  48.274 0.0000000000
59577  37.780  -2.628  48.085 0.0000000000
58518  38.783  -3.143  49.283 0.0000000000
49863  39.147  -11.258  55.986 0.0000000000
50920  38.640  -10.618  54.842 0.0000000000
50907  39.613  -10.578  56.113 0.0000000000
69372  48.576  6.693  29.737 0.0000000000
68262  49.108  5.793  29.335 0.0000000000
69371  49.607  6.735  29.378 0.0000000000
70281  50.091  7.528  29.297 0.0000000000
67137  55.530  4.846  22.710 0.0000000000
67118  54.786  4.608  23.496 0.0000000000
67097  56.526  4.351  24.442 0.0000000000
67099  54.155  4.503  24.479 0.0000000000
51994  28.718  -9.905  57.274 0.0000000000
51992  30.111  -10.369  57.761 0.0000000000
51979  29.889  -9.775  58.343 0.0000000000
46662  20.431  -14.315  65.371 0.0000000000
48696  21.044  -12.681  66.114 0.0000000000
46654  21.284  -13.715  67.134 0.0000000000
47687  21.937  -13.603  69.921 0.0000000000
47695  22.020  -13.280  69.289 0.0000000000
68251  45.334  5.610  30.366 0.0000000000
69350  46.158  6.706  31.388 0.0000000000
69351  45.709  6.380  31.550 0.0000000000
67000  45.905  4.758  33.519 0.0000000000
68210  46.470  5.409  33.278 0.0000000000
65984  47.307  3.818  33.861 0.0000000000
65966  50.022  3.668  35.088 0.0000000000
65968  48.423  3.151  34.428 0.0000000000
60689  45.110  -1.297  42.110 0.0000000000
60688  46.044  -1.373  41.754 0.0000000000
61727  45.855  -0.072  43.814 0.0000000000
68265  46.263  5.605  29.399 0.0000000000
41809  12.967  -19.908  68.323 0.0000000000
40911  11.691  -20.944  68.562 0.0000000000
60756  40.110  -2.067  37.041 0.0000000000
59738  42.017  -2.547  38.185 0.0000000000
59725  41.538  -2.909  38.514 0.0000000000
59676  40.340  -3.314  41.337 0.0000000000
59674  42.440  -2.384  41.797 0.0000000000
59652  41.535  -2.426  42.600 0.0000000000
60667  43.033  -1.230  45.262 0.0000000000
60681  41.740  -2.064  44.038 0.0000000000
50991  32.864  -10.585  50.072 0.0000000000
49889  34.080  -11.574  54.187 0.0000000000
49909  34.337  -11.012  52.958 0.0000000000
49868  34.897  -11.778  55.075 0.0000000000
49866  36.912  -11.628  55.159 0.0000000000
48850  36.603  -12.073  55.807 0.0000000000
49822  32.321  -11.358  58.249 0.0000000000
48819  32.927  -12.163  57.439 0.0000000000
50868  33.831  -11.300  59.104 0.0000000000
49796  36.779  -12.322  59.813 0.0000000000
48775  38.742  -13.025  59.680 0.0000000000
53046  25.841  -8.866  58.520 0.0000000000
53033  24.649  -8.825  59.659 0.0000000000
51995  24.350  -9.866  58.091 0.0000000000
49841  22.085  -11.352  57.768 0.0000000000
50875  22.379  -10.772  58.572 0.0000000000
49825  21.774  -11.073  59.120 0.0000000000
49806  21.423  -11.620  59.729 0.0000000000
48856  20.225  -12.932  55.066 0.0000000000
46756  18.421  -15.308  58.385 0.0000000000
46755  18.881  -14.757  57.774 0.0000000000
46742  19.136  -14.842  58.992 0.0000000000
47776  19.956  -13.875  60.297 0.0000000000
46715  19.238  -15.022  60.692 0.0000000000
45600  19.513  -14.975  62.603 0.0000000000
45615  18.879  -15.743  60.983 0.0000000000
43675  16.131  -18.228  63.097 0.0000000000
52112  28.200  -10.000  49.054 0.0000000000
52113  26.974  -9.228  48.958 0.0000000000
53162  24.436  -9.353  50.796 0.0000000000
53160  25.626  -9.413  51.321 0.0000000000
52070  26.622  -9.465  51.674 0.0000000000
53146  26.378  -9.328  52.528 0.0000000000
53111  27.194  -9.546  54.036 0.0000000000
53132  26.086  -9.380  53.367 0.0000000000
52017  25.231  -10.202  56.031 0.0000000000
53075  26.315  -9.783  56.540 0.0000000000
53058  26.113  -9.330  57.587 0.0000000000
53045  26.681  -8.708  58.370 0.0000000000
53022  23.693  -8.755  60.767 0.0000000000
44580  16.412  -17.511  71.795 0.0000000000
45523  18.223  -16.562  71.577 0.0000000000
72067  54.496  9.424  31.042 0.0000000000
70237  55.130  8.171  33.793 0.0000000000
71130  55.399  8.498  33.167 0.0000000000
70225  55.951  8.223  34.706 0.0000000000
69301  55.956  7.329  35.699 0.0000000000
67018  51.081  5.105  33.198 0.0000000000
68221  52.284  6.013  33.775 0.0000000000
68206  52.359  5.878  34.351 0.0000000000
69275  54.737  6.279  37.216 0.0000000000
63902  47.236  1.215  37.247 0.0000000000
63928  45.727  1.749  35.658 0.0000000000
63901  48.265  1.902  37.077 0.0000000000
64936  49.378  2.575  37.340 0.0000000000
64911  49.907  2.130  38.929 0.0000000000
62801  48.582  0.087  42.822 0.0000000000
61761  48.501  -0.686  41.375 0.0000000000
62800  49.237  0.755  43.182 0.0000000000
59637  37.390  -2.809  43.680 0.0000000000
60616  39.543  -1.761  48.438 0.0000000000
60657  39.257  -2.072  45.792 0.0000000000
60630  40.423  -1.844  47.666 0.0000000000
60628  42.285  -1.835  48.070 0.0000000000
60598  41.473  -1.737  49.814 0.0000000000
52079  35.711  -9.804  50.113 0.0000000000
52078  36.471  -9.484  50.353 0.0000000000
53126  39.422  -8.983  53.051 0.0000000000
53157  39.110  -8.566  51.482 0.0000000000
53156  40.009  -8.284  51.708 0.0000000000
54283  40.532  -7.194  50.722 0.0000000000
54268  40.962  -7.478  51.606 0.0000000000
53041  41.107  -8.830  57.360 0.0000000000
57429  42.325  -4.613  55.271 0.0000000000
56394  42.212  -5.453  53.656 0.0000000000
58459  41.969  -3.660  53.740 0.0000000000
58473  40.793  -3.079  52.330 0.0000000000
59508  42.289  -2.619  54.139 0.0000000000
67056  50.216  4.607  27.450 0.0000000000
67066  52.415  4.451  26.467 0.0000000000
67052  53.908  4.624  27.134 0.0000000000
68291  52.926  4.999  27.905 0.0000000000
71166  52.927  8.743  28.982 0.0000000000
70290  54.141  7.976  28.311 0.0000000000
71165  53.730  9.126  29.090 0.0000000000
72095  54.941  9.533  28.982 0.0000000000
67154  58.449  5.306  22.536 0.0000000000
69402  57.488  6.931  26.471 0.0000000000
70310  58.016  7.668  26.638 0.0000000000
70300  56.928  8.216  27.280 0.0000000000
53029  28.460  -8.292  59.470 0.0000000000
53027  30.256  -9.082  60.007 0.0000000000
53009  30.119  -8.602  61.636 0.0000000000
44627  19.624  -16.283  66.599 0.0000000000
45559  20.583  -15.244  67.314 0.0000000000
45552  19.708  -15.861  68.296 0.0000000000
46624  20.392  -14.633  69.882 0.0000000000
47671  20.356  -14.812  70.503 0.0000000000
68229  44.038  5.093  32.202 0.0000000000
67002  43.755  4.694  33.068 0.0000000000
61729  44.389  -0.490  44.459 0.0000000000
62782  45.538  0.139  44.511 0.0000000000
62763  44.804  0.377  46.303 0.0000000000
63752  45.959  1.534  47.438 0.0000000000
40912  10.935  -21.344  69.105 0.0000000000
39968  10.081  -22.157  69.247 0.0000000000
39959  9.866  -22.093  70.077 0.0000000000
58686  39.692  -3.193  38.441 0.0000000000
59677  39.345  -3.516  41.396 0.0000000000
49960  31.996  -10.780  50.688 0.0000000000
49948  31.396  -11.394  51.852 0.0000000000
49911  32.117  -11.771  53.558 0.0000000000
49869  33.808  -11.998  55.316 0.0000000000
50912  24.433  -10.451  56.411 0.0000000000
50899  24.132  -10.226  57.368 0.0000000000
49854  23.409  -11.100  56.132 0.0000000000
49855  22.761  -11.340  56.510 0.0000000000
49856  21.719  -12.078  56.325 0.0000000000
45632  17.572  -16.310  59.611 0.0000000000
44697  16.154  -16.567  59.367 0.0000000000
52071  23.882  -9.741  51.243 0.0000000000
52058  24.423  -10.045  52.358 0.0000000000
53133  25.655  -9.719  53.145 0.0000000000
52045  24.695  -10.322  53.530 0.0000000000
50926  24.746  -10.516  55.335 0.0000000000
51957  22.318  -9.719  60.913 0.0000000000
72080  51.949  9.169  29.789 0.0000000000
71145  53.989  9.088  31.574 0.0000000000
71146  53.126  9.236  31.297 0.0000000000
70259  53.599  8.558  31.934 0.0000000000
69333  53.677  7.610  33.179 0.0000000000
66976  52.111  5.179  35.814 0.0000000000
68183  52.705  5.580  35.813 0.0000000000
66950  53.249  5.201  37.269 0.0000000000
66939  54.346  5.560  39.033 0.0000000000
64974  43.180  2.403  34.595 0.0000000000
63930  43.695  1.275  35.523 0.0000000000
62873  45.384  0.979  36.540 0.0000000000
62849  48.080  0.534  38.680 0.0000000000
63808  49.536  1.404  43.735 0.0000000000
59608  36.555  -2.476  45.352 0.0000000000
60671  37.266  -2.189  45.097 0.0000000000
60647  37.676  -1.964  46.378 0.0000000000
60617  38.664  -1.875  48.294 0.0000000000
60586  39.909  -1.949  50.282 0.0000000000
50936  36.601  -10.147  53.247 0.0000000000
52054  36.986  -9.658  52.401 0.0000000000
52040  37.981  -9.669  53.551 0.0000000000
52039  39.073  -9.483  53.743 0.0000000000
53106  40.431  -9.246  54.846 0.0000000000
68307  46.970  5.715  27.252 0.0000000000
68306  47.460  5.753  26.983 0.0000000000
67047  48.234  5.012  28.090 0.0000000000
67045  49.886  4.736  28.172 0.0000000000
68276  51.306  5.271  28.667 0.0000000000
68275  52.292  5.328  28.441 0.0000000000
69369  51.303  6.871  29.126 0.0000000000
70279  51.755  7.768  29.017 0.0000000000
68361  56.065  5.220  22.022 0.0000000000
67135  57.940  4.970  22.979 0.0000000000
67115  58.366  5.430  23.886 0.0000000000
68327  58.651  5.764  24.612 0.0000000000
67095  58.212  5.388  24.691 0.0000000000
68312  57.636  5.518  25.613 0.0000000000
68300  56.101  5.323  26.554 0.0000000000
50939  28.837  -11.016  54.400 0.0000000000
49893  29.932  -11.624  54.761 0.0000000000
50896  30.172  -11.083  56.534 0.0000000000
50872  31.141  -10.719  58.118 0.0000000000
50853  32.199  -10.546  59.406 0.0000000000
47733  20.565  -13.163  63.896 0.0000000000
49728  21.706  -11.617  64.477 0.0000000000
49722  21.026  -12.148  65.373 0.0000000000
50768  22.452  -11.711  66.971 0.0000000000
47696  21.718  -13.337  68.605 0.0000000000
48679  23.300  -12.371  68.638 0.0000000000
69359  47.540  6.736  30.242 0.0000000000
70263  48.692  6.916  31.421 0.0000000000
70264  47.996  6.629  31.582 0.0000000000
69338  48.180  6.172  32.243 0.0000000000
67020  49.406  4.559  33.308 0.0000000000
68227  46.007  6.115  32.688 0.0000000000
68208  47.970  4.845  33.371 0.0000000000
66996  50.113  4.221  33.785 0.0000000000
66978  50.541  4.066  35.295 0.0000000000
65956  50.959  4.064  36.444 0.0000000000
65926  51.460  3.771  37.943 0.0000000000
60743  44.518  -1.470  38.219 0.0000000000
60729  46.227  -1.389  39.269 0.0000000000
60702  46.247  -1.676  40.762 0.0000000000
61748  47.475  -0.783  42.183 0.0000000000
62791  47.539  0.247  43.608 0.0000000000
62781  46.437  0.459  44.444 0.0000000000
62780  47.635  1.096  44.818 0.0000000000
63797  48.082  1.490  45.251 0.0000000000
57534  39.402  -4.712  47.937 0.0000000000
50867  40.611  -10.697  57.786 0.0000000000
69394  46.153  5.994  27.350 0.0000000000
68281  46.487  5.493  28.595 0.0000000000
68264  47.151  5.571  29.325 0.0000000000
70327  53.829  7.454  23.329 0.0000000000
70322  52.588  7.251  23.992 0.0000000000
41828  13.455  -19.529  66.403 0.0000000000
42726  15.036  -18.633  67.933 0.0000000000
41819  13.583  -19.471  67.494 0.0000000000
42708  14.292  -18.957  69.499 0.0000000000
43601  15.198  -17.964  71.861 0.0000000000
41778  12.231  -20.140  70.229 0.0000000000
61837  42.245  -0.195  36.077 0.0000000000
61828  41.045  -0.842  36.311 0.0000000000
60768  42.513  -1.104  36.953 0.0000000000
60744  43.284  -2.260  38.479 0.0000000000
60732  43.521  -2.565  39.260 0.0000000000
59689  43.928  -2.124  41.286 0.0000000000
59710  41.531  -3.184  39.276 0.0000000000
59690  43.272  -2.469  41.073 0.0000000000
60678  43.795  -1.056  43.213 0.0000000000
61740  43.947  -0.772  44.192 0.0000000000
61720  43.590  -0.694  45.703 0.0000000000
61700  43.586  -0.720  47.631 0.0000000000
50972  35.266  -10.169  51.101 0.0000000000
49930  33.333  -11.163  51.962 0.0000000000
50954  34.652  -10.610  51.965 0.0000000000
50937  35.702  -10.588  53.068 0.0000000000
50923  36.171  -10.702  53.790 0.0000000000
49865  37.735  -11.672  55.158 0.0000000000
48832  39.027  -12.068  56.599 0.0000000000
49871  31.338  -11.931  55.687 0.0000000000
48854  33.263  -12.366  56.445 0.0000000000
48837  34.414  -12.243  56.802 0.0000000000
49798  35.193  -11.742  59.487 0.0000000000
48797  35.604  -12.096  58.235 0.0000000000
48815  35.919  -12.249  57.518 0.0000000000
48814  36.889  -12.398  57.468 0.0000000000
48794  38.442  -12.751  58.474 0.0000000000
48793  39.705  -12.649  58.580 0.0000000000
54149  26.737  -7.572  61.103 0.0000000000
53020  25.152  -8.053  60.433 0.0000000000
53021  24.403  -8.413  60.665 0.0000000000
51965  23.550  -9.354  59.803 0.0000000000
50886  23.652  -10.217  58.047 0.0000000000
50874  22.953  -10.086  58.869 0.0000000000
51967  22.533  -9.712  60.341 0.0000000000
50841  21.819  -10.233  61.004 0.0000000000
49786  21.467  -10.954  61.306 0.0000000000
48749  20.736  -12.368  62.162 0.0000000000
48855  20.842  -12.610  54.647 0.0000000000
48840  20.984  -12.687  55.627 0.0000000000
48822  20.357  -12.965  57.316 0.0000000000
47813  19.112  -14.182  56.963 0.0000000000
48823  19.793  -13.632  57.451 0.0000000000
48803  20.803  -12.817  58.567 0.0000000000
48785  20.299  -13.255  59.508 0.0000000000
48766  20.286  -13.066  60.632 0.0000000000
48735  20.409  -12.948  62.496 0.0000000000
47734  20.115  -13.809  63.387 0.0000000000
46673  19.856  -14.540  63.914 0.0000000000
45582  19.506  -15.594  64.336 0.0000000000
44667  17.603  -17.086  61.413 0.0000000000
44655  18.612  -16.797  62.802 0.0000000000
43672  18.456  -17.311  64.359 0.0000000000
43664  17.867  -17.700  65.013 0.0000000000
42757  16.346  -18.441  64.555 0.0000000000
42750  14.832  -18.917  64.758 0.0000000000
42743  14.103  -19.201  65.581 0.0000000000
41836  12.523  -19.919  65.108 0.0000000000
51028  29.375  -10.384  49.043 0.0000000000
50995  29.383  -11.018  51.221 0.0000000000
50996  28.189  -10.562  51.074 0.0000000000
52097  26.483  -9.228  49.916 0.0000000000
50997  27.526  -10.130  51.018 0.0000000000
50957  28.325  -10.881  53.017 0.0000000000
52042  27.762  -10.289  53.976 0.0000000000
52007  27.857  -10.192  55.797 0.0000000000
53055  28.004  -9.911  56.944 0.0000000000
53094  26.405  -9.784  55.329 0.0000000000
53074  26.877  -9.828  56.294 0.0000000000
53044  27.550  -8.801  58.307 0.0000000000
53030  27.359  -8.060  59.170 0.0000000000
54158  27.043  -7.748  60.099 0.0000000000
44600  17.092  -17.087  69.587 0.0000000000
46604  19.523  -15.967  71.074 0.0000000000
71137  55.031  8.673  32.501 0.0000000000
70249  51.047  6.852  32.190 0.0000000000
69334  52.801  6.779  33.291 0.0000000000
69312  54.589  7.444  34.821 0.0000000000
69291  53.909  6.167  36.348 0.0000000000
69290  54.544  6.446  36.617 0.0000000000
69289  55.506  6.775  36.424 0.0000000000
67003  42.625  4.243  33.000 0.0000000000
65987  44.313  4.092  33.835 0.0000000000
64973  44.181  2.692  34.596 0.0000000000
64972  45.170  2.682  34.671 0.0000000000
64970  46.982  2.697  34.795 0.0000000000
64957  49.082  2.792  36.050 0.0000000000
65914  50.987  3.198  38.380 0.0000000000
65903  51.866  3.437  39.876 0.0000000000
61790  47.570  -0.675  39.718 0.0000000000
62841  48.308  0.132  39.413 0.0000000000
62840  49.152  0.450  40.133 0.0000000000
63821  49.925  1.076  42.708 0.0000000000
63839  49.946  1.008  41.615 0.0000000000
63858  50.103  1.740  39.913 0.0000000000
64902  50.912  2.177  40.260 0.0000000000
64901  51.451  2.922  40.519 0.0000000000
58609  38.485  -3.563  41.745 0.0000000000
59654  39.268  -3.152  42.387 0.0000000000
59620  38.758  -2.382  44.394 0.0000000000
59619  39.813  -2.382  44.249 0.0000000000
59618  40.739  -2.347  44.239 0.0000000000
60654  42.266  -1.793  45.988 0.0000000000
60627  43.017  -1.352  48.326 0.0000000000
61678  43.537  -0.629  49.601 0.0000000000
52066  37.651  -9.213  51.547 0.0000000000
54314  39.169  -7.066  48.874 0.0000000000
55389  40.418  -5.957  49.417 0.0000000000
57505  40.619  -4.751  49.407 0.0000000000
53054  40.356  -9.522  56.892 0.0000000000
53068  40.869  -8.806  56.554 0.0000000000
53085  41.371  -8.252  55.108 0.0000000000
54194  41.529  -7.284  56.110 0.0000000000
54237  41.849  -7.380  53.608 0.0000000000
55357  41.745  -6.436  52.328 0.0000000000
57477  41.271  -5.189  51.666 0.0000000000
57492  39.981  -3.715  49.809 0.0000000000
58489  39.999  -3.037  51.291 0.0000000000
59527  40.382  -2.357  51.895 0.0000000000
60573  40.762  -1.845  51.472 0.0000000000
60550  42.525  -2.007  54.322 0.0000000000
60564  41.899  -1.740  52.918 0.0000000000
60572  41.968  -1.461  51.933 0.0000000000
61657  42.752  -0.923  51.787 0.0000000000
69417  52.182  6.505  24.244 0.0000000000
67100  53.230  4.698  24.780 0.0000000000
67081  53.783  4.384  25.498 0.0000000000
68301  55.298  5.049  26.787 0.0000000000
68288  55.616  6.009  27.029 0.0000000000
69382  53.624  6.870  28.312 0.0000000000
69381  54.356  7.102  28.010 0.0000000000
70301  55.724  8.226  27.685 0.0000000000
71188  56.594  8.891  27.865 0.0000000000
54137  27.422  -7.558  61.925 0.0000000000
54121  29.072  -8.146  62.502 0.0000000000
42741  15.737  -18.580  66.128 0.0000000000
42733  16.394  -18.208  66.859 0.0000000000
42734  15.940  -18.252  67.223 0.0000000000
61689  44.108  -0.025  47.957 0.0000000000
62745  44.618  0.683  48.327 0.0000000000
49933  30.469  -11.666  52.966 0.0000000000
49755  21.835  -11.222  63.004 0.0000000000
49739  21.773  -11.462  63.650 0.0000000000
70270  49.420  8.032  29.850 0.0000000000
71149  50.049  8.400  29.896 0.0000000000
66931  53.014  4.769  39.549 0.0000000000
61825  43.565  -0.449  36.908 0.0000000000
61824  44.216  -0.314  37.158 0.0000000000
61816  44.656  -0.631  37.611 0.0000000000
58543  37.800  -3.448  47.185 0.0000000000
58528  38.779  -3.487  48.524 0.0000000000
58519  38.284  -3.082  48.868 0.0000000000
58517  39.476  -3.407  49.597 0.0000000000
70282  49.469  7.573  29.580 0.0000000000
67098  55.345  4.157  24.411 0.0000000000
51980  29.187  -9.635  57.947 0.0000000000
53042  29.400  -9.343  58.565 0.0000000000
45575  20.041  -15.291  65.562 0.0000000000
46655  20.900  -14.188  66.311 0.0000000000
45567  20.652  -15.031  66.432 0.0000000000
69361  45.835  6.245  30.917 0.0000000000
68239  45.233  5.872  31.323 0.0000000000
65969  47.575  3.180  34.307 0.0000000000
61750  45.733  -0.929  42.583 0.0000000000
61738  45.384  -0.593  43.344 0.0000000000
40926  11.773  -21.136  67.478 0.0000000000
59740  40.510  -2.513  37.640 0.0000000000
59727  40.032  -2.847  38.043 0.0000000000
59675  41.446  -2.836  41.559 0.0000000000
59632  42.112  -1.868  43.376 0.0000000000
59633  41.619  -2.137  43.560 0.0000000000
49867  35.954  -11.649  55.072 0.0000000000
48851  35.618  -12.073  55.866 0.0000000000
50869  33.261  -11.142  59.025 0.0000000000
49821  32.888  -11.515  58.462 0.0000000000
50851  33.671  -11.105  59.624 0.0000000000
53059  25.309  -9.487  57.786 0.0000000000
53047  25.001  -9.146  58.721 0.0000000000
49826  21.376  -11.930  58.767 0.0000000000
46730  18.881  -15.228  60.026 0.0000000000
46729  19.488  -14.628  60.049 0.0000000000
45631  18.294  -16.043  60.010 0.0000000000
53148  25.213  -9.694  52.074 0.0000000000
53161  25.021  -9.482  50.966 0.0000000000
53131  26.573  -9.303  53.455 0.0000000000
53076  25.648  -9.815  56.786 0.0000000000
53023  23.195  -8.883  61.105 0.0000000000
44569  16.885  -17.411  72.178 0.0000000000
44568  17.552  -16.970  71.956 0.0000000000
72077  54.383  9.881  30.362 0.0000000000
70215  56.289  7.817  35.163 0.0000000000
70216  55.601  7.818  35.241 0.0000000000
66995  51.067  4.912  33.571 0.0000000000
68207  51.744  5.374  33.965 0.0000000000
63886  48.151  1.064  38.115 0.0000000000
63885  48.937  1.881  37.867 0.0000000000
62789  49.117  1.028  43.583 0.0000000000
60615  40.460  -1.798  48.635 0.0000000000
60614  41.416  -1.841  48.834 0.0000000000
52068  35.984  -9.815  50.934 0.0000000000
52067  36.615  -9.617  51.404 0.0000000000
53143  40.090  -8.629  52.614 0.0000000000
53155  40.636  -8.161  52.191 0.0000000000
54253  41.047  -7.862  52.303 0.0000000000
57421  42.502  -4.764  56.282 0.0000000000
57438  42.179  -4.511  54.168 0.0000000000
58448  42.263  -3.529  54.610 0.0000000000
58449  42.103  -3.033  53.732 0.0000000000
67055  51.085  4.554  27.390 0.0000000000
67067  51.354  4.611  26.394 0.0000000000
67054  52.121  4.578  27.483 0.0000000000
72087  53.242  9.383  29.557 0.0000000000
72086  54.318  9.655  29.480 0.0000000000
68360  58.943  5.681  22.777 0.0000000000
68341  59.381  5.515  23.240 0.0000000000
70311  57.491  7.825  26.840 0.0000000000
53018  29.336  -8.302  60.564 0.0000000000
43655  18.677  -17.126  66.039 0.0000000000
44618  19.394  -16.380  67.426 0.0000000000
45545  18.960  -15.984  69.322 0.0000000000
45544  19.627  -15.563  69.243 0.0000000000
45533  19.354  -15.598  69.848 0.0000000000
47680  20.160  -14.622  69.847 0.0000000000
67022  43.473  4.781  32.439 0.0000000000
62773  44.701  0.108  45.553 0.0000000000
61718  44.899  -0.038  44.864 0.0000000000
39006  10.236  -22.244  68.259 0.0000000000
38987  9.342  -22.619  70.277 0.0000000000
38982  9.139  -22.558  71.010 0.0000000000
50994  30.386  -10.936  50.490 0.0000000000
49961  31.303  -11.007  51.013 0.0000000000
49912  31.123  -11.810  53.749 0.0000000000
49890  32.942  -11.931  54.471 0.0000000000
52057  25.170  -10.033  52.948 0.0000000000
50927  24.141  -10.840  54.499 0.0000000000
71156  51.394  9.121  29.998 0.0000000000
72070  52.158  9.366  30.254 0.0000000000
70260  52.925  8.471  31.822 0.0000000000
70247  53.326  7.785  32.535 0.0000000000
66966  52.435  5.051  36.485 0.0000000000
63941  42.761  1.511  35.068 0.0000000000
63931  43.065  1.006  35.542 0.0000000000
62865  45.291  0.038  37.410 0.0000000000
62885  44.409  0.999  36.001 0.0000000000
62864  46.410  0.669  37.364 0.0000000000
62850  47.310  0.262  38.408 0.0000000000
59609  36.100  -2.796  45.301 0.0000000000
60660  36.867  -2.225  45.592 0.0000000000
60648  37.002  -2.229  46.198 0.0000000000
59564  38.472  -2.499  49.003 0.0000000000
59576  38.156  -2.208  48.400 0.0000000000
59563  38.945  -2.115  49.383 0.0000000000
60601  38.934  -1.915  48.960 0.0000000000
50935  37.246  -10.028  53.705 0.0000000000
50919  39.416  -10.296  55.310 0.0000000000
52025  39.173  -9.922  54.588 0.0000000000
52038  39.729  -9.470  54.381 0.0000000000
67048  47.785  5.143  27.945 0.0000000000
68278  49.514  5.209  28.742 0.0000000000
68277  50.405  5.243  28.694 0.0000000000
68260  50.900  5.971  29.119 0.0000000000
71169  50.431  8.107  29.433 0.0000000000
70280  50.877  7.640  29.248 0.0000000000
71168  51.344  8.552  29.453 0.0000000000
72089  51.932  8.919  29.470 0.0000000000
67117  56.007  4.386  23.506 0.0000000000
67136  56.763  4.788  22.657 0.0000000000
67096  57.576  4.867  24.522 0.0000000000
67079  55.953  4.249  25.314 0.0000000000
67078  57.002  4.865  25.322 0.0000000000
67062  56.372  4.784  25.974 0.0000000000
68299  57.040  5.687  26.134 0.0000000000
50924  28.896  -10.797  55.032 0.0000000000
49873  29.689  -11.317  55.377 0.0000000000
50910  29.179  -10.930  55.633 0.0000000000
51978  30.707  -10.279  58.411 0.0000000000
50883  30.664  -10.931  57.451 0.0000000000
51977  31.257  -10.494  58.550 0.0000000000
50871  31.776  -10.832  58.450 0.0000000000
48709  20.849  -12.665  64.703 0.0000000000
48703  20.898  -12.777  65.432 0.0000000000
48695  21.470  -12.541  66.764 0.0000000000
49708  21.968  -11.933  67.136 0.0000000000
50758  22.809  -11.762  67.544 0.0000000000
49697  22.460  -11.968  67.770 0.0000000000
46642  20.887  -14.663  68.141 0.0000000000
46647  21.299  -13.936  67.942 0.0000000000
70272  47.922  7.109  30.279 0.0000000000
69349  46.854  7.014  30.919 0.0000000000
69339  46.328  6.717  32.123 0.0000000000
70252  47.981  6.472  31.942 0.0000000000
68224  49.808  4.871  33.104 0.0000000000
68225  48.349  4.907  33.257 0.0000000000
66998  48.013  4.442  33.481 0.0000000000
68209  47.472  5.077  33.378 0.0000000000
67021  48.702  4.514  33.355 0.0000000000
66986  50.503  4.153  34.711 0.0000000000
65981  49.821  3.744  34.434 0.0000000000
65958  49.552  3.253  35.615 0.0000000000
65957  50.356  3.778  35.898 0.0000000000
65942  51.100  3.895  37.178 0.0000000000
66952  51.614  4.147  37.387 0.0000000000
60730  45.551  -1.584  39.033 0.0000000000
61749  46.612  -0.891  42.338 0.0000000000
61736  47.060  -0.405  42.945 0.0000000000
62802  47.821  -0.372  42.777 0.0000000000
62772  45.494  0.500  45.390 0.0000000000
62771  46.512  1.042  45.553 0.0000000000
62770  47.209  1.400  45.877 0.0000000000
63783  47.762  1.558  45.663 0.0000000000
63782  48.464  1.946  45.780 0.0000000000
56461  38.844  -5.585  47.190 0.0000000000
57535  38.944  -4.651  47.475 0.0000000000
56460  39.272  -5.476  47.734 0.0000000000
69395  45.492  6.263  27.633 0.0000000000
68295  45.968  5.652  28.087 0.0000000000
68250  46.061  5.942  30.155 0.0000000000
68249  46.880  6.046  29.988 0.0000000000
70328  53.122  7.113  23.610 0.0000000000
42727  14.293  -18.971  67.692 0.0000000000
41808  13.763  -19.391  68.721 0.0000000000
41792  13.638  -19.391  69.991 0.0000000000
42695  14.736  -18.392  71.298 0.0000000000
42696  13.884  -18.902  70.764 0.0000000000
40896  11.614  -20.789  69.687 0.0000000000
40881  11.516  -20.668  70.835 0.0000000000
61838  41.530  -0.238  35.893 0.0000000000
60770  40.546  -1.488  36.661 0.0000000000
61829  40.179  -0.996  36.155 0.0000000000
60769  41.563  -1.351  36.867 0.0000000000
59724  42.352  -2.803  38.761 0.0000000000
59708  43.293  -2.680  39.997 0.0000000000
59707  43.925  -2.401  40.515 0.0000000000
58670  40.389  -3.323  38.940 0.0000000000
58669  40.975  -3.311  39.157 0.0000000000
58648  40.820  -3.376  39.642 0.0000000000
59673  43.410  -1.886  41.979 0.0000000000
60691  43.362  -1.426  42.812 0.0000000000
60679  43.282  -1.170  43.967 0.0000000000
61709  43.543  -0.679  46.655 0.0000000000
50990  33.824  -10.384  49.975 0.0000000000
49947  32.198  -11.168  51.481 0.0000000000
49946  32.743  -10.843  50.953 0.0000000000
49908  35.091  -10.830  53.206 0.0000000000
50938  35.049  -10.681  52.687 0.0000000000
48849  37.509  -12.090  55.715 0.0000000000
48848  38.074  -12.013  55.584 0.0000000000
48833  38.344  -12.243  56.302 0.0000000000
49872  30.336  -11.567  55.654 0.0000000000
49852  31.669  -11.984  56.697 0.0000000000
48818  33.475  -12.149  57.427 0.0000000000
48839  33.049  -12.370  56.850 0.0000000000
48838  33.674  -12.308  56.856 0.0000000000
48853  33.731  -12.271  56.211 0.0000000000
48817  34.145  -12.095  57.456 0.0000000000
49797  36.112  -11.985  59.531 0.0000000000
48796  36.382  -12.198  58.461 0.0000000000
48795  37.392  -12.508  58.395 0.0000000000
48812  39.098  -12.420  57.332 0.0000000000
53034  24.040  -8.885  60.028 0.0000000000
50900  23.514  -10.772  56.894 0.0000000000
50887  22.803  -10.793  57.817 0.0000000000
50856  22.647  -9.957  59.473 0.0000000000
49805  21.594  -10.912  60.248 0.0000000000
49787  21.246  -11.675  60.657 0.0000000000
49770  21.119  -11.672  61.712 0.0000000000
48765  20.810  -12.413  61.113 0.0000000000
48857  19.644  -13.217  55.476 0.0000000000
48841  20.267  -12.900  56.108 0.0000000000
49857  20.988  -12.726  56.610 0.0000000000
47825  18.252  -14.153  56.247 0.0000000000
47814  18.523  -14.481  56.869 0.0000000000
47801  19.594  -14.230  58.110 0.0000000000
48804  20.110  -13.458  58.367 0.0000000000
48750  20.298  -12.996  61.688 0.0000000000
47752  20.039  -13.665  62.411 0.0000000000
45589  19.467  -15.193  63.233 0.0000000000
45590  19.115  -16.031  63.397 0.0000000000
44680  17.438  -16.734  60.400 0.0000000000
43690  17.351  -17.484  62.174 0.0000000000
43682  17.706  -17.619  62.970 0.0000000000
43681  18.314  -17.323  63.559 0.0000000000
43673  17.731  -17.781  64.030 0.0000000000
42767  15.385  -18.465  62.943 0.0000000000
42758  15.706  -18.597  63.944 0.0000000000
42749  15.676  -18.703  65.088 0.0000000000
42751  13.942  -19.238  64.517 0.0000000000
41843  13.086  -19.563  64.353 0.0000000000
41835  13.307  -19.577  65.354 0.0000000000
51029  28.854  -10.438  49.466 0.0000000000
51015  28.393  -10.481  50.062 0.0000000000
52114  26.377  -8.901  49.343 0.0000000000
52080  27.029  -9.727  51.047 0.0000000000
52069  27.132  -9.781  51.743 0.0000000000
50977  27.677  -10.261  51.852 0.0000000000
50958  27.796  -10.345  52.736 0.0000000000
50941  27.878  -10.444  53.448 0.0000000000
52043  27.474  -9.889  53.517 0.0000000000
53112  26.877  -9.385  54.171 0.0000000000
53092  27.174  -9.742  54.745 0.0000000000
53072  27.861  -10.108  56.267 0.0000000000
53073  27.409  -9.972  55.958 0.0000000000
53114  25.908  -9.706  54.352 0.0000000000
53056  27.500  -9.568  57.258 0.0000000000
53031  26.412  -8.208  59.273 0.0000000000
54139  25.504  -7.685  62.272 0.0000000000
49721  21.611  -11.775  65.332 0.0000000000
50786  22.177  -11.452  65.119 0.0000000000
42725  15.611  -18.290  68.415 0.0000000000
43630  16.033  -17.924  69.041 0.0000000000
43619  16.490  -17.543  69.726 0.0000000000
45512  19.056  -16.584  71.768 0.0000000000
45522  18.871  -16.141  71.061 0.0000000000
46603  20.016  -15.856  71.150 0.0000000000
47661  20.649  -15.180  71.010 0.0000000000
71138  54.436  8.635  32.035 0.0000000000
71144  54.747  8.855  31.638 0.0000000000
70236  56.262  8.315  34.090 0.0000000000
70250  49.012  6.858  31.719 0.0000000000
69347  50.192  7.003  31.815 0.0000000000
69336  50.364  6.570  32.213 0.0000000000
69325  52.920  6.498  34.148 0.0000000000
69324  53.943  7.344  33.984 0.0000000000
68171  53.713  5.831  36.788 0.0000000000
68182  53.445  5.914  36.103 0.0000000000
69274  55.176  6.329  37.163 0.0000000000
69302  54.820  7.247  35.703 0.0000000000
65988  43.263  3.791  33.777 0.0000000000
65972  44.784  3.360  34.254 0.0000000000
63940  43.867  1.925  35.086 0.0000000000
63939  44.833  2.107  35.075 0.0000000000
63927  46.842  1.977  35.813 0.0000000000
63938  45.439  2.271  35.074 0.0000000000
64961  46.561  2.297  35.306 0.0000000000
64971  46.037  2.601  34.890 0.0000000000
64960  47.266  2.393  35.316 0.0000000000
64959  47.920  2.457  35.389 0.0000000000
63925  47.998  2.318  35.759 0.0000000000
64922  50.378  2.682  38.470 0.0000000000
64935  49.954  2.861  37.838 0.0000000000
64921  50.974  2.815  38.910 0.0000000000
65913  51.534  3.431  38.916 0.0000000000
61779  47.013  -1.328  40.259 0.0000000000
61791  46.723  -1.018  39.407 0.0000000000
61778  47.695  -0.959  40.639 0.0000000000
62814  48.945  -0.280  41.755 0.0000000000
62829  48.732  -0.255  40.682 0.0000000000
63820  50.521  1.850  42.184 0.0000000000
63838  50.384  1.699  40.965 0.0000000000
59655  38.026  -3.220  42.727 0.0000000000
59635  39.574  -2.630  43.394 0.0000000000
60670  38.017  -2.125  45.047 0.0000000000
59621  37.770  -2.455  44.418 0.0000000000
59607  38.559  -2.135  45.038 0.0000000000
60656  40.211  -2.138  45.798 0.0000000000
59605  40.014  -2.248  45.010 0.0000000000
59604  40.903  -2.247  44.929 0.0000000000
60655  41.328  -2.078  45.669 0.0000000000
60613  42.298  -1.701  49.061 0.0000000000
60612  43.036  -1.269  49.300 0.0000000000
61690  43.605  -0.707  48.622 0.0000000000
52053  37.800  -9.396  52.599 0.0000000000
53169  38.920  -8.250  50.668 0.0000000000
53170  38.064  -8.689  50.607 0.0000000000
53181  38.458  -8.180  50.038 0.0000000000
54298  38.641  -7.721  49.311 0.0000000000
54297  39.450  -7.303  49.506 0.0000000000
55377  40.472  -6.475  49.990 0.0000000000
56438  40.360  -5.363  49.093 0.0000000000
56427  41.004  -5.459  50.474 0.0000000000
51976  40.556  -9.982  57.444 0.0000000000
51991  40.315  -9.786  57.116 0.0000000000
51990  40.737  -9.445  57.313 0.0000000000
54181  41.211  -8.034  57.241 0.0000000000
53086  41.078  -8.729  55.632 0.0000000000
54210  41.347  -7.948  55.714 0.0000000000
55320  41.969  -6.581  55.489 0.0000000000
55306  41.836  -6.523  56.551 0.0000000000
54209  41.740  -7.550  55.100 0.0000000000
55331  42.135  -6.804  54.366 0.0000000000
55343  42.087  -6.406  53.362 0.0000000000
57449  41.777  -4.300  53.013 0.0000000000
57464  41.398  -4.872  52.146 0.0000000000
57478  41.028  -4.509  51.279 0.0000000000
58503  40.444  -3.587  50.911 0.0000000000
58488  40.566  -3.446  51.652 0.0000000000
59519  41.143  -2.449  52.708 0.0000000000
59538  40.189  -2.075  51.391 0.0000000000
60565  41.107  -1.885  52.435 0.0000000000
59498  42.668  -2.850  55.193 0.0000000000
60541  42.856  -2.204  54.957 0.0000000000
61634  42.498  -1.661  53.914 0.0000000000
61641  42.439  -1.498  53.517 0.0000000000
61649  42.376  -1.267  52.842 0.0000000000
60571  42.457  -1.235  51.582 0.0000000000
61648  42.888  -0.829  52.646 0.0000000000
70323  51.900  7.313  24.437 0.0000000000
68305  48.320  5.599  26.688 0.0000000000
69405  47.656  6.377  26.459 0.0000000000
68313  51.962  5.126  25.196 0.0000000000
68329  52.421  5.455  24.517 0.0000000000
68289  54.649  5.385  27.340 0.0000000000
69383  52.666  6.587  28.672 0.0000000000
70302  54.822  7.777  27.884 0.0000000000
69393  55.026  6.849  27.520 0.0000000000
71177  55.696  9.231  28.616 0.0000000000
68389  57.288  5.820  21.091 0.0000000000
68388  57.918  5.768  20.747 0.0000000000
54136  28.429  -7.732  61.774 0.0000000000
43657  17.209  -18.000  65.877 0.0000000000
43636  18.084  -17.242  67.290 0.0000000000
43637  17.534  -17.473  67.690 0.0000000000
44598  18.296  -16.382  69.356 0.0000000000
62754  44.748  0.567  47.312 0.0000000000
49963  30.105  -11.370  51.700 0.0000000000
49949  30.627  -11.500  52.126 0.0000000000
49874  23.359  -11.336  55.357 0.0000000000
50960  22.786  -10.692  51.720 0.0000000000
50815  21.991  -10.721  62.821 0.0000000000
51906  22.280  -11.231  64.020 0.0000000000
70261  50.940  7.322  31.741 0.0000000000
62887  42.341  0.513  35.606 0.0000000000
62886  43.495  0.682  35.918 0.0000000000
58544  37.080  -3.178  46.603 0.0000000000
59589  37.315  -2.732  47.148 0.0000000000
60634  37.274  -2.327  46.748 0.0000000000
59565  37.994  -2.879  48.677 0.0000000000
59551  38.813  -2.781  49.555 0.0000000000
49885  38.002  -11.124  54.816 0.0000000000
50908  39.079  -10.872  55.518 0.0000000000
52014  40.013  -9.905  55.906 0.0000000000
68263  48.122  5.599  29.404 0.0000000000
69370  50.453  6.795  29.201 0.0000000000
71170  49.951  7.901  29.387 0.0000000000
67080  54.848  4.161  25.396 0.0000000000
52005  28.961  -10.272  56.726 0.0000000000
50897  29.440  -10.711  56.519 0.0000000000
51993  29.438  -10.184  57.405 0.0000000000
46672  20.089  -14.145  64.631 0.0000000000
47718  20.841  -13.454  65.757 0.0000000000
47710  21.162  -13.268  66.537 0.0000000000
47709  21.481  -13.042  67.118 0.0000000000
47688  21.257  -13.923  69.555 0.0000000000
69340  45.761  6.517  32.030 0.0000000000
68211  45.486  5.493  33.063 0.0000000000
66999  46.934  4.608  33.595 0.0000000000
65983  48.259  3.653  33.848 0.0000000000
65982  49.171  3.591  34.035 0.0000000000
65967  49.238  3.220  34.805 0.0000000000
60703  45.314  -1.742  41.210 0.0000000000
61737  46.218  -0.492  43.110 0.0000000000
62761  46.726  1.455  46.299 0.0000000000
41821  12.333  -20.599  66.817 0.0000000000
41820  12.873  -19.958  67.193 0.0000000000
41810  12.396  -20.561  67.925 0.0000000000
41794  12.290  -20.329  69.048 0.0000000000
60755  41.050  -1.948  37.322 0.0000000000
59739  41.372  -2.509  37.896 0.0000000000
59693  40.475  -3.450  40.354 0.0000000000
59692  41.370  -3.186  40.389 0.0000000000
59651  42.487  -1.808  42.825 0.0000000000
60692  42.840  -1.504  43.332 0.0000000000
60680  42.264  -1.782  43.803 0.0000000000
60668  42.349  -1.750  44.870 0.0000000000
50974  33.528  -10.686  50.944 0.0000000000
49887  36.399  -11.100  54.492 0.0000000000
49838  31.850  -11.624  57.655 0.0000000000
49837  32.575  -11.835  57.823 0.0000000000
49836  33.207  -11.856  57.955 0.0000000000
49819  34.252  -11.632  58.763 0.0000000000
49777  37.003  -12.592  60.276 0.0000000000
53032  25.539  -8.527  59.487 0.0000000000
51981  24.393  -9.462  58.955 0.0000000000
49840  22.603  -11.083  57.280 0.0000000000
50888  22.375  -10.933  58.028 0.0000000000
47824  19.084  -13.718  55.838 0.0000000000
46771  17.979  -14.845  57.205 0.0000000000
46770  18.650  -14.609  57.179 0.0000000000
46714  19.650  -14.527  60.964 0.0000000000
46696  19.657  -14.599  61.981 0.0000000000
46697  19.323  -15.090  61.383 0.0000000000
53172  25.417  -9.116  50.352 0.0000000000
53171  26.007  -9.069  50.665 0.0000000000
53159  26.135  -9.275  51.577 0.0000000000
53145  26.789  -9.334  52.876 0.0000000000
53130  27.029  -9.390  53.454 0.0000000000
53113  26.448  -9.474  54.276 0.0000000000
53095  25.880  -9.945  55.642 0.0000000000
43610  15.866  -17.896  70.831 0.0000000000
44590  16.999  -17.158  70.450 0.0000000000
44579  16.877  -17.278  71.380 0.0000000000
70245  54.954  8.530  33.091 0.0000000000
68223  51.040  5.265  32.991 0.0000000000
68222  51.708  5.645  33.343 0.0000000000
69314  52.846  6.235  34.612 0.0000000000
68155  54.732  6.003  37.762 0.0000000000
68170  54.364  6.111  37.228 0.0000000000
64986  43.444  3.072  34.280 0.0000000000
63915  45.949  1.343  36.343 0.0000000000
63914  46.557  1.470  36.438 0.0000000000
63913  47.418  1.814  36.419 0.0000000000
64937  48.881  2.321  36.954 0.0000000000
63900  48.881  2.162  37.303 0.0000000000
64923  49.630  2.259  38.267 0.0000000000
64910  50.535  2.246  39.317 0.0000000000
61747  48.269  -0.620  42.112 0.0000000000
61777  48.255  -0.756  40.860 0.0000000000
62813  49.450  0.364  42.235 0.0000000000
59656  36.958  -3.236  42.902 0.0000000000
60631  39.467  -1.800  47.538 0.0000000000
60645  39.380  -1.933  46.640 0.0000000000
60644  40.360  -1.964  46.694 0.0000000000
60629  41.387  -1.923  47.842 0.0000000000
60597  42.356  -1.502  50.021 0.0000000000
52065  38.467  -9.009  52.005 0.0000000000
53144  39.281  -8.815  52.275 0.0000000000
53168  39.584  -8.060  51.050 0.0000000000
54284  39.809  -7.540  50.288 0.0000000000
54269  40.185  -7.725  51.061 0.0000000000
54267  41.530  -7.001  51.975 0.0000000000
54167  41.358  -8.256  57.455 0.0000000000
56384  42.293  -5.713  54.611 0.0000000000
57450  41.274  -3.590  52.664 0.0000000000
58460  41.558  -3.170  53.064 0.0000000000
59509  41.888  -2.499  53.289 0.0000000000
67057  49.386  4.750  27.489 0.0000000000
67069  49.681  4.861  26.749 0.0000000000
67065  53.393  4.392  26.400 0.0000000000
67053  53.093  4.573  27.242 0.0000000000
68290  53.715  5.150  27.750 0.0000000000
70278  52.434  8.099  28.843 0.0000000000
70291  53.097  7.781  28.580 0.0000000000
71179  53.672  8.568  28.716 0.0000000000
71178  54.494  9.059  28.708 0.0000000000
68375  58.598  5.414  21.701 0.0000000000
68359  59.359  5.467  22.335 0.0000000000
68298  57.916  6.194  25.976 0.0000000000
69401  58.265  6.842  26.317 0.0000000000
70309  58.310  7.326  26.659 0.0000000000
53028  29.576  -8.928  59.446 0.0000000000
53017  30.106  -8.838  60.585 0.0000000000
53010  29.531  -8.219  61.273 0.0000000000
45568  20.190  -15.707  66.516 0.0000000000
45560  20.023  -15.858  67.398 0.0000000000
45551  20.347  -15.291  68.233 0.0000000000
44608  19.122  -16.344  68.091 0.0000000000
45543  20.079  -15.292  68.908 0.0000000000
46635  20.620  -14.620  69.312 0.0000000000
47689  20.801  -14.240  69.709 0.0000000000
47678  21.276  -13.958  70.423 0.0000000000
68240  44.366  5.356  31.382 0.0000000000
68212  44.666  5.249  32.834 0.0000000000
67001  44.881  4.822  33.425 0.0000000000
65986  45.319  4.051  33.866 0.0000000000
61728  45.097  -0.345  44.118 0.0000000000
63769  45.991  1.467  46.979 0.0000000000
40927  11.070  -21.412  68.011 0.0000000000
39019  10.379  -22.164  67.952 0.0000000000
39967  10.470  -21.845  69.045 0.0000000000
39958  10.461  -21.732  69.758 0.0000000000
38996  9.595  -22.658  69.379 0.0000000000
39953  10.303  -21.626  70.727 0.0000000000
40883  10.168  -21.623  71.715 0.0000000000
58628  39.697  -3.569  40.603 0.0000000000
49931  32.281  -11.522  52.466 0.0000000000
45675  17.606  -15.562  58.205 0.0000000000
45650  17.964  -15.858  59.056 0.0000000000
44696  16.939  -16.581  59.722 0.0000000000
53149  24.621  -9.684  51.466 0.0000000000
52044  25.419  -10.109  53.851 0.0000000000
52030  24.945  -10.383  54.411 0.0000000000
72079  52.647  9.494  30.004 0.0000000000
72068  53.661  9.779  30.939 0.0000000000
72069  52.831  9.560  30.591 0.0000000000
71147  52.104  9.255  30.748 0.0000000000
70246  54.286  8.252  32.698 0.0000000000
70238  54.242  7.857  33.411 0.0000000000
69323  54.730  7.742  34.338 0.0000000000
68184  52.095  5.346  35.396 0.0000000000
66965  53.117  5.401  36.709 0.0000000000
68145  54.335  5.690  38.375 0.0000000000
64975  42.206  2.247  34.390 0.0000000000
62884  45.026  1.307  35.916 0.0000000000
62872  46.162  1.149  36.741 0.0000000000
63887  47.443  0.843  37.883 0.0000000000
63874  48.479  0.738  38.815 0.0000000000
63809  48.971  1.373  44.248 0.0000000000
59622  36.744  -2.544  44.696 0.0000000000
59638  36.357  -2.891  43.792 0.0000000000
60659  37.501  -2.008  45.676 0.0000000000
60633  37.751  -2.069  47.245 0.0000000000
60618  38.053  -1.995  47.950 0.0000000000
60632  38.596  -1.862  47.392 0.0000000000
60600  39.569  -1.867  49.365 0.0000000000
60585  40.683  -1.810  50.524 0.0000000000
50952  36.190  -10.052  52.331 0.0000000000
52041  37.281  -9.739  53.128 0.0000000000
52026  38.473  -9.967  54.233 0.0000000000
53125  40.207  -8.908  53.726 0.0000000000
68292  47.950  5.381  27.267 0.0000000000
67058  48.541  5.041  27.449 0.0000000000
68279  48.592  5.160  28.769 0.0000000000
67046  49.013  4.805  28.167 0.0000000000
67044  50.754  4.709  28.149 0.0000000000
68259  51.798  6.103  28.993 0.0000000000
69368  51.993  6.951  28.941 0.0000000000
71167  52.116  8.579  29.182 0.0000000000
72088  52.446  9.100  29.507 0.0000000000
68377  56.563  5.781  21.429 0.0000000000
67156  56.913  5.172  21.900 0.0000000000
67155  57.726  5.051  22.143 0.0000000000
67134  58.624  5.542  23.234 0.0000000000
67114  58.690  5.685  23.586 0.0000000000
68343  58.792  5.817  24.163 0.0000000000
67077  57.800  5.200  25.130 0.0000000000
68287  56.558  6.416  26.728 0.0000000000
50956  28.874  -11.231  53.498 0.0000000000
49914  29.396  -11.534  54.090 0.0000000000
49894  29.292  -11.219  54.881 0.0000000000
49853  30.839  -11.600  56.565 0.0000000000
50884  29.948  -10.663  57.142 0.0000000000
50870  32.587  -10.960  58.838 0.0000000000
51963  29.849  -9.354  58.938 0.0000000000
51962  30.496  -9.564  59.435 0.0000000000
51953  31.562  -9.795  60.426 0.0000000000
50836  31.945  -10.188  59.869 0.0000000000
49917  21.093  -11.987  53.323 0.0000000000
48734  20.770  -12.544  63.176 0.0000000000
49740  21.280  -11.970  63.801 0.0000000000
48716  20.921  -12.465  64.036 0.0000000000
50778  22.096  -11.721  66.085 0.0000000000
49714  20.999  -12.331  65.807 0.0000000000
49713  21.488  -12.027  66.175 0.0000000000
50767  23.002  -11.794  67.180 0.0000000000
46648  20.977  -14.504  67.204 0.0000000000
47702  21.611  -13.175  67.724 0.0000000000
48681  21.981  -12.542  68.032 0.0000000000
48680  22.631  -12.666  68.633 0.0000000000
69358  48.330  7.245  30.065 0.0000000000
70271  48.791  7.755  30.012 0.0000000000
70251  48.501  6.645  31.862 0.0000000000
67019  50.426  4.785  33.238 0.0000000000
69341  45.453  6.275  31.850 0.0000000000
66985  51.124  4.725  34.340 0.0000000000
66977  51.340  4.621  35.575 0.0000000000
66967  51.617  4.389  36.781 0.0000000000
65925  52.018  4.049  38.488 0.0000000000
60742  45.260  -1.243  38.394 0.0000000000
60717  46.278  -1.640  39.782 0.0000000000
61763  47.047  -1.227  41.363 0.0000000000
62779  48.239  1.147  44.489 0.0000000000
63796  48.521  1.427  44.782 0.0000000000
63781  48.969  1.841  45.177 0.0000000000
57536  38.400  -4.222  47.128 0.0000000000
57521  39.026  -4.121  48.020 0.0000000000
57520  39.508  -4.137  48.410 0.0000000000
49833  40.080  -11.699  57.641 0.0000000000
50881  40.155  -10.611  57.307 0.0000000000
68294  46.532  5.636  27.682 0.0000000000
69373  47.663  6.092  29.820 0.0000000000
69421  53.402  6.595  23.396 0.0000000000
69422  52.832  6.303  23.822 0.0000000000
42736  14.181  -19.052  66.640 0.0000000000
42735  15.008  -18.728  66.890 0.0000000000
42717  14.981  -18.606  68.955 0.0000000000
42707  15.042  -18.424  70.107 0.0000000000
43611  15.362  -18.107  71.033 0.0000000000
43600  15.848  -17.752  71.662 0.0000000000
41777  13.053  -19.406  70.823 0.0000000000
42684  14.150  -18.541  71.905 0.0000000000
43591  15.156  -18.133  72.624 0.0000000000
62876  42.630  -0.016  36.098 0.0000000000
60767  43.074  -0.815  36.949 0.0000000000
61827  41.945  -0.706  36.417 0.0000000000
60753  43.445  -1.252  37.483 0.0000000000
60731  44.332  -2.260  39.499 0.0000000000
60719  44.572  -2.082  40.729 0.0000000000
60704  44.311  -1.748  41.737 0.0000000000
58685  40.218  -3.074  38.435 0.0000000000
59691  42.383  -2.787  40.757 0.0000000000
60705  43.843  -1.560  42.277 0.0000000000
60690  44.256  -1.229  42.635 0.0000000000
61739  44.386  -0.779  43.581 0.0000000000
61719  44.234  -0.305  45.224 0.0000000000
61730  43.745  -0.756  44.792 0.0000000000
61677  44.030  0.101  48.968 0.0000000000
50989  34.809  -10.149  49.875 0.0000000000
49959  32.421  -10.681  50.433 0.0000000000
49929  34.062  -10.835  52.163 0.0000000000
50955  33.981  -10.718  51.625 0.0000000000
50953  35.461  -10.366  52.141 0.0000000000
50922  36.877  -10.539  54.069 0.0000000000
49886  37.263  -11.058  54.697 0.0000000000
49864  38.540  -11.532  55.478 0.0000000000
49850  38.948  -11.773  56.183 0.0000000000
49892  30.788  -11.833  54.720 0.0000000000
49851  32.403  -12.197  57.076 0.0000000000
49870  32.647  -12.293  55.909 0.0000000000
49799  34.704  -11.634  59.250 0.0000000000
49818  34.985  -11.910  58.654 0.0000000000
49817  35.683  -11.937  58.890 0.0000000000
48816  34.982  -12.136  57.637 0.0000000000
48836  35.312  -12.228  56.728 0.0000000000
48835  36.281  -12.276  56.635 0.0000000000
48813  37.942  -12.580  57.383 0.0000000000
54150  25.761  -7.649  61.283 0.0000000000
51955  23.185  -9.154  60.462 0.0000000000
50885  24.024  -10.085  57.806 0.0000000000
51996  23.897  -9.963  58.288 0.0000000000
51982  23.734  -9.821  58.810 0.0000000000
51983  23.270  -9.757  59.320 0.0000000000
51966  22.860  -9.662  59.839 0.0000000000
49897  21.270  -12.359  54.159 0.0000000000
47751  20.370  -13.228  63.066 0.0000000000
47726  20.224  -13.833  64.135 0.0000000000
46681  19.796  -14.483  62.911 0.0000000000
46663  19.896  -14.749  64.783 0.0000000000
44643  19.534  -16.065  65.224 0.0000000000
44679  18.220  -16.507  60.873 0.0000000000
44666  18.516  -16.564  61.718 0.0000000000
44656  17.995  -17.168  62.185 0.0000000000
44649  18.818  -16.750  63.778 0.0000000000
44644  19.072  -16.591  64.654 0.0000000000
44636  19.206  -16.635  65.748 0.0000000000
43663  18.596  -17.215  65.269 0.0000000000
43656  18.086  -17.529  65.918 0.0000000000
43674  16.771  -18.089  63.695 0.0000000000
43665  17.068  -18.114  64.745 0.0000000000
42748  16.427  -18.414  65.445 0.0000000000
41830  12.123  -20.536  65.764 0.0000000000
40943  11.673  -21.150  66.409 0.0000000000
51013  30.334  -10.630  49.483 0.0000000000
51014  29.456  -10.693  49.917 0.0000000000
50975  29.068  -11.225  52.483 0.0000000000
52096  27.392  -9.930  50.061 0.0000000000
52081  26.546  -9.434  50.820 0.0000000000
51016  27.873  -10.302  50.512 0.0000000000
50976  28.382  -10.797  52.025 0.0000000000
50940  28.223  -10.776  54.001 0.0000000000
50925  28.447  -10.677  54.837 0.0000000000
52028  27.492  -9.942  54.312 0.0000000000
52015  28.142  -10.434  55.352 0.0000000000
52006  28.364  -10.275  56.276 0.0000000000
54157  27.983  -7.790  60.056 0.0000000000
54148  27.732  -7.615  60.955 0.0000000000
50793  21.962  -11.333  64.155 0.0000000000
51896  22.174  -11.327  64.550 0.0000000000
43639  16.250  -17.956  68.131 0.0000000000
44611  17.241  -17.042  68.929 0.0000000000
44588  18.082  -16.384  70.018 0.0000000000
45535  18.172  -16.362  70.747 0.0000000000
46615  19.432  -15.619  70.629 0.0000000000
46614  19.965  -15.367  70.760 0.0000000000
47670  20.747  -14.527  70.773 0.0000000000
69335  52.061  6.206  32.988 0.0000000000
70217  55.052  7.726  35.183 0.0000000000
68194  52.650  5.876  35.047 0.0000000000
68193  53.266  6.074  35.544 0.0000000000
69303  53.955  6.399  35.865 0.0000000000
67023  42.901  4.591  32.396 0.0000000000
65971  45.722  3.292  34.311 0.0000000000
65970  46.665  3.230  34.321 0.0000000000
64969  47.775  2.734  34.840 0.0000000000
64967  48.972  2.880  35.422 0.0000000000
65944  49.660  3.174  36.535 0.0000000000
64946  49.139  2.647  36.656 0.0000000000
65928  49.954  3.185  37.279 0.0000000000
65927  50.604  3.320  37.700 0.0000000000
61804  45.729  -0.809  38.369 0.0000000000
61803  46.565  -0.555  38.696 0.0000000000
61802  47.165  -0.440  39.083 0.0000000000
61789  48.157  -0.551  40.242 0.0000000000
62842  47.604  -0.191  39.157 0.0000000000
63807  50.250  1.745  43.115 0.0000000000
63859  49.746  1.049  40.464 0.0000000000
65902  52.493  4.191  40.232 0.0000000000
59606  39.126  -2.196  45.032 0.0000000000
59634  40.642  -2.495  43.420 0.0000000000
59617  41.357  -2.231  44.263 0.0000000000
60669  41.675  -2.060  44.586 0.0000000000
60642  42.268  -1.847  47.049 0.0000000000
60641  42.942  -1.302  47.330 0.0000000000
52077  37.246  -9.120  50.546 0.0000000000
53158  38.437  -8.784  51.254 0.0000000000
55402  39.161  -6.432  48.113 0.0000000000
55378  39.932  -6.963  49.697 0.0000000000
55390  39.877  -6.398  49.110 0.0000000000
56448  39.784  -5.279  48.416 0.0000000000
57506  40.115  -4.193  49.128 0.0000000000
50895  39.929  -10.418  56.807 0.0000000000
52004  40.108  -9.904  56.596 0.0000000000
53053  40.698  -9.106  57.063 0.0000000000
53069  40.427  -9.445  56.531 0.0000000000
53087  40.503  -9.391  55.788 0.0000000000
53105  41.032  -8.731  54.570 0.0000000000
53124  41.155  -8.383  53.775 0.0000000000
55307  41.380  -7.269  56.971 0.0000000000
53104  41.503  -8.128  54.442 0.0000000000
53141  41.436  -7.901  53.329 0.0000000000
54252  41.545  -7.401  52.629 0.0000000000
55367  41.407  -6.481  51.614 0.0000000000
56407  41.894  -5.519  52.697 0.0000000000
56417  41.553  -5.690  51.919 0.0000000000
56418  41.236  -5.639  51.290 0.0000000000
57491  40.618  -4.248  50.080 0.0000000000
58504  39.742  -3.232  50.358 0.0000000000
58474  40.199  -2.889  51.820 0.0000000000
59528  40.081  -2.654  51.538 0.0000000000
59539  39.955  -2.440  50.982 0.0000000000
60574  40.187  -1.955  50.987 0.0000000000
60551  42.178  -2.174  53.587 0.0000000000
60549  42.926  -1.786  54.711 0.0000000000
60557  42.219  -1.875  53.518 0.0000000000
60584  41.612  -1.613  50.808 0.0000000000
60583  42.629  -1.203  50.968 0.0000000000
60582  42.980  -0.985  50.568 0.0000000000
61656  43.347  -0.418  51.411 0.0000000000
61667  43.323  -0.644  50.603 0.0000000000
68346  53.007  5.621  23.976 0.0000000000
68328  53.340  5.099  24.126 0.0000000000
67064  54.497  4.468  26.455 0.0000000000
69392  56.114  7.221  27.142 0.0000000000
68274  53.283  5.782  28.288 0.0000000000
39020  10.022  -22.421  67.724 0.0000000000
39954  9.599  -22.034  71.104 0.0000000000
39975  10.574  -21.880  68.368 0.0000000000
39976  10.250  -22.133  68.695 0.0000000000
41776  13.517  -19.245  70.516 0.0000000000
42683  14.720  -18.217  72.095 0.0000000000
42697  13.400  -19.040  71.106 0.0000000000
42706  15.430  -18.272  69.792 0.0000000000
42716  15.484  -18.293  69.359 0.0000000000
42718  14.453  -18.906  68.544 0.0000000000
43599  16.281  -17.608  71.276 0.0000000000
43609  16.379  -17.582  70.602 0.0000000000
43621  15.499  -18.123  70.464 0.0000000000
43628  17.222  -17.356  68.376 0.0000000000
43629  16.721  -17.516  68.797 0.0000000000
43647  17.704  -17.636  66.734 0.0000000000
43648  16.854  -18.085  67.034 0.0000000000
43649  16.458  -18.010  67.548 0.0000000000
43684  15.984  -17.989  62.371 0.0000000000
44578  17.567  -16.793  71.113 0.0000000000
44589  17.606  -16.753  70.247 0.0000000000
44599  17.675  -16.749  69.458 0.0000000000
44610  17.788  -16.900  68.589 0.0000000000
44619  18.686  -16.816  67.506 0.0000000000
44620  18.115  -16.967  67.898 0.0000000000
44628  19.016  -16.791  66.657 0.0000000000
45534  18.796  -15.943  70.191 0.0000000000
45553  19.198  -16.053  68.701 0.0000000000
45574  20.570  -14.759  65.886 0.0000000000
45583  19.106  -16.240  64.033 0.0000000000
46625  20.025  -15.065  70.068 0.0000000000
46634  21.029  -14.201  69.250 0.0000000000
46636  20.078  -15.116  69.404 0.0000000000
47662  20.406  -15.145  70.794 0.0000000000
47679  20.604  -14.397  70.119 0.0000000000
48688  21.767  -12.521  67.424 0.0000000000
49707  22.393  -11.769  67.340 0.0000000000
49729  21.174  -12.037  64.634 0.0000000000
49820  33.545  -11.578  58.589 0.0000000000
49835  33.854  -11.831  58.021 0.0000000000
49935  22.857  -10.847  52.130 0.0000000000
50759  22.600  -11.720  67.436 0.0000000000
50769  21.727  -11.774  66.718 0.0000000000
50849  34.732  -11.570  59.606 0.0000000000
50873  23.433  -10.045  58.551 0.0000000000
50882  31.332  -11.105  57.766 0.0000000000
50898  28.865  -10.570  56.150 0.0000000000
50909  29.788  -11.093  55.930 0.0000000000
52016  27.605  -10.148  55.114 0.0000000000
52027  27.925  -10.409  54.598 0.0000000000
52056  26.808  -9.466  52.294 0.0000000000
53019  28.789  -7.983  60.196 0.0000000000
53123  41.616  -7.938  53.857 0.0000000000
54134  29.831  -8.301  62.038 0.0000000000
54135  29.394  -8.003  61.697 0.0000000000
54147  28.711  -7.825  60.795 0.0000000000
54223  41.841  -7.603  54.270 0.0000000000
55330  42.326  -6.125  54.075 0.0000000000
55342  42.302  -5.962  53.776 0.0000000000
56393  42.332  -5.834  54.060 0.0000000000
56437  40.750  -5.395  49.669 0.0000000000
58505  39.056  -3.026  49.856 0.0000000000
59672  43.895  -1.909  41.647 0.0000000000
59711  41.066  -3.200  38.816 0.0000000000
59723  43.002  -2.753  39.208 0.0000000000
59726  40.747  -2.940  38.308 0.0000000000
60658  38.362  -1.997  45.657 0.0000000000
60672  36.833  -2.303  45.191 0.0000000000
60745  42.496  -2.429  38.231 0.0000000000
60752  44.168  -1.016  37.657 0.0000000000
61658  42.466  -1.133  52.324 0.0000000000
61668  42.999  -0.787  51.180 0.0000000000
61792  46.160  -1.064  38.972 0.0000000000
61805  45.096  -0.935  38.093 0.0000000000
61826  42.740  -0.455  36.511 0.0000000000
62852  45.611  -0.334  37.931 0.0000000000
62863  47.096  0.761  37.730 0.0000000000
62866  44.605  -0.144  37.212 0.0000000000
63872  49.918  1.895  39.338 0.0000000000
63903  46.579  1.147  36.957 0.0000000000
63912  48.054  2.188  36.196 0.0000000000
64947  48.645  2.396  36.438 0.0000000000
64958  48.455  2.517  35.734 0.0000000000
64968  48.473  2.778  35.058 0.0000000000
67059  47.997  5.183  27.670 0.0000000000
68172  53.076  5.551  36.365 0.0000000000
68293  47.443  5.385  27.589 0.0000000000
69348  49.856  6.830  31.891 0.0000000000
