#!ascii label  , from subject sub-02 vox2ras=TkReg
2160
54112  26.727  -7.929  63.297 0.5555559993
50823  28.067  -10.885  61.503 0.4444440007
51928  27.658  -9.858  62.211 0.4444440007
50812  27.544  -10.087  61.942 0.4444440007
51944  26.257  -9.826  61.547 0.5555559993
52998  26.984  -8.992  62.659 0.4444440007
51915  27.906  -9.438  62.577 0.4444440007
52986  27.177  -8.597  62.900 0.5555559993
52987  26.211  -8.309  63.139 0.5555559993
49782  27.785  -11.301  60.449 0.4444440007
51943  26.785  -10.043  61.455 0.4444440007
52999  26.452  -8.841  62.689 0.5555559993
54124  26.142  -7.604  62.947 0.4444440007
54123  27.095  -7.575  62.800 0.4444440007
54125  25.352  -7.928  63.007 0.4444440007
52985  28.188  -8.712  62.788 0.5555559993
54111  27.662  -8.072  63.037 0.5555559993
54113  25.985  -7.929  63.270 0.5555559993
50811  28.132  -10.453  62.115 0.4444440007
51930  25.973  -9.267  62.173 0.5555559993
53000  25.380  -8.645  62.708 0.5555559993
50840  25.470  -10.623  60.661 0.4444440007
50826  25.767  -10.239  61.011 0.4444440007
51945  25.529  -9.799  61.660 0.5555559993
49804  25.466  -11.702  59.681 0.2222220004
48782  24.946  -12.317  59.553 0.1111110002
54138  26.429  -7.520  62.110 0.3333329856
54139  25.504  -7.685  62.272 0.3333329856
54122  28.062  -7.789  62.554 0.4444440007
49752  29.078  -11.217  62.659 0.4444440007
51914  28.825  -9.431  62.871 0.4444440007
54110  28.494  -8.269  62.748 0.4444440007
49765  28.620  -11.455  61.583 0.4444440007
50801  28.749  -10.236  62.863 0.4444440007
51931  25.245  -9.385  62.191 0.5555559993
49785  25.266  -11.234  60.305 0.4444440007
50827  25.105  -10.487  61.193 0.4444440007
48732  29.673  -11.856  62.266 0.4444440007
49751  29.864  -11.457  62.702 0.4444440007
50800  29.320  -10.170  63.108 0.4444440007
51913  29.646  -9.360  62.893 0.4444440007
54137  27.422  -7.558  61.925 0.3333329856
54150  25.761  -7.649  61.283 0.3333329856
48745  29.876  -12.426  61.734 0.3333329856
48746  29.365  -12.053  61.806 0.4444440007
49737  29.172  -10.649  63.118 0.4444440007
54121  29.072  -8.146  62.502 0.4444440007
54149  26.737  -7.572  61.103 0.3333329856
48762  29.145  -12.497  60.905 0.3333329856
54136  28.429  -7.732  61.774 0.3333329856
54158  27.043  -7.748  60.099 0.3333329856
54159  26.080  -7.857  60.243 0.3333329856
49781  28.424  -11.778  60.675 0.2222220004
48763  24.563  -11.850  60.577 0.1111110002
48730  30.820  -11.937  62.296 0.4444440007
49734  30.988  -11.122  62.458 0.5555559993
50798  30.498  -10.325  62.698 0.4444440007
47747  30.837  -12.726  61.738 0.3333329856
49750  30.295  -11.614  62.553 0.4444440007
49735  30.345  -11.134  62.778 0.4444440007
51926  30.562  -9.360  62.488 0.4444440007
47748  30.316  -12.740  61.587 0.3333329856
48731  30.211  -12.086  62.159 0.3333329856
50799  29.942  -10.281  63.003 0.4444440007
47763  30.140  -13.086  61.203 0.3333329856
48761  29.709  -12.724  61.286 0.3333329856
52996  29.899  -8.655  62.519 0.4444440007
47774  29.320  -13.217  60.134 0.2222220004
53020  25.152  -8.053  60.433 0.2222220004
48729  31.641  -11.906  62.067 0.4444440007
48713  31.167  -11.463  62.348 0.5555559993
50810  31.151  -10.327  62.180 0.5555559993
47761  31.464  -13.449  61.424 0.3333329856
47746  31.575  -12.772  61.802 0.3333329856
53008  30.699  -8.878  62.134 0.5555559993
45629  31.014  -14.963  59.740 0.2222220004
46725  30.711  -14.344  60.288 0.2222220004
47772  30.460  -13.679  60.816 0.2222220004
47773  29.879  -13.538  60.628 0.2222220004
51942  30.618  -8.860  61.117 0.4444440007
53009  30.119  -8.602  61.636 0.5555559993
46737  30.466  -14.741  59.695 0.1111110002
45647  30.690  -15.294  59.148 0.1111110002
47745  32.583  -13.148  61.741 0.4444440007
49749  31.527  -11.199  62.021 0.5555559993
46693  32.631  -13.864  61.508 0.3333329856
47760  32.087  -13.496  61.555 0.3333329856
50822  31.640  -10.184  61.664 0.5555559993
51941  31.188  -9.273  61.610 0.5555559993
45612  33.307  -14.834  60.788 0.3333329856
45613  32.559  -14.598  60.896 0.3333329856
46709  32.152  -14.097  61.235 0.3333329856
51940  31.812  -9.915  61.247 0.4444440007
45645  33.079  -15.554  59.525 0.1111110002
45627  32.415  -14.963  60.300 0.2222220004
46723  32.001  -14.463  60.794 0.2222220004
46724  31.486  -14.454  60.524 0.2222220004
46710  31.452  -13.998  60.978 0.3333329856
51953  31.562  -9.795  60.426 0.3333329856
51954  30.759  -9.159  60.544 0.3333329856
45646  31.803  -15.372  59.450 0.1111110002
45628  31.473  -14.842  60.059 0.1111110002
45648  29.978  -15.247  58.692 0.1111110002
45670  31.527  -15.677  58.501 0.1111110002
45671  30.538  -15.527  58.262 0.1111110002
45695  29.411  -15.538  57.224 0.1111110002
45720  28.346  -15.552  56.262 0.1111110002
50809  31.838  -10.889  61.673 0.6666669846
46692  33.346  -13.956  61.517 0.4444440007
49748  32.464  -11.658  61.589 0.5555559993
50821  32.187  -10.566  61.200 0.5555559993
46707  33.841  -14.539  61.168 0.5555559993
47744  33.699  -13.362  61.503 0.4444440007
50820  32.950  -11.108  60.813 0.6666669846
51952  32.114  -10.089  60.892 0.5555559993
45611  34.344  -15.079  60.863 0.4444440007
45626  33.709  -15.320  60.274 0.4444440007
45643  35.363  -15.953  59.525 0.3333329856
45644  34.266  -15.718  59.559 0.3333329856
45667  34.913  -15.946  58.610 0.3333329856
45668  33.808  -15.825  58.644 0.3333329856
45669  32.650  -15.776  58.623 0.2222220004
45693  31.316  -15.715  57.549 0.1111110002
45694  30.309  -15.628  57.404 0.1111110002
45718  30.072  -15.686  56.492 0.1111110002
49747  33.473  -12.168  61.296 0.6666669846
49764  32.543  -11.205  61.273 0.6666669846
46706  34.693  -14.723  61.280 0.5555559993
47743  34.781  -13.538  61.495 0.5555559993
45625  34.871  -15.603  60.382 0.3333329856
45666  35.929  -16.110  58.530 0.3333329856
48727  34.098  -12.807  61.303 0.6666669846
49763  33.480  -11.652  61.047 0.6666669846
46690  35.354  -14.368  61.520 0.5555559993
49746  34.367  -12.291  61.031 0.6666669846
45624  36.113  -15.936  60.350 0.4444440007
45598  35.959  -14.726  61.504 0.5555559993
49762  34.638  -11.918  60.638 0.6666669846
45609  36.957  -15.542  61.053 0.4444440007
45597  36.578  -14.891  61.494 0.6666669846
45688  36.657  -16.126  57.528 0.4444440007
45665  36.875  -16.281  58.500 0.4444440007
45641  36.805  -16.315  59.280 0.4444440007
44693  36.600  -16.213  59.815 0.4444440007
47742  35.812  -13.676  61.514 0.6666669846
48744  35.198  -12.335  60.996 0.7777780294
46689  36.301  -14.314  61.552 0.6666669846
44675  37.360  -16.050  60.484 0.4444440007
45623  36.775  -15.917  60.543 0.4444440007
45664  37.753  -16.350  58.363 0.5555559993
44692  37.195  -16.322  59.700 0.4444440007
45687  37.644  -16.229  57.517 0.5555559993
48725  36.241  -13.253  61.309 0.6666669846
48743  35.930  -12.675  61.089 0.7777780294
45596  37.497  -14.961  61.507 0.6666669846
47741  36.817  -13.767  61.459 0.6666669846
47759  36.966  -13.528  61.285 0.6666669846
49761  35.623  -12.227  60.714 0.7777780294
44674  38.209  -16.060  60.634 0.5555559993
44706  37.849  -16.406  59.092 0.5555559993
44705  38.684  -16.366  59.174 0.5555559993
44691  37.993  -16.315  59.891 0.5555559993
44716  38.969  -16.333  58.381 0.5555559993
45685  39.749  -16.202  57.886 0.5555559993
46705  38.476  -14.699  61.456 0.6666669846
48722  38.352  -13.925  61.555 0.6666669846
44660  39.027  -15.573  61.056 0.6666669846
45607  38.655  -15.304  61.308 0.6666669846
47739  38.236  -14.180  61.501 0.6666669846
48741  37.937  -13.591  61.321 0.6666669846
44689  39.354  -15.898  60.347 0.5555559993
44673  38.845  -15.933  60.796 0.5555559993
44662  38.455  -15.713  61.090 0.6666669846
48759  37.708  -13.017  60.624 0.5555559993
44704  39.430  -16.143  59.515 0.5555559993
44690  38.767  -16.194  60.102 0.5555559993
44715  39.403  -16.268  58.743 0.5555559993
45708  40.558  -16.030  56.961 0.5555559993
45707  41.403  -15.633  57.136 0.5555559993
47756  39.724  -14.507  61.107 0.7777780294
47757  38.851  -14.270  61.291 0.6666669846
48740  38.465  -13.930  61.299 0.6666669846
45622  39.693  -15.489  60.604 0.6666669846
46703  39.851  -14.886  61.046 0.6666669846
45640  40.101  -15.693  59.797 0.6666669846
45621  40.275  -15.177  60.391 0.7777780294
45662  40.111  -16.083  58.819 0.5555559993
45684  40.788  -16.024  57.985 0.5555559993
45661  40.832  -15.665  58.928 0.6666669846
47770  39.541  -14.012  60.991 0.7777780294
47771  38.946  -13.974  61.134 0.7777780294
48758  38.926  -13.592  60.759 0.6666669846
47755  40.171  -14.635  60.972 0.6666669846
45620  40.594  -14.909  60.222 0.6666669846
45639  40.714  -15.209  59.713 0.6666669846
46761  43.023  -14.247  57.039 0.6666669846
45706  41.942  -15.225  57.576 0.5555559993
45683  41.462  -15.521  58.160 0.6666669846
45660  41.385  -15.035  58.971 0.6666669846
46778  42.157  -14.961  56.603 0.6666669846
48757  40.054  -13.590  60.277 0.6666669846
48774  39.840  -13.074  59.704 0.6666669846
46721  40.691  -14.569  60.112 0.7777780294
47768  41.007  -14.031  59.804 0.6666669846
47820  43.749  -12.761  56.589 0.7777780294
46735  41.901  -13.997  58.722 0.7777780294
46736  41.387  -14.424  59.242 0.7777780294
47807  43.278  -13.551  57.294 0.7777780294
46747  42.761  -14.046  57.785 0.6666669846
46748  42.068  -14.415  58.434 0.6666669846
46749  41.630  -14.621  58.808 0.6666669846
45638  40.931  -14.823  59.698 0.7777780294
46762  42.446  -14.728  57.668 0.6666669846
49776  41.152  -12.817  59.151 0.8888890147
48773  40.666  -12.881  59.289 0.8888890147
48772  41.720  -13.206  58.988 0.8888890147
48756  40.777  -13.488  59.716 0.8888890147
48830  44.125  -12.327  56.413 0.7777780294
48810  43.572  -12.547  57.179 0.7777780294
47781  42.645  -13.207  58.219 0.8888890147
47782  42.111  -13.492  58.658 0.8888890147
47783  41.534  -13.797  59.142 0.7777780294
47806  43.599  -12.960  56.881 0.7777780294
47794  42.464  -13.785  58.296 0.7777780294
48846  44.696  -12.068  55.442 0.6666669846
49815  40.980  -11.948  58.589 0.7777780294
50848  41.368  -11.364  58.423 0.8888890147
49814  42.646  -11.627  58.035 0.8888890147
50846  42.195  -11.733  58.346 0.8888890147
50847  41.758  -11.507  58.448 0.8888890147
49795  41.240  -12.185  58.672 0.8888890147
49848  44.536  -11.602  56.433 0.7777780294
49831  43.864  -11.946  57.043 0.7777780294
48790  43.365  -12.414  57.487 0.8888890147
49813  43.188  -12.015  57.710 0.8888890147
48770  42.720  -12.739  58.152 0.8888890147
49794  41.760  -12.454  58.708 0.8888890147
48811  43.338  -13.074  57.417 0.7777780294
47793  42.940  -13.423  57.793 0.8888890147
49847  45.027  -11.325  56.089 0.7777780294
48829  44.903  -11.771  55.989 0.6666669846
48864  44.559  -12.002  54.762 0.6666669846
50866  41.157  -10.761  58.167 0.7777780294
50879  44.127  -11.209  56.883 0.8888890147
50880  43.596  -10.746  57.367 0.8888890147
50863  43.049  -11.207  57.735 0.8888890147
50864  42.374  -10.936  58.163 0.8888890147
51974  41.586  -9.557  57.973 0.8888890147
51975  41.031  -9.666  57.643 0.7777780294
50894  44.827  -10.821  56.391 0.8888890147
51973  42.373  -9.693  57.983 0.8888890147
49862  45.065  -11.537  55.331 0.6666669846
49861  45.150  -11.285  55.640 0.7777780294
49883  44.971  -11.516  54.683 0.6666669846
52002  44.634  -9.685  56.512 0.8888890147
51987  44.161  -10.446  56.890 0.8888890147
51988  43.485  -9.608  57.358 0.8888890147
54166  41.777  -7.611  57.522 0.8888890147
53041  41.107  -8.830  57.360 0.6666669846
50893  45.230  -10.895  55.884 0.8888890147
53040  41.445  -8.653  57.637 0.8888890147
52001  45.306  -10.208  55.839 0.8888890147
50906  45.362  -10.587  55.339 0.7777780294
54167  41.358  -8.256  57.455 0.5555559993
51989  42.695  -8.741  57.663 0.8888890147
53052  42.617  -7.917  57.642 0.8888890147
54180  41.609  -7.486  57.463 0.5555559993
53065  45.337  -9.221  55.688 0.8888890147
52013  45.606  -9.750  55.091 0.8888890147
50918  45.546  -10.265  54.660 0.7777780294
52003  44.022  -8.842  56.871 0.7777780294
53051  43.308  -8.278  57.328 0.8888890147
56362  42.281  -5.715  56.886 0.5555559993
55306  41.836  -6.523  56.551 0.4444440007
53066  44.680  -8.474  56.282 0.8888890147
53067  43.991  -8.111  56.885 0.7777780294
54165  42.507  -7.069  57.648 0.8888890147
55291  41.966  -6.831  57.304 0.7777780294
55274  42.575  -6.587  57.622 0.7777780294
53084  45.319  -8.312  55.556 0.8888890147
52023  45.815  -9.321  54.385 0.6666669846
52037  45.813  -9.423  53.828 0.6666669846
53103  45.913  -8.697  54.293 0.7777780294
52036  45.885  -9.065  54.208 0.7777780294
54193  43.638  -7.558  57.207 0.7777780294
54178  43.052  -7.199  57.653 0.7777780294
56373  42.080  -5.593  55.925 0.3333329856
54192  44.270  -7.362  56.649 0.8888890147
55290  42.785  -6.680  57.823 0.7777780294
56336  43.006  -5.964  57.959 0.6666669846
56351  42.674  -5.836  57.524 0.7777780294
54208  44.982  -7.660  55.934 0.8888890147
54207  45.464  -7.400  55.192 0.8888890147
54222  45.824  -7.853  54.293 0.7777780294
54236  45.729  -8.118  53.427 0.6666669846
55341  45.704  -6.830  53.743 0.6666669846
55355  45.363  -6.989  52.539 0.5555559993
57421  42.502  -4.764  56.282 0.2222220004
55304  44.328  -6.234  57.087 0.8888890147
55289  43.333  -6.136  57.876 0.7777780294
55272  43.025  -5.951  58.170 0.7777780294
56350  42.810  -5.735  57.889 0.7777780294
57429  42.325  -4.613  55.271 0.1111110002
55319  44.963  -6.714  56.104 0.8888890147
55288  44.142  -5.600  57.565 0.8888890147
57398  43.233  -5.518  57.752 0.7777780294
55329  45.651  -6.487  54.593 0.7777780294
56392  45.774  -5.640  54.169 0.7777780294
54251  45.389  -8.079  52.294 0.5555559993
56405  45.516  -5.786  53.240 0.6666669846
55365  45.258  -7.572  51.853 0.4444440007
55366  45.016  -7.084  51.213 0.2222220004
54282  44.895  -7.930  50.230 0.2222220004
55356  45.136  -6.464  51.926 0.3333329856
55376  44.593  -6.893  49.946 0.2222220004
56426  44.516  -5.911  50.688 0.2222220004
55387  44.408  -6.655  48.759 0.2222220004
56435  44.233  -5.817  49.589 0.2222220004
56436  44.154  -5.693  48.800 0.2222220004
56459  44.218  -5.538  47.536 0.2222220004
57411  42.812  -4.978  57.046 0.3333329856
58448  42.263  -3.529  54.610 0.2222220004
57410  43.184  -5.189  57.529 0.6666669846
55318  45.493  -6.017  55.454 0.8888890147
56361  44.702  -5.455  57.113 0.8888890147
56348  44.565  -4.949  57.330 0.8888890147
57409  43.580  -4.801  57.452 0.7777780294
56382  45.970  -5.252  54.930 0.7777780294
57448  45.954  -4.622  53.780 0.6666669846
57462  45.358  -4.758  52.456 0.5555559993
56406  45.205  -5.870  52.317 0.5555559993
57463  45.061  -5.336  51.948 0.3333329856
57476  44.805  -4.849  51.369 0.3333329856
57490  44.371  -4.812  50.157 0.3333329856
56447  44.173  -5.582  48.269 0.2222220004
59498  42.668  -2.850  55.193 0.4444440007
59487  42.973  -3.473  55.833 0.3333329856
58432  43.057  -4.107  56.382 0.4444440007
58440  42.606  -3.832  55.663 0.2222220004
58423  43.247  -4.498  57.003 0.5555559993
57420  45.742  -4.269  56.375 0.8888890147
57407  45.028  -4.254  57.037 0.7777780294
58420  44.538  -3.736  57.125 0.7777780294
58422  43.543  -4.233  57.090 0.6666669846
58429  46.203  -3.336  56.079 0.8888890147
57428  46.115  -4.290  55.975 0.8888890147
56372  45.886  -4.832  55.828 0.8888890147
57427  46.327  -4.178  55.573 0.8888890147
57436  46.355  -4.350  54.709 0.7777780294
58439  46.403  -3.341  55.681 0.8888890147
57475  45.149  -4.314  51.796 0.3333329856
58419  45.053  -3.619  56.946 0.7777780294
58421  43.919  -3.939  57.231 0.7777780294
59473  43.766  -3.463  56.834 0.6666669846
59486  43.369  -3.096  56.117 0.5555559993
59497  43.050  -2.533  55.358 0.4444440007
58430  45.635  -3.449  56.470 0.8888890147
59496  46.565  -2.475  55.196 0.8888890147
58447  46.556  -3.405  55.027 0.8888890147
58458  46.296  -3.819  53.713 0.6666669846
58472  46.046  -3.717  52.881 0.6666669846
59537  45.814  -2.876  51.675 0.5555559993
59536  46.233  -2.083  51.486 0.5555559993
60580  46.577  -1.383  51.001 0.5555559993
59526  45.974  -3.234  52.256 0.5555559993
60540  43.332  -2.025  55.236 0.6666669846
59485  44.048  -2.735  56.505 0.7777780294
60527  43.867  -2.303  55.911 0.6666669846
59483  45.439  -2.539  56.306 0.8888890147
59482  46.180  -2.533  55.884 0.8888890147
59507  46.679  -2.489  54.488 0.7777780294
59518  46.684  -2.471  53.689 0.7777780294
60563  46.970  -1.600  53.159 0.7777780294
58471  46.418  -3.203  53.439 0.7777780294
59525  46.392  -2.565  52.599 0.5555559993
60570  46.828  -1.342  52.101 0.6666669846
61654  47.024  -0.933  51.479 0.5555559993
61664  47.765  -0.250  50.759 0.4444440007
59484  44.712  -2.583  56.472 0.6666669846
60526  44.494  -2.100  55.969 0.5555559993
60525  45.193  -1.923  55.929 0.7777780294
60524  45.871  -1.875  55.810 0.8888890147
60548  46.845  -1.637  54.647 0.8888890147
60556  47.081  -1.674  53.991 0.7777780294
60569  47.425  -0.923  52.743 0.7777780294
61653  47.623  -0.453  51.859 0.6666669846
61663  48.441  0.177  50.397 0.6666669846
60537  45.684  -1.230  55.466 0.8888890147
60538  44.949  -1.337  55.452 0.7777780294
60536  46.436  -1.415  55.296 0.8888890147
60555  47.392  -0.990  54.226 0.7777780294
60562  47.486  -0.969  53.475 0.7777780294
61646  47.767  -0.302  52.853 0.7777780294
61645  48.199  0.325  52.281 0.6666669846
62696  48.239  0.927  52.386 0.7777780294
61652  48.340  0.325  51.388 0.7777780294
62707  48.621  0.962  51.813 0.7777780294
62718  49.053  0.945  50.824 0.8888890147
62730  49.076  0.412  50.020 0.7777780294
61622  46.110  -0.534  55.161 0.8888890147
61621  46.724  -0.504  54.923 0.8888890147
61630  47.286  -0.310  54.393 0.8888890147
61638  47.569  -0.284  53.617 0.7777780294
62697  47.781  0.462  52.909 0.8888890147
63669  47.528  0.828  53.107 0.8888890147
62662  46.368  -0.033  54.843 0.8888890147
62673  46.852  0.201  54.498 0.8888890147
62684  47.338  0.402  53.714 0.8888890147
63670  47.200  1.069  53.271 0.7777780294
63680  47.739  1.377  52.598 0.7777780294
62674  46.286  0.212  54.372 0.6666669846
62685  46.741  0.604  53.851 0.8888890147
63671  46.617  1.095  53.241 0.6666669846
53011  24.168  -8.303  61.621 0.4444440007
52988  25.693  -8.157  63.150 0.5555559993
53031  26.412  -8.208  59.273 0.2222220004
51932  24.505  -9.605  62.210 0.5555559993
53021  24.403  -8.413  60.665 0.2222220004
49766  28.069  -11.172  61.080 0.4444440007
54140  24.700  -7.968  62.405 0.4444440007
49784  25.686  -11.065  60.090 0.4444440007
47786  24.376  -13.050  59.012 0.1111110002
54151  24.854  -7.836  61.476 0.3333329856
52984  28.979  -8.734  62.705 0.4444440007
54109  28.868  -8.360  62.682 0.4444440007
51946  24.948  -9.926  61.843 0.5555559993
49736  29.587  -10.840  63.067 0.4444440007
51927  30.136  -9.235  62.762 0.4444440007
52983  29.513  -8.814  62.693 0.4444440007
54148  27.732  -7.615  60.955 0.3333329856
54147  28.711  -7.825  60.795 0.3333329856
53032  25.539  -8.527  59.487 0.2222220004
48778  28.550  -12.535  59.925 0.2222220004
47762  30.767  -13.395  61.202 0.2222220004
52995  30.395  -8.804  62.299 0.4444440007
54120  29.593  -8.230  62.230 0.4444440007
47784  29.658  -13.908  59.897 0.2222220004
54146  29.298  -7.988  61.077 0.4444440007
53033  24.649  -8.825  59.659 0.2222220004
46711  30.958  -13.968  60.733 0.2222220004
46708  32.963  -14.399  61.262 0.3333329856
45672  29.559  -15.370  58.030 0.1111110002
48728  33.002  -12.502  61.650 0.4444440007
46691  34.306  -14.117  61.441 0.5555559993
45719  29.152  -15.638  56.399 0.1111110002
45610  35.580  -15.218  61.192 0.5555559993
48726  35.239  -12.887  61.338 0.6666669846
45642  36.253  -16.173  59.363 0.3333329856
46688  37.205  -14.401  61.540 0.6666669846
44663  37.815  -15.770  60.983 0.6666669846
45663  38.365  -16.376  58.518 0.5555559993
46687  37.929  -14.514  61.574 0.6666669846
45595  38.056  -15.286  61.552 0.6666669846
47758  37.330  -13.630  61.343 0.6666669846
48742  36.871  -13.177  61.063 0.6666669846
46704  39.169  -14.872  61.285 0.6666669846
46722  40.350  -14.803  60.728 0.7777780294
47769  40.362  -14.233  60.622 0.7777780294
48775  38.742  -13.025  59.680 0.6666669846
45682  41.888  -14.958  58.248 0.6666669846
48755  41.229  -13.540  59.391 0.8888890147
48771  42.308  -12.890  58.570 0.8888890147
49793  42.533  -12.271  58.223 0.8888890147
49832  43.591  -11.453  57.349 0.8888890147
49792  42.891  -12.465  57.938 0.8888890147
50865  41.740  -10.584  58.291 0.8888890147
51972  42.941  -10.435  57.733 0.8888890147
49882  45.291  -11.016  54.994 0.6666669846
51990  40.737  -9.445  57.313 0.6666669846
53039  42.082  -8.270  57.830 0.8888890147
53083  45.763  -8.690  54.885 0.8888890147
50933  45.701  -10.099  54.021 0.7777780294
50934  45.427  -10.578  53.604 0.6666669846
55320  41.969  -6.581  55.489 0.2222220004
54235  45.935  -8.714  53.897 0.6666669846
55305  43.685  -6.865  57.351 0.8888890147
55273  42.974  -6.207  57.902 0.7777780294
54221  45.963  -8.494  54.044 0.7777780294
56334  43.112  -5.766  58.039 0.7777780294
55303  45.179  -5.691  56.449 0.8888890147
56349  43.909  -5.169  57.608 0.7777780294
54266  45.042  -7.874  50.858 0.3333329856
54296  44.698  -7.758  49.204 0.2222220004
56416  44.895  -5.918  51.606 0.3333329856
57519  44.159  -4.846  48.114 0.2222220004
56477  44.319  -5.857  46.879 0.2222220004
56360  45.212  -4.883  56.805 0.8888890147
56347  44.942  -4.698  57.103 0.7777780294
57408  44.181  -4.473  57.397 0.7777780294
57437  46.020  -4.947  54.442 0.7777780294
58487  45.014  -3.988  51.394 0.3333329856
58431  43.384  -3.919  56.712 0.5555559993
59472  44.283  -3.218  56.922 0.7777780294
56371  46.162  -4.508  55.583 0.8888890147
57447  46.327  -4.070  54.135 0.7777780294
58486  45.459  -3.708  51.966 0.4444440007
59471  44.942  -3.136  56.821 0.7777780294
58457  46.492  -3.412  54.208 0.8888890147
58501  45.246  -3.309  51.102 0.3333329856
61676  47.370  -0.668  50.270 0.4444440007
60547  47.009  -0.948  54.812 0.7777780294
61665  47.156  -0.750  50.858 0.5555559993
63679  48.389  1.434  52.074 0.7777780294
63692  48.892  1.734  51.339 0.8888890147
53012  23.577  -8.721  61.698 0.4444440007
54126  24.893  -8.270  62.725 0.4444440007
50813  24.491  -10.618  61.848 0.4444440007
36971  8.911  -24.593  72.826 0.1111110002
35949  7.799  -25.194  72.198 0.1111110002
36969  10.356  -24.426  72.490 0.1111110002
36972  8.154  -24.442  72.469 0.1111110002
36968  11.240  -24.198  72.245 0.1111110002
36964  10.102  -23.877  73.100 0.1111110002
36973  7.420  -24.678  72.226 0.1111110002
37975  12.791  -23.821  69.651 0.1111110002
50819  33.881  -11.401  60.577 0.5555559993
50834  33.348  -11.042  60.254 0.5555559993
40870  18.171  -19.692  72.687 0.1111110002
37954  13.122  -23.181  71.804 0.1111110002
37956  11.733  -23.534  72.659 0.1111110002
37957  10.927  -23.717  72.945 0.1111110002
37965  13.254  -23.269  70.185 0.1111110002
37960  13.228  -23.272  71.060 0.1111110002
37962  12.036  -23.978  71.914 0.1111110002
37951  9.839  -23.333  73.095 0.1111110002
37974  13.342  -23.290  69.272 0.1111110002
36974  12.138  -24.155  71.001 0.1111110002
39004  14.509  -22.487  68.375 0.1111110002
37985  13.526  -23.221  68.245 0.1111110002
36979  12.220  -24.294  70.079 0.1111110002
39018  14.609  -22.500  67.276 0.1111110002
37984  14.020  -22.941  67.554 0.1111110002
50835  32.422  -10.509  60.367 0.4444440007
41742  18.686  -19.103  73.227 0.2222220004
40863  17.928  -19.385  73.216 0.1111110002
38975  13.310  -22.690  72.451 0.1111110002
37948  12.185  -23.038  73.011 0.1111110002
37949  11.508  -22.958  73.226 0.1111110002
37947  11.139  -22.872  73.298 0.1111110002
37950  10.652  -23.050  73.207 0.1111110002
38971  9.780  -22.749  72.887 0.1111110002
42673  20.214  -18.654  72.907 0.3333329856
38995  13.822  -22.822  69.845 0.1111110002
38985  14.293  -22.349  70.366 0.1111110002
39955  9.259  -22.355  71.600 0.1111110002
38978  9.018  -22.778  72.311 0.1111110002
39003  15.109  -22.116  67.705 0.1111110002
39005  13.965  -22.904  69.056 0.1111110002
38994  14.411  -22.414  69.479 0.1111110002
39017  15.172  -22.107  67.028 0.1111110002
50852  32.905  -10.904  59.631 0.5555559993
50853  32.199  -10.546  59.406 0.4444440007
50836  31.945  -10.188  59.869 0.3333329856
51978  30.707  -10.279  58.411 0.2222220004
51979  29.889  -9.775  58.343 0.2222220004
53042  29.400  -9.343  58.565 0.2222220004
41734  17.838  -19.057  73.445 0.2222220004
40878  17.516  -20.093  71.506 0.1111110002
39941  14.782  -21.238  73.173 0.1111110002
38967  13.206  -22.198  73.269 0.1111110002
38966  13.793  -22.139  72.817 0.1111110002
38969  11.739  -22.350  73.409 0.1111110002
38964  10.786  -22.499  73.053 0.1111110002
38965  10.332  -22.400  72.888 0.1111110002
42665  18.835  -18.472  73.326 0.3333329856
39946  15.012  -21.394  72.366 0.1111110002
39952  14.565  -21.819  71.784 0.1111110002
38980  14.165  -22.318  71.239 0.1111110002
39949  9.663  -22.033  72.244 0.1111110002
39945  10.029  -22.263  72.766 0.1111110002
42663  20.247  -18.278  72.907 0.3333329856
39951  15.189  -21.397  71.480 0.1111110002
39957  14.740  -21.862  70.904 0.1111110002
39966  14.925  -21.945  70.021 0.1111110002
43577  19.816  -17.667  72.909 0.3333329856
40893  17.237  -20.162  70.142 0.1111110002
40895  15.838  -20.951  71.180 0.1111110002
39965  15.621  -21.442  69.579 0.1111110002
39964  16.141  -21.211  68.872 0.1111110002
39973  15.473  -21.730  68.449 0.1111110002
39972  16.230  -21.211  68.050 0.1111110002
39988  15.728  -21.658  67.351 0.1111110002
50851  33.671  -11.105  59.624 0.4444440007
40001  16.221  -21.607  66.521 0.1111110002
49740  21.280  -11.970  63.801 0.2222220004
51977  31.257  -10.494  58.550 0.2222220004
49756  21.275  -11.741  62.821 0.2222220004
51961  31.443  -10.180  59.210 0.2222220004
51980  29.187  -9.635  57.947 0.1111110002
53043  28.545  -9.209  58.140 0.1111110002
40866  15.343  -20.566  73.612 0.1111110002
39935  13.884  -21.049  73.742 0.1111110002
40859  13.796  -20.509  73.752 0.1111110002
40860  13.068  -20.634  73.384 0.1111110002
43578  19.173  -17.972  73.187 0.3333329856
42656  18.166  -18.678  73.396 0.3333329856
39942  13.981  -21.579  73.354 0.1111110002
39943  13.358  -21.602  73.479 0.1111110002
38963  11.594  -22.092  73.379 0.1111110002
39938  11.485  -21.813  73.188 0.1111110002
40869  10.989  -21.674  72.794 0.1111110002
44554  19.681  -17.218  72.683 0.3333329856
50778  22.096  -11.721  66.085 0.2222220004
49714  20.999  -12.331  65.807 0.2222220004
49780  34.561  -11.559  60.290 0.6666669846
49721  21.611  -11.775  65.332 0.3333329856
48703  20.898  -12.777  65.432 0.2222220004
48716  20.921  -12.465  64.036 0.2222220004
49760  36.272  -12.574  60.826 0.6666669846
48734  20.770  -12.544  63.176 0.2222220004
48749  20.736  -12.368  62.162 0.2222220004
48765  20.810  -12.413  61.113 0.1111110002
53055  28.004  -9.911  56.944 0.1111110002
41735  16.865  -19.334  73.640 0.2222220004
41737  15.183  -19.380  74.166 0.2222220004
42654  14.335  -19.476  74.095 0.1111110002
41739  13.519  -19.843  73.574 0.1111110002
41745  13.045  -19.846  73.298 0.1111110002
40865  16.463  -19.906  73.591 0.1111110002
40857  15.571  -19.882  74.051 0.1111110002
40853  14.379  -20.042  74.173 0.1111110002
41740  12.815  -20.323  73.281 0.1111110002
40861  12.046  -20.943  73.186 0.1111110002
43579  18.434  -17.937  73.244 0.3333329856
44555  19.160  -17.242  72.753 0.3333329856
45502  18.638  -17.041  72.490 0.3333329856
45513  18.198  -16.908  72.285 0.3333329856
44590  16.999  -17.158  70.450 0.1111110002
45535  18.172  -16.362  70.747 0.1111110002
44600  17.092  -17.087  69.587 0.1111110002
50869  33.261  -11.142  59.025 0.4444440007
50871  31.776  -10.832  58.450 0.4444440007
45545  18.960  -15.984  69.322 0.1111110002
50833  34.154  -11.210  60.095 0.5555559993
50870  32.587  -10.960  58.838 0.4444440007
44608  19.122  -16.344  68.091 0.1111110002
49722  21.026  -12.148  65.373 0.2222220004
44618  19.394  -16.380  67.426 0.1111110002
48709  20.849  -12.665  64.703 0.2222220004
49778  36.280  -12.239  60.382 0.6666669846
47733  20.565  -13.163  63.896 0.2222220004
45575  20.041  -15.291  65.562 0.1111110002
47751  20.370  -13.228  63.066 0.2222220004
48735  20.409  -12.948  62.496 0.1111110002
53074  26.877  -9.828  56.294 0.1111110002
53075  26.315  -9.783  56.540 0.1111110002
48784  20.943  -12.451  59.860 0.1111110002
53094  26.405  -9.784  55.329 0.1111110002
53095  25.880  -9.945  55.642 0.1111110002
49787  21.246  -11.675  60.657 0.1111110002
52017  25.231  -10.202  56.031 0.1111110002
50926  24.746  -10.516  55.335 0.1111110002
49806  21.423  -11.620  59.729 0.1111110002
49825  21.774  -11.073  59.120 0.1111110002
49826  21.376  -11.930  58.767 0.1111110002
42659  15.483  -18.930  73.871 0.2222220004
42660  14.559  -18.960  73.878 0.1111110002
42668  13.133  -19.282  73.233 0.1111110002
43574  16.126  -18.515  73.477 0.2222220004
43582  15.856  -18.198  73.029 0.2222220004
43583  14.998  -18.449  73.292 0.1111110002
42667  13.797  -18.981  73.464 0.1111110002
44558  16.608  -17.798  72.672 0.1111110002
43600  15.848  -17.752  71.662 0.1111110002
44580  16.412  -17.511  71.795 0.1111110002
43610  15.866  -17.896  70.831 0.1111110002
44611  17.241  -17.042  68.929 0.1111110002
43619  16.490  -17.543  69.726 0.1111110002
51992  30.111  -10.369  57.761 0.2222220004
51993  29.438  -10.184  57.405 0.1111110002
44609  18.598  -16.510  68.505 0.1111110002
51994  28.718  -9.905  57.274 0.1111110002
53056  27.500  -9.568  57.258 0.1111110002
45568  20.190  -15.707  66.516 0.1111110002
46662  20.431  -14.315  65.371 0.1111110002
50912  24.433  -10.451  56.411 0.1111110002
50913  23.983  -10.899  55.778 0.1111110002
50900  23.514  -10.772  56.894 0.1111110002
47726  20.224  -13.833  64.135 0.1111110002
46673  19.856  -14.540  63.914 0.1111110002
47752  20.039  -13.665  62.411 0.1111110002
49854  23.409  -11.100  56.132 0.1111110002
48750  20.298  -12.996  61.688 0.1111110002
47734  20.115  -13.809  63.387 0.1111110002
49855  22.761  -11.340  56.510 0.1111110002
49874  23.359  -11.336  55.357 0.1111110002
49841  22.085  -11.352  57.768 0.1111110002
43601  15.198  -17.964  71.861 0.1111110002
43591  15.156  -18.133  72.624 0.1111110002
42674  14.552  -18.430  72.732 0.1111110002
42675  13.866  -18.709  72.747 0.1111110002
43611  15.362  -18.107  71.033 0.1111110002
42685  13.361  -18.896  71.761 0.1111110002
43620  15.773  -18.020  69.970 0.1111110002
43630  16.033  -17.924  69.041 0.1111110002
43637  17.534  -17.473  67.690 0.1111110002
49779  35.329  -11.806  60.199 0.4444440007
50883  30.664  -10.931  57.451 0.2222220004
45560  20.023  -15.858  67.398 0.1111110002
49797  36.112  -11.985  59.531 0.4444440007
45567  20.652  -15.031  66.432 0.1111110002
49840  22.603  -11.083  57.280 0.1111110002
49875  22.465  -11.864  55.211 0.1111110002
42684  14.150  -18.541  71.905 0.1111110002
42695  14.736  -18.392  71.298 0.1111110002
44598  18.296  -16.382  69.356 0.1111110002
50850  34.320  -11.381  59.512 0.5555559993
50872  31.141  -10.719  58.118 0.2222220004
45582  19.506  -15.594  64.336 0.1111110002
44635  19.770  -16.058  65.907 0.1111110002
48777  36.896  -12.262  59.156 0.4444440007
50868  33.831  -11.300  59.104 0.4444440007
49821  32.888  -11.515  58.462 0.4444440007
50884  29.948  -10.663  57.142 0.2222220004
46663  19.896  -14.749  64.783 0.1111110002
49837  32.575  -11.835  57.823 0.4444440007
49839  31.211  -11.532  57.267 0.3333329856
50910  29.179  -10.930  55.633 0.1111110002
46681  19.796  -14.483  62.911 0.1111110002
46672  20.089  -14.145  64.631 0.1111110002
49836  33.207  -11.856  57.955 0.4444440007
49852  31.669  -11.984  56.697 0.2222220004
50896  30.172  -11.083  56.534 0.2222220004
50911  28.618  -10.630  55.523 0.1111110002
48819  32.927  -12.163  57.439 0.3333329856
49872  30.336  -11.567  55.654 0.2222220004
50924  28.896  -10.797  55.032 0.1111110002
50925  28.447  -10.677  54.837 0.1111110002
49851  32.403  -12.197  57.076 0.2222220004
49873  29.689  -11.317  55.377 0.1111110002
52042  27.762  -10.289  53.976 0.1111110002
50901  22.887  -10.957  57.100 0.1111110002
49871  31.338  -11.931  55.687 0.1111110002
49894  29.292  -11.219  54.881 0.1111110002
50939  28.837  -11.016  54.400 0.1111110002
50940  28.223  -10.776  54.001 0.1111110002
48766  20.286  -13.066  60.632 0.1111110002
49891  31.824  -11.913  54.678 0.1111110002
49892  30.788  -11.833  54.720 0.1111110002
49914  29.396  -11.534  54.090 0.1111110002
50956  28.874  -11.231  53.498 0.1111110002
50941  27.878  -10.444  53.448 0.1111110002
49912  31.123  -11.810  53.749 0.1111110002
49913  30.215  -11.754  53.886 0.1111110002
49932  31.340  -11.646  52.771 0.1111110002
42707  15.042  -18.424  70.107 0.1111110002
42725  15.611  -18.290  68.415 0.1111110002
42708  14.292  -18.957  69.499 0.1111110002
44643  19.534  -16.065  65.224 0.1111110002
44627  19.624  -16.283  66.599 0.1111110002
49798  35.193  -11.742  59.487 0.5555559993
50897  29.440  -10.711  56.519 0.2222220004
53072  27.861  -10.108  56.267 0.1111110002
45600  19.513  -14.975  62.603 0.1111110002
48795  37.392  -12.508  58.395 0.4444440007
49817  35.683  -11.937  58.890 0.4444440007
52006  28.364  -10.275  56.276 0.1111110002
48813  37.942  -12.580  57.383 0.3333329856
49799  34.704  -11.634  59.250 0.5555559993
52015  28.142  -10.434  55.352 0.1111110002
49818  34.985  -11.910  58.654 0.3333329856
49819  34.252  -11.632  58.763 0.4444440007
53092  27.174  -9.742  54.745 0.1111110002
47765  19.934  -13.752  61.333 0.1111110002
49834  34.450  -11.918  58.100 0.4444440007
52028  27.492  -9.942  54.312 0.1111110002
48817  34.145  -12.095  57.456 0.4444440007
48838  33.674  -12.308  56.856 0.3333329856
48854  33.263  -12.366  56.445 0.2222220004
50888  22.375  -10.933  58.028 0.1111110002
49842  21.233  -12.320  57.567 0.1111110002
49870  32.647  -12.293  55.909 0.1111110002
49890  32.942  -11.931  54.471 0.1111110002
49911  32.117  -11.771  53.558 0.1111110002
49948  31.396  -11.394  51.852 0.1111110002
49962  30.543  -11.244  51.371 0.1111110002
48796  36.382  -12.198  58.461 0.4444440007
53073  27.409  -9.972  55.958 0.1111110002
48797  35.604  -12.096  58.235 0.3333329856
48832  39.027  -12.068  56.599 0.2222220004
48833  38.344  -12.243  56.302 0.1111110002
48816  34.982  -12.136  57.637 0.3333329856
47776  19.956  -13.875  60.297 0.1111110002
49850  38.948  -11.773  56.183 0.2222220004
53093  26.852  -9.704  55.082 0.1111110002
53113  26.448  -9.474  54.276 0.1111110002
48853  33.731  -12.271  56.211 0.2222220004
49869  33.808  -11.998  55.316 0.1111110002
49931  32.281  -11.522  52.466 0.1111110002
46696  19.657  -14.599  61.981 0.1111110002
48785  20.299  -13.255  59.508 0.1111110002
49863  39.147  -11.258  55.986 0.2222220004
48803  20.803  -12.817  58.567 0.1111110002
48815  35.919  -12.249  57.518 0.2222220004
48836  35.312  -12.228  56.728 0.3333329856
48837  34.414  -12.243  56.802 0.2222220004
48852  34.631  -12.154  55.985 0.1111110002
49868  34.897  -11.778  55.075 0.1111110002
49910  33.184  -11.499  53.275 0.1111110002
50919  39.416  -10.296  55.310 0.3333329856
48814  36.889  -12.398  57.468 0.2222220004
48835  36.281  -12.276  56.635 0.2222220004
52024  39.912  -9.774  55.093 0.2222220004
48851  35.618  -12.073  55.866 0.1111110002
50908  39.079  -10.872  55.518 0.2222220004
53105  41.032  -8.731  54.570 0.1111110002
53106  40.431  -9.246  54.846 0.1111110002
48848  38.074  -12.013  55.584 0.1111110002
48834  37.282  -12.374  56.522 0.1111110002
54237  41.849  -7.380  53.608 0.1111110002
53124  41.155  -8.383  53.775 0.1111110002
49864  38.540  -11.532  55.478 0.1111110002
49885  38.002  -11.124  54.816 0.1111110002
53104  41.503  -8.128  54.442 0.1111110002
55343  42.087  -6.406  53.362 0.1111110002
52038  39.729  -9.470  54.381 0.1111110002
56407  41.894  -5.519  52.697 0.1111110002
53125  40.207  -8.908  53.726 0.1111110002
53143  40.090  -8.629  52.614 0.1111110002
57449  41.777  -4.300  53.013 0.1111110002
55357  41.745  -6.436  52.328 0.1111110002
57464  41.398  -4.872  52.146 0.1111110002
53142  40.907  -8.243  52.905 0.1111110002
57450  41.274  -3.590  52.664 0.1111110002
53141  41.436  -7.901  53.329 0.1111110002
54267  41.530  -7.001  51.975 0.1111110002
58473  40.793  -3.079  52.330 0.1111110002
59519  41.143  -2.449  52.708 0.1111110002
57465  41.082  -3.958  52.212 0.1111110002
56417  41.553  -5.690  51.919 0.1111110002
60558  41.645  -2.093  53.065 0.2222220004
60564  41.899  -1.740  52.918 0.3333329856
62687  45.346  0.632  53.529 0.5555559993
62688  44.350  0.217  53.562 0.5555559993
61640  42.957  -0.984  53.477 0.4444440007
61634  42.498  -1.661  53.914 0.4444440007
62676  44.898  0.097  54.210 0.5555559993
61632  43.795  -0.507  54.152 0.4444440007
61633  42.917  -1.381  54.268 0.4444440007
57477  41.271  -5.189  51.666 0.1111110002
61648  42.888  -0.829  52.646 0.4444440007
61641  42.439  -1.498  53.517 0.4444440007
63672  46.051  0.947  53.115 0.5555559993
63681  47.025  1.720  52.785 0.7777780294
62729  49.850  0.711  49.980 0.7777780294
62743  49.936  0.226  49.078 0.6666669846
59527  40.382  -2.357  51.895 0.1111110002
58488  40.566  -3.446  51.652 0.1111110002
61639  43.534  -0.329  53.133 0.4444440007
62698  44.797  0.810  52.688 0.5555559993
63683  45.633  1.193  52.665 0.5555559993
63682  46.368  1.579  52.586 0.6666669846
62717  49.658  1.387  50.490 0.7777780294
65832  51.613  3.888  45.699 0.6666669846
65824  52.163  3.422  46.310 0.6666669846
65817  51.514  3.173  47.117 0.6666669846
64808  51.861  2.846  46.826 0.6666669846
64797  51.273  2.670  47.809 0.6666669846
63734  51.292  2.009  48.116 0.5555559993
62752  50.674  0.455  48.081 0.5555559993
61685  50.172  -0.010  48.385 0.5555559993
65841  51.421  3.772  44.561 0.5555559993
62742  50.537  1.078  48.982 0.5555559993
65850  51.178  3.485  43.695 0.6666669846
64856  50.728  2.609  43.145 0.3333329856
66915  53.361  5.030  41.842 0.4444440007
65878  52.599  4.448  42.114 0.5555559993
65863  52.013  4.115  42.605 0.3333329856
64855  51.318  3.479  42.919 0.6666669846
64871  51.454  3.335  42.021 0.5555559993
63820  50.521  1.850  42.184 0.3333329856
60565  41.107  -1.885  52.435 0.1111110002
58474  40.199  -2.889  51.820 0.1111110002
62699  44.002  0.251  52.521 0.5555559993
64747  47.339  2.188  52.177 0.6666669846
64746  48.136  2.088  51.937 0.7777780294
63705  49.288  1.506  50.848 0.7777780294
65825  51.309  3.640  46.722 0.6666669846
65809  51.157  3.071  47.637 0.6666669846
63735  50.792  2.095  48.645 0.6666669846
63719  50.364  1.898  49.602 0.7777780294
64845  50.643  2.966  44.095 0.5555559993
65894  52.603  4.379  41.239 0.3333329856
65879  52.010  3.876  41.675 0.2222220004
64857  50.206  2.187  43.693 0.3333329856
63821  49.925  1.076  42.708 0.2222220004
68137  54.432  5.965  40.618 0.3333329856
64888  51.016  2.551  41.357 0.3333329856
63839  49.946  1.008  41.615 0.1111110002
62813  49.450  0.364  42.235 0.1111110002
62814  48.945  -0.280  41.755 0.1111110002
61747  48.269  -0.620  42.112 0.1111110002
63859  49.746  1.049  40.464 0.1111110002
62828  49.394  0.322  41.135 0.1111110002
62840  49.152  0.450  40.133 0.1111110002
59528  40.081  -2.654  51.538 0.1111110002
64748  46.694  2.123  52.200 0.6666669846
65826  50.421  3.426  47.050 0.7777780294
65810  50.633  3.115  48.252 0.7777780294
64798  50.754  2.624  48.440 0.7777780294
64821  50.558  3.343  46.122 0.5555559993
62728  50.131  1.431  50.058 0.7777780294
64846  49.971  2.297  44.454 0.3333329856
64832  50.624  3.187  45.084 0.5555559993
63795  49.275  1.746  44.650 0.3333329856
66925  53.202  5.048  40.677 0.3333329856
63808  49.536  1.404  43.735 0.1111110002
62789  49.117  1.028  43.583 0.1111110002
62790  48.589  0.951  43.899 0.1111110002
62791  47.539  0.247  43.608 0.1111110002
66924  53.976  5.754  41.103 0.3333329856
64901  51.451  2.922  40.519 0.4444440007
63858  50.103  1.740  39.913 0.1111110002
62800  49.237  0.755  43.182 0.1111110002
62801  48.582  0.087  42.822 0.1111110002
62802  47.821  -0.372  42.777 0.1111110002
61749  46.612  -0.891  42.338 0.1111110002
65902  52.493  4.191  40.232 0.4444440007
65903  51.866  3.437  39.876 0.4444440007
64909  51.245  2.785  39.616 0.1111110002
64902  50.912  2.177  40.260 0.1111110002
64910  50.535  2.246  39.317 0.1111110002
68130  55.223  5.651  40.927 0.3333329856
64921  50.974  2.815  38.910 0.1111110002
64922  50.378  2.682  38.470 0.1111110002
64911  49.907  2.130  38.929 0.1111110002
63873  49.284  1.290  39.096 0.1111110002
65914  50.987  3.198  38.380 0.1111110002
63693  45.936  1.777  52.082 0.4444440007
64799  49.341  3.480  48.167 0.7777780294
65812  49.132  3.706  48.950 0.7777780294
63691  49.130  1.885  51.031 0.7777780294
64809  49.503  3.159  47.337 0.7777780294
65811  49.972  3.638  48.680 0.7777780294
65802  50.247  3.278  48.965 0.7777780294
62716  49.844  1.638  50.394 0.7777780294
64822  49.674  2.827  46.505 0.6666669846
64786  50.380  2.699  49.216 0.7777780294
64773  50.004  2.291  50.049 0.7777780294
63703  50.013  1.805  50.231 0.7777780294
64833  49.637  2.354  45.522 0.3333329856
64834  49.092  2.376  46.119 0.3333329856
63781  48.969  1.841  45.177 0.2222220004
62763  44.804  0.377  46.303 0.2222220004
63809  48.971  1.373  44.248 0.2222220004
63797  48.082  1.490  45.251 0.1111110002
62780  47.635  1.096  44.818 0.1111110002
62772  45.494  0.500  45.390 0.2222220004
62781  46.437  0.459  44.444 0.1111110002
66929  54.590  5.708  39.483 0.3333329856
66930  54.032  5.555  39.914 0.2222220004
66931  53.014  4.769  39.549 0.3333329856
65912  52.241  4.053  39.281 0.3333329856
68136  54.849  5.693  40.029 0.3333329856
65913  51.534  3.431  38.916 0.2222220004
65926  51.460  3.771  37.943 0.2222220004
61649  42.376  -1.267  52.842 0.4444440007
63694  45.261  1.323  51.907 0.5555559993
64749  46.356  1.982  52.128 0.6666669846
59538  40.189  -2.075  51.391 0.1111110002
64760  48.404  2.594  51.254 0.7777780294
65796  49.225  3.343  49.936 0.7777780294
64774  49.411  2.816  50.290 0.7777780294
64759  49.047  2.311  50.956 0.7777780294
65803  49.696  3.313  49.486 0.7777780294
63704  49.504  1.894  50.673 0.7777780294
64823  48.610  2.488  46.661 0.4444440007
64787  49.907  2.766  49.802 0.7777780294
63782  48.464  1.946  45.780 0.3333329856
64824  48.035  2.576  47.084 0.4444440007
63766  48.149  2.160  46.321 0.4444440007
62770  47.209  1.400  45.877 0.2222220004
62771  46.512  1.042  45.553 0.2222220004
66939  54.346  5.560  39.033 0.3333329856
66941  52.647  4.462  38.684 0.3333329856
65925  52.018  4.049  38.488 0.2222220004
66952  51.614  4.147  37.387 0.1111110002
68135  55.244  5.220  39.985 0.3333329856
68143  55.425  5.306  38.723 0.3333329856
66938  55.537  4.821  39.180 0.3333329856
65942  51.100  3.895  37.178 0.1111110002
66937  55.967  4.773  38.273 0.3333329856
65956  50.959  4.064  36.444 0.1111110002
68153  55.887  5.393  37.672 0.3333329856
64763  46.276  2.213  51.752 0.5555559993
64776  47.787  3.192  50.548 0.7777780294
64761  47.561  2.565  51.430 0.7777780294
64800  48.441  3.297  48.382 0.6666669846
65813  48.309  3.603  49.196 0.7777780294
65805  48.272  3.692  49.966 0.7777780294
64775  48.673  3.035  50.671 0.7777780294
64810  48.585  2.963  47.553 0.5555559993
64801  47.622  3.201  48.610 0.7777780294
63769  45.991  1.467  46.979 0.4444440007
62753  45.283  1.143  47.793 0.4444440007
63767  47.471  2.010  46.610 0.2222220004
62760  47.129  1.584  46.256 0.2222220004
62762  45.717  1.143  46.631 0.3333329856
66940  53.598  5.071  38.505 0.3333329856
68144  54.856  5.693  38.771 0.3333329856
68145  54.335  5.690  38.375 0.3333329856
66951  52.355  4.466  37.663 0.2222220004
66950  53.249  5.201  37.269 0.2222220004
68142  55.813  5.168  38.198 0.3333329856
66966  52.435  5.051  36.485 0.2222220004
66967  51.617  4.389  36.781 0.2222220004
61647  43.365  -0.340  52.211 0.4444440007
64762  46.786  2.430  51.626 0.5555559993
64789  46.601  2.810  49.856 0.7777780294
64777  46.875  2.648  50.854 0.7777780294
64788  47.540  3.387  49.508 0.7777780294
63736  46.227  2.379  49.077 0.6666669846
63737  45.702  1.714  48.532 0.5555559993
62731  45.209  1.523  49.117 0.4444440007
63722  44.901  1.327  50.192 0.5555559993
64802  46.863  2.958  48.791 0.6666669846
63751  46.686  2.257  47.803 0.6666669846
62744  45.032  1.255  48.611 0.3333329856
64812  47.136  2.852  48.169 0.6666669846
63752  45.959  1.534  47.438 0.4444440007
64811  47.615  2.717  47.661 0.5555559993
63750  47.211  2.351  47.315 0.4444440007
63768  46.410  1.629  46.947 0.3333329856
68155  54.732  6.003  37.762 0.3333329856
68156  54.010  5.706  37.668 0.2222220004
68154  55.343  5.795  37.809 0.3333329856
66965  53.117  5.401  36.709 0.3333329856
62709  43.795  0.068  51.748 0.5555559993
62708  44.467  0.676  51.622 0.5555559993
63706  45.672  1.966  51.316 0.5555559993
64790  46.256  2.586  50.451 0.5555559993
64778  46.167  2.481  51.046 0.5555559993
63721  45.585  2.067  49.954 0.4444440007
70258  54.072  8.577  31.987 0.2222220004
63707  45.039  1.374  50.921 0.4444440007
63720  46.099  2.441  49.616 0.6666669846
70246  54.286  8.252  32.698 0.2222220004
71138  54.436  8.635  32.035 0.3333329856
41744  17.103  -19.542  73.436 0.1111110002
42657  17.364  -18.764  73.556 0.3333329856
41775  18.065  -19.809  70.454 0.1111110002
40879  16.438  -20.530  71.877 0.1111110002
44556  18.270  -17.380  72.872 0.3333329856
41736  15.876  -19.375  73.918 0.2222220004
40872  16.054  -20.514  72.877 0.1111110002
40873  15.407  -21.001  72.893 0.1111110002
40880  15.658  -20.974  72.121 0.1111110002
42658  16.442  -18.858  73.713 0.3333329856
40909  16.424  -20.682  69.617 0.1111110002
45523  18.223  -16.562  71.577 0.1111110002
45511  19.763  -16.658  71.956 0.3333329856
43573  17.040  -18.374  73.402 0.2222220004
44569  16.885  -17.411  72.178 0.2222220004
43636  18.084  -17.242  67.290 0.1111110002
69273  55.828  6.127  36.960 0.3333329856
69289  55.506  6.775  36.424 0.3333329856
68171  53.713  5.831  36.788 0.1111110002
68183  52.705  5.580  35.813 0.2222220004
69274  55.176  6.329  37.163 0.3333329856
69291  53.909  6.167  36.348 0.1111110002
36965  9.316  -24.001  73.138 0.1111110002
37953  8.478  -23.690  72.785 0.1111110002
37955  12.547  -23.269  72.348 0.1111110002
40864  17.401  -19.614  73.282 0.1111110002
37961  12.655  -23.619  71.458 0.1111110002
38981  13.611  -22.770  71.568 0.1111110002
38986  13.734  -22.800  70.713 0.1111110002
37966  12.741  -23.763  70.576 0.1111110002
41743  17.630  -19.339  73.350 0.1111110002
41733  18.199  -18.977  73.366 0.3333329856
41741  19.470  -19.009  73.096 0.2222220004
40871  17.032  -20.107  72.747 0.1111110002
38974  13.982  -22.265  72.096 0.1111110002
38968  12.335  -22.429  73.366 0.1111110002
39940  9.905  -22.255  72.927 0.1111110002
38977  9.629  -22.444  72.597 0.1111110002
39974  15.011  -22.036  69.190 0.1111110002
39947  14.365  -21.761  72.635 0.1111110002
38961  12.928  -22.056  73.706 0.1111110002
40862  11.408  -21.568  73.048 0.1111110002
43589  20.589  -17.682  72.584 0.3333329856
39956  15.360  -21.413  70.571 0.1111110002
40894  16.534  -20.511  70.766 0.1111110002
40910  15.980  -21.032  70.338 0.1111110002
40942  16.831  -20.762  67.806 0.1111110002
40867  14.521  -20.984  73.730 0.1111110002
40858  14.525  -20.235  74.061 0.1111110002
39936  13.068  -21.343  73.453 0.1111110002
39937  12.225  -21.514  73.387 0.1111110002
40855  13.831  -20.031  73.790 0.1111110002
43572  17.740  -18.299  73.367 0.3333329856
44566  20.126  -17.033  72.391 0.3333329856
40856  16.159  -19.611  73.837 0.1111110002
41730  14.396  -19.804  74.152 0.1111110002
42661  13.837  -19.362  73.756 0.1111110002
41746  12.383  -20.333  73.100 0.1111110002
43580  17.674  -17.874  73.130 0.3333329856
45503  18.184  -17.168  72.633 0.3333329856
45512  19.056  -16.584  71.768 0.1111110002
44568  17.552  -16.970  71.956 0.3333329856
44579  16.877  -17.278  71.380 0.1111110002
49822  32.321  -11.358  58.249 0.4444440007
43575  15.236  -18.612  73.592 0.1111110002
43581  16.842  -18.035  73.086 0.2222220004
43590  15.723  -17.864  72.407 0.1111110002
44557  17.575  -17.427  72.649 0.3333329856
52005  28.961  -10.272  56.726 0.1111110002
49838  31.850  -11.624  57.655 0.3333329856
49853  30.839  -11.600  56.565 0.2222220004
48818  33.475  -12.149  57.427 0.4444440007
48839  33.049  -12.370  56.850 0.2222220004
49893  29.932  -11.624  54.761 0.1111110002
52007  27.857  -10.192  55.797 0.1111110002
62751  51.216  1.302  47.982 0.5555559993
65849  52.030  4.202  43.740 0.5555559993
64872  50.956  2.765  42.316 0.3333329856
63807  50.250  1.745  43.115 0.3333329856
65818  50.960  3.377  47.475 0.7777780294
62741  50.938  1.648  48.394 0.5555559993
64887  51.596  3.218  41.268 0.4444440007
65895  52.024  3.616  40.795 0.4444440007
63838  50.384  1.699  40.965 0.2222220004
65819  50.213  3.599  47.872 0.7777780294
62779  48.239  1.147  44.489 0.1111110002
63796  48.521  1.427  44.782 0.1111110002
61736  47.060  -0.405  42.945 0.1111110002
62792  46.606  0.004  43.551 0.2222220004
63783  47.762  1.558  45.663 0.2222220004
65804  48.912  3.621  49.646 0.7777780294
65797  48.820  3.401  50.184 0.7777780294
62761  46.726  1.455  46.299 0.3333329856
68169  56.265  5.656  36.644 0.3333329856
66949  56.225  4.860  37.276 0.2222220004
65798  48.376  3.392  50.347 0.7777780294
68170  54.364  6.111  37.228 0.3333329856
62719  44.481  0.766  50.514 0.5555559993
69288  56.237  6.524  36.087 0.3333329856
69275  54.737  6.279  37.216 0.3333329856
69290  54.544  6.446  36.617 0.1111110002
45691  33.489  -15.881  57.668 0.1111110002
45715  33.235  -15.836  56.665 0.1111110002
45692  32.384  -15.824  57.643 0.1111110002
45738  32.975  -15.667  55.661 0.1111110002
45689  35.640  -16.039  57.581 0.2222220004
45690  34.584  -15.949  57.641 0.2222220004
45714  34.310  -15.873  56.659 0.2222220004
45736  35.081  -15.683  55.685 0.1111110002
45737  34.030  -15.688  55.692 0.1111110002
45713  35.374  -15.902  56.620 0.2222220004
45758  34.727  -15.451  54.775 0.1111110002
45759  33.704  -15.452  54.747 0.1111110002
45712  36.430  -15.949  56.564 0.3333329856
45735  36.144  -15.733  55.631 0.2222220004
45757  35.771  -15.477  54.755 0.2222220004
45733  38.343  -15.891  55.569 0.3333329856
45711  37.477  -16.050  56.535 0.3333329856
45734  37.243  -15.811  55.543 0.2222220004
45755  38.101  -15.507  54.404 0.2222220004
45756  36.848  -15.539  54.666 0.2222220004
45772  37.308  -15.268  53.861 0.2222220004
46806  38.126  -15.144  53.234 0.2222220004
45710  38.517  -16.084  56.612 0.3333329856
45709  39.565  -16.058  56.769 0.4444440007
46800  38.431  -15.292  53.840 0.2222220004
45686  38.649  -16.253  57.697 0.4444440007
45732  39.371  -15.865  55.751 0.3333329856
45754  39.207  -15.640  54.779 0.3333329856
45731  40.363  -15.781  55.911 0.4444440007
45753  39.978  -15.628  55.135 0.4444440007
48847  43.929  -12.743  55.814 0.6666669846
47830  43.173  -13.446  55.382 0.6666669846
46798  40.203  -15.012  54.264 0.3333329856
48865  43.751  -12.505  54.573 0.5555559993
46799  38.921  -15.233  53.913 0.2222220004
48866  42.979  -12.925  54.370 0.4444440007
46805  39.239  -14.653  53.021 0.2222220004
47847  42.020  -13.095  53.783 0.3333329856
45730  41.037  -15.697  56.368 0.4444440007
47821  43.512  -13.355  56.479 0.6666669846
46793  40.444  -15.455  55.207 0.4444440007
46779  41.433  -15.395  56.429 0.5555559993
46777  42.904  -14.143  56.068 0.5555559993
46791  42.210  -14.369  55.336 0.5555559993
46797  41.305  -14.573  54.679 0.5555559993
46792  41.158  -15.197  55.597 0.4444440007
47831  42.665  -13.878  55.206 0.5555559993
47841  41.385  -14.034  54.169 0.4444440007
47840  42.386  -13.541  54.490 0.4444440007
47848  41.487  -13.481  53.709 0.3333329856
53140  45.531  -8.824  52.702 0.5555559993
54181  41.211  -8.034  57.241 0.4444440007
55307  41.380  -7.269  56.971 0.3333329856
62663  45.899  -0.075  54.813 0.6666669846
60539  44.115  -1.583  55.408 0.4444440007
60541  42.856  -2.204  54.957 0.4444440007
60549  42.926  -1.786  54.711 0.3333329856
60550  42.525  -2.007  54.322 0.3333329856
60551  42.178  -2.174  53.587 0.2222220004
61623  45.475  -0.629  55.047 0.5555559993
62686  46.139  0.542  53.727 0.5555559993
61625  43.544  -1.207  54.843 0.3333329856
61624  44.565  -0.681  54.825 0.3333329856
62665  44.844  -0.246  54.489 0.3333329856
61631  44.500  -0.238  54.356 0.3333329856
62732  44.667  1.015  49.439 0.2222220004
62745  44.618  0.683  48.327 0.2222220004
61673  49.313  0.017  49.337 0.6666669846
66976  52.111  5.179  35.814 0.1111110002
68193  53.266  6.074  35.544 0.1111110002
69313  53.632  6.615  34.943 0.1111110002
69324  53.943  7.344  33.984 0.1111110002
69333  53.677  7.610  33.179 0.1111110002
69325  52.920  6.498  34.148 0.1111110002
70259  53.599  8.558  31.934 0.1111110002
73991  54.989  11.450  25.431 0.1111110002
73043  54.368  10.916  25.432 0.1111110002
46804  39.949  -14.525  53.331 0.2222220004
47839  43.108  -13.119  54.720 0.5555559993
46796  41.847  -14.167  54.666 0.4444440007
47842  40.847  -14.408  54.090 0.2222220004
48831  43.827  -12.732  56.347 0.6666669846
54194  41.529  -7.284  56.110 0.1111110002
59508  42.289  -2.619  54.139 0.3333329856
62675  45.679  0.170  54.261 0.4444440007
60581  46.243  -1.788  50.411 0.4444440007
60557  42.219  -1.875  53.518 0.3333329856
62664  45.296  -0.210  54.624 0.4444440007
62754  44.748  0.567  47.312 0.2222220004
46790  42.761  -13.982  55.520 0.5555559993
47849  40.519  -14.000  53.195 0.3333329856
61674  48.594  -0.162  49.585 0.4444440007
47701  24.636  -13.599  67.761 0.2222220004
46652  24.672  -14.404  67.278 0.3333329856
45565  24.441  -15.022  67.122 0.3333329856
48687  24.445  -13.016  67.440 0.2222220004
47708  24.800  -13.569  66.995 0.2222220004
44617  24.090  -16.757  67.221 0.2222220004
49712  23.697  -12.404  66.379 0.2222220004
48694  24.270  -12.942  66.766 0.2222220004
46653  24.557  -14.700  66.724 0.2222220004
45566  24.220  -15.638  66.776 0.1111110002
48701  24.044  -12.845  65.943 0.1111110002
47716  24.565  -13.614  66.282 0.2222220004
46660  24.877  -14.181  66.589 0.1111110002
46661  24.411  -14.583  66.017 0.1111110002
47717  24.067  -13.622  65.497 0.2222220004
46670  23.759  -14.631  64.943 0.1111110002
47724  23.600  -13.522  64.615 0.1111110002
47694  24.390  -13.689  68.501 0.3333329856
46646  24.533  -14.505  68.166 0.3333329856
48678  24.367  -12.828  68.076 0.3333329856
49705  23.890  -12.373  67.360 0.2222220004
49719  23.543  -12.211  65.553 0.2222220004
48702  23.757  -12.703  65.093 0.2222220004
48708  23.585  -12.564  64.175 0.2222220004
49720  23.582  -11.881  64.654 0.2222220004
48672  23.926  -12.997  68.681 0.3333329856
49689  23.732  -12.291  68.667 0.3333329856
49695  24.002  -12.132  68.268 0.3333329856
50776  23.249  -11.777  66.163 0.1111110002
50775  23.284  -12.106  66.418 0.2222220004
50766  23.289  -12.030  67.071 0.2222220004
50783  23.320  -12.095  65.916 0.2222220004
50784  23.156  -11.608  65.211 0.2222220004
50792  23.271  -11.240  64.020 0.1111110002
49727  23.649  -11.678  63.733 0.2222220004
49738  23.777  -11.523  62.878 0.2222220004
48715  23.488  -12.454  63.220 0.2222220004
46640  24.359  -14.611  68.888 0.3333329856
49690  23.503  -12.261  68.687 0.3333329856
49696  23.295  -11.974  68.209 0.2222220004
49706  23.536  -12.033  67.689 0.2222220004
50767  23.002  -11.794  67.180 0.2222220004
50768  22.452  -11.711  66.971 0.2222220004
50785  22.679  -11.519  65.332 0.1111110002
50786  22.177  -11.452  65.119 0.2222220004
51904  23.040  -11.054  64.068 0.1111110002
51894  22.958  -11.309  64.686 0.1111110002
51895  22.463  -11.319  64.611 0.1111110002
50802  23.463  -10.918  63.155 0.2222220004
49754  24.122  -11.404  62.041 0.2222220004
50837  27.304  -10.961  60.451 0.3333329856
50854  26.424  -11.182  59.836 0.3333329856
48667  22.768  -13.613  69.716 0.3333329856
47686  23.458  -13.664  69.441 0.3333329856
48673  23.313  -12.924  68.877 0.3333329856
47685  24.041  -13.991  69.183 0.3333329856
48680  22.631  -12.666  68.633 0.2222220004
51918  22.696  -10.641  63.225 0.1111110002
51905  22.630  -11.141  63.938 0.1111110002
51917  23.085  -10.585  63.222 0.1111110002
51933  23.557  -9.942  62.486 0.2222220004
50814  23.975  -10.628  62.511 0.4444440007
49753  24.350  -11.197  61.681 0.3333329856
50824  27.416  -10.501  61.190 0.3333329856
50838  26.734  -10.894  60.229 0.3333329856
50839  25.901  -10.732  60.282 0.3333329856
48674  22.543  -13.310  69.401 0.2222220004
48668  22.340  -13.617  69.916 0.3333329856
47695  22.020  -13.280  69.289 0.2222220004
51935  22.276  -10.230  62.684 0.3333329856
51916  27.283  -9.090  62.610 0.4444440007
51929  27.033  -9.539  62.107 0.3333329856
48878  41.097  -13.296  53.183 0.2222220004
51934  22.811  -9.759  62.524 0.3333329856
53002  23.311  -9.085  62.299 0.3333329856
51957  22.318  -9.719  60.913 0.2222220004
48886  40.884  -12.827  52.453 0.2222220004
53003  22.890  -9.175  62.142 0.3333329856
53001  24.261  -8.773  62.352 0.3333329856
51947  22.649  -9.402  61.689 0.3333329856
53018  29.336  -8.302  60.564 0.2222220004
51956  22.785  -9.312  60.862 0.2222220004
54156  28.494  -7.916  60.108 0.1111110002
53029  28.460  -8.292  59.470 0.1111110002
53030  27.359  -8.060  59.170 0.2222220004
48885  41.728  -12.382  52.778 0.1111110002
49927  41.808  -11.884  52.217 0.1111110002
53013  22.996  -8.951  61.693 0.3333329856
48875  43.362  -12.197  53.777 0.2222220004
48876  42.601  -12.478  53.599 0.2222220004
48884  42.244  -12.039  52.774 0.2222220004
48776  37.570  -12.704  59.513 0.5555559993
49796  36.779  -12.322  59.813 0.3333329856
48812  39.098  -12.420  57.332 0.3333329856
48794  38.442  -12.751  58.474 0.2222220004
49849  39.564  -11.433  56.716 0.2222220004
49884  44.449  -11.793  54.272 0.4444440007
49907  43.157  -11.945  53.389 0.3333329856
48793  39.705  -12.649  58.580 0.5555559993
49833  40.080  -11.699  57.641 0.5555559993
50895  39.929  -10.418  56.807 0.3333329856
52004  40.108  -9.904  56.596 0.3333329856
50907  39.613  -10.578  56.113 0.2222220004
52014  40.013  -9.905  55.906 0.2222220004
50920  38.640  -10.618  54.842 0.1111110002
49904  45.410  -10.819  54.257 0.6666669846
48792  40.479  -12.547  58.932 0.5555559993
49816  40.637  -11.776  58.274 0.5555559993
51991  40.315  -9.786  57.116 0.4444440007
50881  40.155  -10.611  57.307 0.3333329856
53054  40.356  -9.522  56.892 0.3333329856
53053  40.698  -9.106  57.063 0.2222220004
53069  40.427  -9.445  56.531 0.2222220004
53122  45.787  -8.934  53.534 0.4444440007
54195  41.213  -7.995  56.469 0.2222220004
63870  55.467  1.804  39.279 0.1111110002
64934  55.524  2.400  37.344 0.1111110002
58459  41.969  -3.660  53.740 0.1111110002
64870  53.378  2.447  43.481 0.2222220004
64854  53.473  2.606  44.392 0.2222220004
63806  52.596  1.487  44.421 0.2222220004
63819  52.902  1.597  42.845 0.2222220004
64900  54.906  3.013  40.969 0.1111110002
64886  53.957  2.736  42.088 0.2222220004
63818  53.434  2.200  42.538 0.2222220004
63835  54.288  2.311  41.281 0.1111110002
64920  55.825  3.229  38.925 0.1111110002
63856  54.637  1.624  40.387 0.1111110002
64933  56.020  2.950  37.849 0.1111110002
63884  55.711  2.108  38.415 0.1111110002
64941  55.756  3.086  37.190 0.1111110002
58449  42.103  -3.033  53.732 0.1111110002
63749  51.665  2.148  47.394 0.4444440007
63764  52.729  2.784  46.046 0.4444440007
63765  52.315  2.387  46.354 0.4444440007
64844  53.467  2.948  45.144 0.4444440007
62759  51.645  1.275  47.004 0.4444440007
61696  51.077  0.309  47.394 0.4444440007
64843  53.566  3.361  44.663 0.4444440007
63779  52.973  2.643  45.714 0.3333329856
64853  53.739  3.264  43.931 0.3333329856
64868  54.287  3.628  42.390 0.2222220004
64869  53.796  3.126  42.996 0.2222220004
65876  55.130  4.249  41.466 0.1111110002
65877  54.897  4.035  41.714 0.2222220004
64899  55.177  3.517  40.926 0.1111110002
65893  55.108  3.690  41.232 0.1111110002
64919  55.983  3.837  38.598 0.1111110002
64907  55.292  3.162  40.163 0.1111110002
65938  56.159  4.258  37.050 0.2222220004
64932  56.095  3.659  38.272 0.1111110002
59509  41.888  -2.499  53.289 0.1111110002
65823  52.655  3.542  45.928 0.4444440007
64820  52.362  3.020  46.397 0.4444440007
65839  53.183  3.734  45.051 0.4444440007
64831  53.169  3.271  45.603 0.4444440007
61698  49.852  -0.604  47.968 0.3333329856
65838  53.422  3.621  44.735 0.4444440007
61697  50.283  -0.562  47.586 0.3333329856
65847  53.440  3.707  44.327 0.4444440007
65860  54.407  4.232  42.304 0.2222220004
65861  53.779  4.072  43.115 0.2222220004
66923  55.325  4.532  40.813 0.1111110002
65911  55.799  4.221  39.028 0.2222220004
65901  55.530  3.988  40.017 0.2222220004
65910  56.068  4.129  38.360 0.2222220004
60594  46.854  -1.209  49.767 0.3333329856
61688  48.216  -0.626  49.240 0.3333329856
60593  47.435  -0.950  49.405 0.3333329856
65831  52.595  3.897  45.701 0.4444440007
61687  48.725  -0.653  48.918 0.3333329856
65830  52.957  3.608  45.743 0.4444440007
61686  49.467  -0.588  48.425 0.3333329856
66900  54.324  4.667  42.250 0.3333329856
68123  55.162  5.155  41.379 0.3333329856
66899  54.632  4.488  42.027 0.3333329856
68122  55.219  4.841  41.185 0.2222220004
66912  55.144  4.561  41.421 0.1111110002
61675  47.761  -0.534  49.739 0.3333329856
65840  52.366  4.169  44.883 0.4444440007
65848  53.032  4.239  44.109 0.4444440007
65862  52.975  4.598  42.956 0.4444440007
66901  53.812  4.818  42.457 0.4444440007
66913  54.799  4.875  41.767 0.3333329856
68299  57.040  5.687  26.134 0.1111110002
45558  24.304  -16.166  67.402 0.2222220004
44616  24.382  -16.762  67.832 0.2222220004
50825  26.475  -10.312  60.914 0.3333329856
49803  25.948  -11.291  59.702 0.3333329856
53017  30.106  -8.838  60.585 0.2222220004
53010  29.531  -8.219  61.273 0.3333329856
49777  37.003  -12.592  60.276 0.5555559993
48760  36.766  -12.738  60.661 0.4444440007
50867  40.611  -10.697  57.786 0.4444440007
51976  40.556  -9.982  57.444 0.5555559993
57438  42.179  -4.511  54.168 0.1111110002
49767  24.537  -11.317  61.163 0.3333329856
54157  27.983  -7.790  60.056 0.1111110002
50777  22.570  -11.671  66.182 0.2222220004
49713  21.488  -12.027  66.175 0.2222220004
48877  41.611  -12.899  53.278 0.2222220004
53068  40.869  -8.806  56.554 0.2222220004
45557  24.433  -15.548  67.740 0.3333329856
48679  23.300  -12.371  68.638 0.2222220004
49697  22.460  -11.968  67.770 0.2222220004
50758  22.809  -11.762  67.544 0.2222220004
51896  22.174  -11.327  64.550 0.1111110002
51919  22.356  -10.854  63.327 0.1111110002
51948  22.178  -9.807  61.850 0.3333329856
49928  41.325  -12.248  52.298 0.1111110002
49906  43.831  -11.738  53.577 0.4444440007
63871  55.086  1.641  39.790 0.1111110002
63805  52.775  1.637  43.877 0.2222220004
63793  53.090  1.992  44.904 0.3333329856
64885  54.503  3.190  41.728 0.2222220004
63837  53.222  1.471  42.246 0.2222220004
64908  55.022  2.280  40.048 0.1111110002
63857  54.168  1.574  40.996 0.1111110002
64819  52.738  3.144  46.035 0.4444440007
63780  52.507  1.747  45.524 0.3333329856
65892  55.300  3.996  41.069 0.1111110002
65924  56.037  3.627  37.301 0.1111110002
65923  56.221  4.046  37.765 0.2222220004
60608  49.302  -1.102  48.056 0.3333329856
60624  49.989  -1.143  47.396 0.2222220004
60610  47.783  -1.183  48.828 0.3333329856
49905  44.857  -11.181  53.589 0.5555559993
49924  44.746  -10.923  52.839 0.4444440007
50950  44.572  -10.711  52.262 0.3333329856
50948  45.574  -10.038  53.329 0.3333329856
50949  45.145  -10.556  52.834 0.3333329856
50966  45.376  -9.976  52.591 0.3333329856
56514  56.065  -5.527  43.214 0.1111110002
55478  56.464  -6.250  42.825 0.1111110002
58590  54.149  -3.893  43.221 0.1111110002
57600  53.643  -4.419  43.979 0.1111110002
57598  55.691  -4.972  43.227 0.1111110002
56516  54.937  -5.416  44.088 0.1111110002
57599  54.694  -4.838  43.703 0.1111110002
57579  53.967  -5.026  44.498 0.1111110002
57601  52.899  -4.086  44.028 0.1111110002
57597  55.993  -5.090  43.027 0.1111110002
56503  53.711  -5.455  45.292 0.1111110002
57580  52.747  -4.968  45.014 0.1111110002
52063  45.261  -9.469  52.065 0.3333329856
58591  53.359  -3.674  43.460 0.1111110002
58577  52.201  -3.964  44.306 0.1111110002
53154  45.240  -8.771  51.787 0.3333329856
58608  53.137  -3.167  43.184 0.1111110002
58593  51.959  -3.339  43.949 0.1111110002
59631  51.805  -2.530  43.594 0.1111110002
58607  53.694  -3.201  42.882 0.1111110002
58592  52.573  -3.273  43.555 0.1111110002
57616  55.467  -4.393  42.799 0.1111110002
57617  54.833  -4.034  42.859 0.1111110002
58578  51.395  -3.473  44.560 0.1111110002
59616  50.690  -2.995  45.051 0.1111110002
59603  50.398  -2.785  45.823 0.1111110002
58579  50.982  -3.595  45.164 0.1111110002
58565  50.701  -3.681  45.624 0.1111110002
60665  51.028  -1.644  44.077 0.1111110002
61726  50.926  -0.651  45.298 0.1111110002
53167  44.800  -8.749  50.350 0.2222220004
59648  52.884  -2.523  42.899 0.1111110002
59615  50.947  -2.495  44.377 0.1111110002
60666  50.613  -1.652  45.117 0.1111110002
61717  50.857  -0.734  45.955 0.1111110002
61716  51.430  0.013  45.618 0.1111110002
61706  51.362  0.179  46.529 0.1111110002
60677  51.598  -1.169  43.466 0.1111110002
61725  51.288  -0.424  44.521 0.1111110002
59649  52.187  -1.755  43.010 0.1111110002
61746  51.903  -0.529  43.151 0.1111110002
61707  50.716  -0.680  46.821 0.2222220004
60686  52.672  -1.412  42.390 0.1111110002
60652  50.407  -1.677  46.236 0.1111110002
62769  51.872  1.106  46.055 0.2222220004
62778  51.893  0.815  45.108 0.1111110002
61735  51.675  -0.217  43.658 0.1111110002
62799  51.946  0.151  43.259 0.1111110002
60639  50.111  -1.494  47.050 0.1111110002
62788  52.004  0.847  44.028 0.1111110002
62798  52.342  0.857  43.131 0.1111110002
61745  52.334  -0.311  42.602 0.1111110002
61760  52.971  -0.722  41.846 0.1111110002
62812  52.961  0.576  42.028 0.1111110002
63794  52.447  1.400  44.817 0.1111110002
60625  49.562  -1.376  47.621 0.2222220004
60626  48.891  -2.046  47.655 0.1111110002
62787  52.344  1.132  43.674 0.1111110002
63836  53.668  1.533  41.608 0.1111110002
57503  44.134  -4.844  49.038 0.2222220004
60609  48.871  -1.324  48.208 0.2222220004
59571  48.204  -2.017  47.943 0.1111110002
59586  47.757  -2.677  47.599 0.1111110002
58540  46.053  -3.185  47.507 0.1111110002
58555  45.632  -3.891  46.430 0.1111110002
57548  45.288  -4.104  46.171 0.1111110002
58554  46.714  -3.574  46.501 0.1111110002
58502  44.784  -3.931  50.625 0.2222220004
58516  44.698  -3.689  49.391 0.2222220004
57518  44.422  -4.109  48.474 0.2222220004
59572  47.350  -2.086  48.166 0.1111110002
59587  46.890  -2.665  47.767 0.1111110002
58541  45.168  -3.776  47.141 0.1111110002
59588  46.333  -2.715  47.994 0.1111110002
59560  46.271  -2.128  49.071 0.1111110002
59561  45.476  -2.747  49.391 0.1111110002
59562  45.109  -3.132  48.927 0.2222220004
60611  46.898  -1.700  48.752 0.1111110002
59574  45.821  -2.758  48.393 0.1111110002
58526  45.108  -3.323  48.216 0.1111110002
59573  46.586  -2.332  48.344 0.1111110002
58525  45.638  -3.051  48.024 0.1111110002
58515  45.154  -3.204  50.224 0.2222220004
59548  46.165  -1.920  50.879 0.2222220004
59549  45.718  -2.443  50.630 0.1111110002
60595  46.083  -2.051  49.841 0.1111110002
66914  54.339  5.324  41.781 0.2222220004
68131  54.744  6.055  41.167 0.2222220004
68124  54.981  5.579  41.572 0.2222220004
68129  55.265  5.046  40.788 0.2222220004
69332  56.294  6.804  32.849 0.2222220004
71162  57.142  8.482  28.798 0.2222220004
66928  55.428  4.645  39.989 0.2222220004
69331  56.359  7.294  32.583 0.2222220004
69321  56.708  7.054  33.478 0.1111110002
70268  56.300  7.693  30.444 0.2222220004
71163  56.274  8.826  29.603 0.2222220004
71175  57.863  8.618  28.223 0.2222220004
71186  58.132  8.535  27.516 0.2222220004
70298  58.355  7.762  27.052 0.1111110002
70244  56.387  7.739  32.961 0.2222220004
68203  56.795  6.506  34.242 0.1111110002
66964  55.956  4.406  36.072 0.1111110002
71154  56.008  8.471  31.037 0.2222220004
70256  56.245  7.693  31.844 0.2222220004
71176  56.926  8.953  28.449 0.2222220004
71187  57.468  8.810  27.677 0.2222220004
70299  57.825  8.415  27.001 0.1111110002
69392  56.114  7.221  27.142 0.1111110002
68190  56.853  6.367  34.923 0.1111110002
68181  56.643  5.603  35.231 0.1111110002
66963  56.310  4.883  36.284 0.1111110002
65939  55.825  3.792  36.610 0.1111110002
68191  56.459  5.673  34.595 0.1111110002
66973  56.492  5.320  35.627 0.1111110002
71188  56.594  8.891  27.865 0.1111110002
70289  54.971  8.554  28.169 0.1111110002
70300  56.928  8.216  27.280 0.1111110002
70301  55.724  8.226  27.685 0.1111110002
70311  57.491  7.825  26.840 0.1111110002
69393  55.026  6.849  27.520 0.1111110002
69391  56.932  7.376  26.876 0.1111110002
69311  56.957  7.226  34.425 0.2222220004
71142  56.106  8.222  32.312 0.2222220004
71143  55.514  8.654  31.771 0.2222220004
72084  55.729  9.487  29.997 0.2222220004
72075  55.801  9.078  30.413 0.2222220004
71155  55.535  8.913  30.949 0.2222220004
70278  52.434  8.099  28.843 0.1111110002
72095  54.941  9.533  28.982 0.1111110002
71178  54.494  9.059  28.708 0.1111110002
71179  53.672  8.568  28.716 0.1111110002
70290  54.141  7.976  28.311 0.1111110002
69300  56.661  7.100  35.254 0.2222220004
68180  56.677  5.952  35.731 0.1111110002
71135  56.239  8.151  33.283 0.2222220004
72076  55.186  9.419  30.536 0.2222220004
72066  55.083  9.007  31.141 0.2222220004
72088  52.446  9.100  29.507 0.1111110002
72089  51.932  8.919  29.470 0.1111110002
72085  55.132  9.797  29.851 0.2222220004
72087  53.242  9.383  29.557 0.1111110002
71165  53.730  9.126  29.090 0.1111110002
71166  52.927  8.743  28.982 0.1111110002
69303  53.955  6.399  35.865 0.1111110002
70215  56.289  7.817  35.163 0.2222220004
69301  55.956  7.329  35.699 0.2222220004
70216  55.601  7.818  35.241 0.2222220004
70217  55.052  7.726  35.183 0.2222220004
70235  56.667  7.916  33.842 0.2222220004
70224  56.635  7.911  34.633 0.2222220004
70225  55.951  8.223  34.706 0.2222220004
71128  56.362  8.251  33.743 0.2222220004
71129  55.955  8.414  33.517 0.2222220004
70245  54.954  8.530  33.091 0.2222220004
71136  55.745  8.408  32.795 0.2222220004
71137  55.031  8.673  32.501 0.2222220004
72077  54.383  9.881  30.362 0.2222220004
72067  54.496  9.424  31.042 0.2222220004
72080  51.949  9.169  29.789 0.1111110002
72068  53.661  9.779  30.939 0.1111110002
72069  52.831  9.560  30.591 0.1111110002
69302  54.820  7.247  35.703 0.1111110002
70226  55.216  7.913  34.717 0.2222220004
70237  55.130  8.171  33.793 0.2222220004
69323  54.730  7.742  34.338 0.1111110002
71144  54.747  8.855  31.638 0.2222220004
71145  53.989  9.088  31.574 0.1111110002
70238  54.242  7.857  33.411 0.1111110002
53166  44.953  -8.765  51.041 0.2222220004
52051  45.580  -9.456  53.031 0.3333329856
57581  51.786  -4.407  45.010 0.1111110002
59630  52.411  -2.779  43.323 0.1111110002
60687  52.100  -1.050  42.882 0.1111110002
58556  45.134  -3.959  46.653 0.1111110002
57549  44.788  -4.392  46.470 0.1111110002
57532  44.561  -4.141  47.605 0.2222220004
59575  45.368  -2.976  48.733 0.2222220004
70277  56.881  7.831  29.348 0.2222220004
71164  55.694  9.559  29.455 0.2222220004
71177  55.696  9.231  28.616 0.2222220004
68288  55.616  6.009  27.029 0.1111110002
70310  58.016  7.668  26.638 0.1111110002
71167  52.116  8.579  29.182 0.1111110002
72094  55.185  9.661  29.266 0.2222220004
72079  52.647  9.494  30.004 0.1111110002
72086  54.318  9.655  29.480 0.1111110002
72078  53.467  9.820  30.165 0.1111110002
70236  56.262  8.315  34.090 0.2222220004
71130  55.399  8.498  33.167 0.2222220004
40891  22.359  -20.213  70.525 0.1111110002
41784  24.808  -20.365  69.597 0.2222220004
41785  24.396  -20.021  69.859 0.2222220004
40890  23.079  -20.387  70.465 0.1111110002
40892  21.898  -20.109  70.582 0.1111110002
40889  23.773  -20.329  70.237 0.1111110002
41803  21.144  -19.901  69.552 0.1111110002
41804  20.329  -19.783  69.095 0.1111110002
41770  22.719  -19.775  71.115 0.1111110002
41771  21.878  -19.834  71.262 0.1111110002
41769  23.467  -19.625  70.633 0.1111110002
41772  20.891  -19.709  71.291 0.1111110002
41787  21.405  -19.910  70.477 0.1111110002
41773  19.880  -19.567  71.057 0.1111110002
41754  23.012  -19.313  71.314 0.1111110002
41755  22.270  -19.221  72.010 0.1111110002
41756  21.169  -19.430  72.076 0.1111110002
41786  24.002  -19.225  70.099 0.2222220004
41757  20.117  -19.570  72.104 0.1111110002
41749  20.107  -19.076  72.768 0.1111110002
42680  23.240  -19.143  71.107 0.1111110002
42704  24.482  -19.060  69.492 0.2222220004
41750  19.276  -19.486  72.651 0.1111110002
41748  21.442  -18.983  72.385 0.1111110002
42682  22.558  -18.526  72.030 0.2222220004
41747  21.931  -19.007  72.375 0.2222220004
42705  23.930  -18.552  69.751 0.2222220004
42693  23.548  -18.835  70.657 0.2222220004
42715  24.659  -18.865  68.775 0.2222220004
44597  23.048  -16.691  69.698 0.2222220004
43598  22.217  -17.842  71.996 0.2222220004
42671  21.891  -18.632  72.368 0.2222220004
43608  23.009  -17.622  70.339 0.2222220004
43597  22.722  -17.947  71.318 0.2222220004
44596  23.831  -16.532  69.262 0.2222220004
43618  23.388  -17.369  69.643 0.2222220004
43607  23.494  -18.091  70.089 0.2222220004
43627  24.242  -17.435  68.851 0.2222220004
44586  22.459  -16.924  70.456 0.2222220004
44576  22.213  -17.311  71.291 0.2222220004
43588  21.431  -17.758  72.294 0.2222220004
44607  24.227  -16.878  68.992 0.2222220004
44606  24.388  -16.579  68.511 0.2222220004
44565  20.943  -16.857  71.919 0.2222220004
44577  21.690  -16.951  71.541 0.2222220004
45540  24.180  -15.484  69.128 0.2222220004
44595  24.345  -16.188  68.950 0.2222220004
45550  24.416  -15.464  68.611 0.2222220004
46603  20.016  -15.856  71.150 0.2222220004
46601  20.819  -15.806  71.339 0.2222220004
45510  20.499  -16.373  71.686 0.2222220004
44567  19.671  -17.077  72.485 0.2222220004
46612  21.212  -15.163  71.011 0.2222220004
46602  20.544  -15.720  71.194 0.2222220004
45521  21.307  -16.074  71.273 0.2222220004
47668  21.564  -14.479  70.780 0.2222220004
46622  21.934  -14.849  70.597 0.2222220004
45532  21.728  -15.960  70.843 0.2222220004
44587  21.998  -16.630  70.847 0.2222220004
46633  23.488  -14.523  69.787 0.2222220004
45530  23.044  -15.237  69.975 0.2222220004
45531  22.349  -15.730  70.326 0.2222220004
45541  23.524  -15.529  69.543 0.2222220004
50815  21.991  -10.721  62.821 0.2222220004
50803  22.013  -11.125  63.453 0.2222220004
50793  21.962  -11.333  64.155 0.1111110002
46632  24.018  -14.771  69.357 0.2222220004
49739  21.773  -11.462  63.650 0.1111110002
47661  20.649  -15.180  71.010 0.2222220004
49708  21.968  -11.933  67.136 0.1111110002
46613  21.008  -14.935  71.111 0.2222220004
47676  22.801  -14.147  70.117 0.2222220004
47669  21.279  -14.338  70.878 0.2222220004
47670  20.747  -14.527  70.773 0.2222220004
47677  22.021  -13.921  70.461 0.2222220004
47678  21.276  -13.958  70.423 0.2222220004
49755  21.835  -11.222  63.004 0.1111110002
49728  21.706  -11.617  64.477 0.1111110002
49769  21.605  -11.109  62.264 0.1111110002
49770  21.119  -11.672  61.712 0.1111110002
46604  19.523  -15.967  71.074 0.1111110002
48681  21.981  -12.542  68.032 0.1111110002
47671  20.356  -14.812  70.503 0.1111110002
48695  21.470  -12.541  66.764 0.1111110002
49698  21.987  -12.135  67.653 0.1111110002
47687  21.937  -13.603  69.921 0.2222220004
47696  21.718  -13.337  68.605 0.1111110002
47688  21.257  -13.923  69.555 0.1111110002
50841  21.819  -10.233  61.004 0.1111110002
50828  21.823  -10.416  62.009 0.1111110002
48696  21.044  -12.681  66.114 0.1111110002
46726  30.101  -14.290  59.988 0.1111110002
46738  29.791  -14.641  59.296 0.1111110002
46750  29.427  -14.911  58.547 0.1111110002
46739  29.059  -14.394  58.786 0.1111110002
50857  22.229  -10.165  59.781 0.1111110002
48781  25.813  -12.026  59.170 0.1111110002
46751  28.509  -14.790  58.131 0.1111110002
48801  25.705  -12.726  58.493 0.1111110002
46763  28.429  -15.169  57.585 0.1111110002
46764  27.676  -14.947  57.398 0.1111110002
47798  25.305  -13.245  57.903 0.1111110002
53023  23.195  -8.883  61.105 0.2222220004
51955  23.185  -9.154  60.462 0.2222220004
47785  29.053  -13.657  59.387 0.1111110002
47795  28.323  -13.835  58.795 0.1111110002
47808  27.458  -14.367  57.809 0.1111110002
48821  26.034  -13.306  57.797 0.1111110002
46752  27.794  -14.550  57.899 0.1111110002
46765  26.654  -14.491  57.043 0.1111110002
47811  24.925  -13.612  57.306 0.1111110002
47810  25.918  -13.864  57.206 0.1111110002
46781  27.086  -15.048  56.640 0.1111110002
53022  23.693  -8.755  60.767 0.2222220004
49800  28.164  -11.824  60.162 0.2222220004
49801  27.768  -11.821  59.729 0.1111110002
49802  26.874  -11.618  59.432 0.1111110002
48798  28.328  -13.075  59.223 0.1111110002
48799  27.672  -12.857  58.850 0.1111110002
48820  26.430  -13.131  58.089 0.1111110002
48800  26.720  -12.541  58.619 0.1111110002
47796  27.530  -13.804  58.215 0.1111110002
47797  26.889  -13.332  58.100 0.1111110002
47809  26.822  -13.931  57.702 0.1111110002
47822  25.908  -14.278  56.833 0.1111110002
47823  25.435  -14.175  56.783 0.1111110002
46782  26.131  -14.686  56.504 0.1111110002
49926  42.904  -11.458  52.483 0.2222220004
49943  42.611  -11.081  51.498 0.1111110002
49925  44.173  -11.162  52.781 0.3333329856
50969  43.303  -10.773  51.311 0.1111110002
50951  43.859  -10.893  52.043 0.1111110002
50986  43.021  -10.531  50.289 0.1111110002
50984  44.507  -9.907  50.800 0.1111110002
50968  44.235  -10.486  51.423 0.1111110002
50985  43.901  -10.341  50.539 0.1111110002
51004  43.651  -10.117  49.710 0.1111110002
52089  44.101  -9.607  49.427 0.1111110002
51005  42.610  -10.161  49.180 0.1111110002
52090  43.543  -9.753  49.056 0.1111110002
52116  43.610  -9.067  47.989 0.1111110002
52102  43.111  -9.560  48.360 0.1111110002
52064  44.893  -9.642  51.331 0.1111110002
51003  44.245  -9.951  50.021 0.1111110002
52088  44.502  -9.351  49.990 0.1111110002
52101  43.973  -9.253  48.656 0.1111110002
53203  43.519  -8.775  46.963 0.1111110002
52117  43.014  -9.159  47.351 0.1111110002
52131  42.443  -8.996  46.667 0.1111110002
52075  45.022  -9.222  51.364 0.1111110002
52076  44.737  -9.295  50.781 0.1111110002
53193  44.049  -8.766  48.116 0.1111110002
53222  43.210  -8.764  46.470 0.1111110002
53229  43.680  -8.451  46.033 0.1111110002
54364  43.876  -8.166  45.427 0.1111110002
54377  44.169  -7.533  45.133 0.1111110002
57550  44.306  -5.236  46.833 0.1111110002
56491  44.454  -5.946  44.887 0.1111110002
54265  45.181  -8.086  51.367 0.1111110002
53180  44.663  -8.615  49.577 0.1111110002
53192  44.466  -8.549  48.662 0.1111110002
53201  44.339  -8.322  47.820 0.1111110002
53220  44.266  -8.263  47.158 0.1111110002
53221  43.926  -8.491  46.643 0.1111110002
54351  44.384  -7.819  46.591 0.1111110002
54352  44.103  -8.178  46.069 0.1111110002
55414  44.514  -7.077  46.992 0.1111110002
55433  44.388  -6.426  46.685 0.1111110002
55432  44.413  -6.965  46.239 0.1111110002
54363  44.281  -7.636  45.791 0.1111110002
57533  44.306  -4.783  47.300 0.1111110002
56476  44.359  -5.789  46.050 0.1111110002
55445  44.358  -6.835  45.418 0.1111110002
54313  44.590  -7.702  48.252 0.1111110002
54330  44.501  -7.733  47.417 0.1111110002
55400  44.506  -6.978  47.786 0.1111110002
55401  44.290  -6.202  48.029 0.1111110002
55415  44.389  -6.354  47.316 0.1111110002
61666  43.996  0.100  50.003 0.2222220004
61677  44.030  0.101  48.968 0.2222220004
61655  43.905  0.083  50.976 0.2222220004
49783  27.297  -11.267  60.017 0.2222220004
48802  24.945  -12.935  58.636 0.1111110002
48779  27.961  -12.488  59.370 0.1111110002
42672  20.857  -18.493  72.623 0.2222220004
48780  26.321  -11.839  59.207 0.1111110002
50967  44.960  -10.175  51.829 0.1111110002
41768  23.896  -19.981  70.274 0.1111110002
41788  20.579  -19.636  70.215 0.1111110002
42681  23.040  -18.792  71.482 0.1111110002
42694  23.189  -18.306  70.851 0.2222220004
43617  23.871  -17.624  69.300 0.2222220004
46623  21.500  -15.470  70.895 0.2222220004
46621  22.783  -14.825  70.185 0.2222220004
49823  27.495  -12.176  59.233 0.1111110002
49824  27.188  -12.264  58.988 0.1111110002
52100  44.382  -9.103  49.239 0.1111110002
53202  43.857  -8.722  47.419 0.1111110002
51962  30.496  -9.564  59.435 0.1111110002
53027  30.256  -9.082  60.007 0.1111110002
51963  29.849  -9.354  58.938 0.1111110002
53028  29.576  -8.928  59.446 0.1111110002
51966  22.860  -9.662  59.839 0.1111110002
53044  27.550  -8.801  58.307 0.1111110002
53045  26.681  -8.708  58.370 0.1111110002
53047  25.001  -9.146  58.721 0.1111110002
53046  25.841  -8.866  58.520 0.1111110002
53034  24.040  -8.885  60.028 0.1111110002
51964  24.088  -9.319  59.452 0.1111110002
51965  23.550  -9.354  59.803 0.1111110002
53087  40.503  -9.391  55.788 0.1111110002
60583  42.629  -1.203  50.968 0.1111110002
60571  42.457  -1.235  51.582 0.1111110002
61656  43.347  -0.418  51.411 0.1111110002
61667  43.323  -0.644  50.603 0.1111110002
60596  43.001  -1.086  50.170 0.1111110002
61678  43.537  -0.629  49.601 0.1111110002
61690  43.605  -0.707  48.622 0.1111110002
61689  44.108  -0.025  47.957 0.1111110002
61699  44.121  -0.067  46.971 0.1111110002
61727  45.855  -0.072  43.814 0.1111110002
61708  44.147  -0.171  46.054 0.1111110002
62782  45.538  0.139  44.511 0.1111110002
48748  24.123  -12.110  61.202 0.2222220004
61718  44.899  -0.038  44.864 0.1111110002
61657  42.752  -0.923  51.787 0.1111110002
60582  42.980  -0.985  50.568 0.1111110002
60584  41.612  -1.613  50.808 0.1111110002
69346  55.983  6.806  32.046 0.1111110002
69345  56.247  7.326  32.095 0.1111110002
70269  56.069  7.148  31.285 0.1111110002
68247  56.017  5.777  30.250 0.1111110002
68258  56.606  5.265  29.592 0.1111110002
68272  57.814  5.535  28.609 0.1111110002
67038  57.353  4.637  29.119 0.1111110002
70257  56.185  7.294  31.834 0.1111110002
69356  56.103  6.749  30.513 0.1111110002
69367  56.569  6.658  29.683 0.1111110002
68257  57.250  5.990  29.062 0.1111110002
65065  59.326  2.775  22.964 0.1111110002
69366  57.290  7.062  29.065 0.1111110002
69380  57.936  6.751  28.522 0.1111110002
68286  58.869  5.454  27.457 0.1111110002
68271  58.431  5.779  28.023 0.1111110002
68285  59.177  5.685  26.928 0.1111110002
67051  59.111  4.698  27.334 0.1111110002
67050  59.476  4.899  26.723 0.1111110002
66021  59.545  4.328  26.471 0.1111110002
66024  59.618  4.014  25.910 0.1111110002
66047  59.733  3.737  24.357 0.1111110002
66060  59.748  3.472  23.443 0.1111110002
66070  59.732  3.443  22.461 0.1111110002
70276  57.626  7.851  28.688 0.1111110002
69390  58.789  6.544  27.213 0.1111110002
69379  58.433  6.956  27.918 0.1111110002
68297  59.386  5.715  26.312 0.1111110002
67061  59.650  4.999  26.026 0.1111110002
66034  59.695  4.131  25.036 0.1111110002
67094  59.759  4.600  24.265 0.1111110002
66046  59.932  4.171  23.665 0.1111110002
66059  60.047  4.057  22.897 0.1111110002
66082  59.608  3.561  21.479 0.1111110002
66093  59.443  3.854  20.361 0.1111110002
66106  59.351  4.187  19.657 0.1111110002
66107  59.064  3.870  19.577 0.1111110002
71174  58.277  8.281  27.816 0.1111110002
70287  58.398  7.661  27.606 0.1111110002
69389  59.027  6.157  26.901 0.1111110002
69399  59.052  6.214  26.638 0.1111110002
68309  59.239  5.805  25.435 0.1111110002
67076  59.652  4.894  25.167 0.1111110002
68324  59.734  5.038  23.583 0.1111110002
67113  59.961  4.625  23.205 0.1111110002
67133  59.975  4.648  22.449 0.1111110002
66081  59.746  4.215  21.135 0.1111110002
66092  59.658  4.332  20.609 0.1111110002
67190  58.752  4.193  18.983 0.1111110002
67211  58.422  4.720  18.413 0.1111110002
68408  58.105  5.365  17.865 0.1111110002
67212  57.415  4.723  18.363 0.1111110002
67213  56.297  4.800  18.445 0.1111110002
71185  58.290  8.159  27.502 0.1111110002
69400  58.615  6.762  26.548 0.1111110002
69409  59.098  6.275  26.133 0.1111110002
68325  59.375  5.447  24.266 0.1111110002
68340  59.804  5.157  22.819 0.1111110002
68358  59.676  5.118  21.987 0.1111110002
67170  59.631  4.733  20.712 0.1111110002
67153  59.787  4.670  21.602 0.1111110002
67188  59.576  4.656  19.626 0.1111110002
67189  59.311  4.382  19.184 0.1111110002
68423  57.830  6.089  17.413 0.1111110002
67214  55.105  4.781  18.486 0.1111110002
67215  53.917  4.653  18.304 0.1111110002
68407  59.000  5.360  18.038 0.1111110002
68409  57.053  5.420  17.825 0.1111110002
68410  55.919  5.485  17.865 0.1111110002
68411  54.763  5.438  17.786 0.1111110002
68373  59.479  5.135  21.087 0.1111110002
67187  59.720  4.923  20.067 0.1111110002
68405  59.759  5.629  19.087 0.1111110002
68412  53.658  5.354  17.665 0.1111110002
68413  52.779  5.355  17.643 0.1111110002
67228  52.122  4.867  17.559 0.1111110002
68406  59.570  5.568  18.581 0.1111110002
68422  58.741  6.058  17.594 0.1111110002
68424  56.782  6.184  17.464 0.1111110002
68425  55.661  6.193  17.474 0.1111110002
68426  54.533  6.086  17.390 0.1111110002
69478  59.444  6.624  18.371 0.1111110002
69490  59.135  6.826  17.743 0.1111110002
69493  56.603  6.942  17.279 0.1111110002
70405  58.823  7.531  17.591 0.1111110002
69491  58.485  6.835  17.379 0.1111110002
69492  57.620  6.899  17.244 0.1111110002
69459  59.472  6.139  19.922 0.1111110002
69467  59.725  5.923  19.356 0.1111110002
69477  59.736  6.110  18.876 0.1111110002
69468  59.468  6.708  19.077 0.1111110002
70372  59.271  7.223  18.462 0.1111110002
69494  55.502  6.864  17.351 0.1111110002
70407  57.499  7.739  17.210 0.1111110002
71288  58.635  7.966  17.475 0.1111110002
71289  58.338  8.533  17.416 0.1111110002
69469  58.892  7.227  19.352 0.1111110002
70374  58.434  7.998  19.160 0.1111110002
70389  58.925  8.290  18.165 0.1111110002
70373  58.922  7.852  18.582 0.1111110002
71258  58.493  8.856  18.888 0.1111110002
70388  59.173  7.701  18.020 0.1111110002
71273  58.813  8.102  17.686 0.1111110002
70408  56.477  7.719  17.322 0.1111110002
71240  58.039  8.849  19.627 0.1111110002
71257  58.693  8.815  18.366 0.1111110002
72169  58.212  9.689  19.245 0.1111110002
72194  58.441  9.412  17.863 0.1111110002
71291  56.349  8.596  17.623 0.1111110002
73113  57.809  10.184  18.420 0.1111110002
72196  57.176  9.342  17.688 0.1111110002
72182  57.357  9.937  18.010 0.1111110002
73114  56.887  10.385  18.519 0.1111110002
73112  58.229  9.956  18.640 0.1111110002
73084  57.124  10.957  20.302 0.1111110002
73099  56.961  10.842  19.341 0.1111110002
69357  55.682  6.301  31.050 0.1111110002
70288  58.238  7.798  28.186 0.1111110002
67093  59.837  4.599  23.683 0.1111110002
66069  59.973  4.094  22.010 0.1111110002
65092  59.165  3.047  21.014 0.1111110002
67171  59.633  4.509  20.263 0.1111110002
67210  59.209  4.765  18.589 0.1111110002
69410  58.771  6.354  25.929 0.1111110002
68310  58.786  5.923  25.301 0.1111110002
68326  58.964  5.844  24.543 0.1111110002
68397  59.671  5.063  18.986 0.1111110002
67209  59.561  4.865  18.961 0.1111110002
68421  59.329  6.078  17.963 0.1111110002
69458  59.618  5.669  19.720 0.1111110002
68396  59.679  5.346  19.577 0.1111110002
68428  52.234  5.641  17.422 0.1111110002
70406  58.311  7.605  17.293 0.1111110002
71290  57.350  8.625  17.392 0.1111110002
72195  57.921  9.574  17.652 0.1111110002
70359  57.910  7.774  19.667 0.1111110002
71274  58.788  8.664  17.944 0.1111110002
72181  58.520  9.435  18.269 0.1111110002
73098  57.815  10.346  19.391 0.1111110002
40905  23.399  -21.007  69.939 0.1111110002
41802  25.012  -19.637  69.197 0.1111110002
43616  24.265  -18.237  69.076 0.1111110002
42731  23.606  -18.658  66.815 0.1111110002
42724  24.213  -18.646  67.435 0.1111110002
42723  24.563  -18.729  68.085 0.1111110002
43634  24.206  -17.723  67.701 0.1111110002
43626  24.296  -17.782  68.404 0.1111110002
43635  23.726  -17.679  67.051 0.1111110002
47731  23.275  -13.533  63.609 0.1111110002
47764  23.433  -13.150  61.473 0.1111110002
48733  23.644  -12.310  62.238 0.1111110002
47749  23.194  -13.421  62.531 0.1111110002
47732  23.044  -14.038  62.927 0.1111110002
46641  21.193  -14.134  68.817 0.1111110002
47689  20.801  -14.240  69.709 0.1111110002
45773  36.352  -15.229  53.895 0.1111110002
47850  39.791  -14.339  52.926 0.1111110002
46816  38.959  -14.413  52.278 0.1111110002
47854  39.393  -14.114  52.171 0.1111110002
47853  39.998  -13.377  51.852 0.1111110002
46807  36.886  -14.909  53.102 0.1111110002
40903  24.852  -20.822  69.576 0.1111110002
41816  25.354  -20.214  68.949 0.1111110002
41817  25.145  -19.723  68.424 0.1111110002
41818  24.785  -19.587  67.691 0.1111110002
43644  23.077  -17.730  66.207 0.1111110002
46817  38.362  -14.550  51.996 0.1111110002
36966  8.605  -24.039  73.009 0.1111110002
36967  8.284  -23.984  72.725 0.1111110002
37946  11.175  -22.562  73.203 0.1111110002
37952  9.083  -23.497  73.001 0.1111110002
37959  7.717  -24.292  72.265 0.1111110002
38962  12.270  -21.956  73.609 0.1111110002
38970  10.242  -22.894  73.104 0.1111110002
38976  12.753  -22.796  72.992 0.1111110002
39939  10.717  -22.110  72.856 0.1111110002
39944  10.348  -21.886  72.639 0.1111110002
39948  10.212  -21.791  72.466 0.1111110002
39950  9.166  -22.460  71.963 0.1111110002
40854  14.232  -19.979  74.029 0.1111110002
41731  14.175  -19.724  74.039 0.1111110002
41732  13.788  -19.961  74.076 0.1111110002
41738  13.960  -19.557  73.881 0.1111110002
41753  23.185  -19.377  71.051 0.1111110002
42655  14.137  -19.471  74.028 0.1111110002
42662  13.412  -19.549  73.444 0.1111110002
42664  19.588  -18.601  73.104 0.3333329856
42666  14.450  -18.694  73.405 0.1111110002
42683  14.720  -18.217  72.095 0.1111110002
42706  15.430  -18.272  69.792 0.1111110002
42716  15.484  -18.293  69.359 0.1111110002
43576  14.804  -18.654  73.644 0.1111110002
43599  16.281  -17.608  71.276 0.1111110002
43609  16.379  -17.582  70.602 0.1111110002
43621  15.499  -18.123  70.464 0.1111110002
43629  16.721  -17.516  68.797 0.1111110002
43647  17.704  -17.636  66.734 0.1111110002
44559  16.125  -17.889  72.640 0.1111110002
44570  16.251  -17.656  72.279 0.1111110002
44578  17.567  -16.793  71.113 0.1111110002
44589  17.606  -16.753  70.247 0.1111110002
44610  17.788  -16.900  68.589 0.1111110002
44619  18.686  -16.816  67.506 0.1111110002
44620  18.115  -16.967  67.898 0.1111110002
44661  38.863  -15.707  61.139 0.6666669846
44672  39.176  -15.669  60.896 0.6666669846
44676  36.773  -16.111  60.215 0.4444440007
44707  37.264  -16.386  58.977 0.4444440007
45501  19.135  -16.898  72.301 0.3333329856
45509  20.957  -16.060  71.465 0.2222220004
45542  22.792  -15.970  69.883 0.2222220004
45574  20.570  -14.759  65.886 0.1111110002
45583  19.106  -16.240  64.033 0.1111110002
45605  39.948  -15.135  60.822 0.6666669846
45606  39.300  -15.379  61.052 0.6666669846
45608  37.972  -15.380  61.299 0.6666669846
45659  41.740  -14.733  58.607 0.6666669846
46611  21.538  -14.721  70.804 0.2222220004
46766  26.162  -14.341  56.880 0.1111110002
47662  20.406  -15.145  70.794 0.2222220004
47740  37.762  -13.969  61.513 0.6666669846
48688  21.767  -12.521  67.424 0.1111110002
48714  30.942  -11.464  62.436 0.4444440007
48723  38.155  -13.919  61.468 0.6666669846
48724  36.721  -13.444  61.286 0.6666669846
48791  43.114  -12.764  57.750 0.8888890147
48845  45.022  -11.691  55.650 0.6666669846
49707  22.393  -11.769  67.340 0.1111110002
49729  21.174  -12.037  64.634 0.2222220004
49768  24.266  -11.496  61.540 0.3333329856
49775  41.315  -13.098  59.216 0.8888890147
49812  43.518  -12.248  57.340 0.8888890147
49820  33.545  -11.578  58.589 0.4444440007
49835  33.854  -11.831  58.021 0.4444440007
50759  22.600  -11.720  67.436 0.2222220004
50769  21.727  -11.774  66.718 0.2222220004
50832  34.740  -11.482  59.908 0.5555559993
50849  34.732  -11.570  59.606 0.5555559993
50855  26.228  -11.012  60.013 0.3333329856
50882  31.332  -11.105  57.766 0.3333329856
50898  28.865  -10.570  56.150 0.1111110002
50909  29.788  -11.093  55.930 0.2222220004
51912  30.193  -9.698  62.825 0.4444440007
52016  27.605  -10.148  55.114 0.1111110002
52022  45.890  -8.959  54.436 0.7777780294
52027  27.925  -10.409  54.598 0.1111110002
52997  29.396  -8.576  62.599 0.4444440007
53019  28.789  -7.983  60.196 0.1111110002
53102  45.935  -8.843  54.181 0.7777780294
53121  45.987  -9.010  53.978 0.7777780294
53123  41.616  -7.938  53.857 0.1111110002
54134  29.831  -8.301  62.038 0.4444440007
54135  29.394  -8.003  61.697 0.4444440007
54179  42.501  -7.320  57.683 0.8888890147
54223  41.841  -7.603  54.270 0.1111110002
54281  44.962  -8.305  50.741 0.1111110002
55292  41.501  -7.399  57.274 0.5555559993
55330  42.326  -6.125  54.075 0.1111110002
55342  42.302  -5.962  53.776 0.1111110002
55388  44.225  -6.038  48.477 0.2222220004
56335  42.965  -5.766  58.164 0.7777780294
56381  46.196  -4.613  55.342 0.8888890147
57399  43.184  -5.742  57.910 0.7777780294
57419  46.192  -3.853  56.084 0.8888890147
57504  44.112  -5.226  48.571 0.2222220004
59474  43.542  -3.681  56.732 0.5555559993
60523  46.192  -1.912  55.686 0.8888890147
60535  46.782  -0.915  55.046 0.8888890147
61626  43.123  -1.547  54.770 0.5555559993
61658  42.466  -1.133  52.324 0.3333329856
61668  42.999  -0.787  51.180 0.1111110002
61737  46.218  -0.492  43.110 0.2222220004
61762  47.897  -0.883  41.432 0.1111110002
62677  44.355  -0.049  54.135 0.3333329856
63872  49.918  1.895  39.338 0.1111110002
68172  53.076  5.551  36.365 0.3333329856
68385  59.596  5.364  20.201 0.1111110002
73127  58.299  9.844  18.217 0.1111110002
73128  58.110  9.879  17.852 0.1111110002
