#!ascii label  , from subject  vox2ras=TkReg coords=orig
243
66513  18.917  3.165  -14.021 1.0000000000
66501  18.897  3.178  -13.526 1.0000000000
64500  19.675  1.882  -13.650 1.0000000000
67622  18.476  4.542  -13.774 0.8750000000
66514  18.657  3.913  -14.267 1.0000000000
65535  19.781  2.753  -15.262 1.0000000000
65520  19.617  2.378  -14.585 1.0000000000
68845  18.070  5.269  -14.160 1.0000000000
66528  19.333  3.496  -15.149 1.0000000000
67636  18.446  4.665  -14.519 1.0000000000
66527  19.900  2.969  -15.581 1.0000000000
65550  21.482  2.250  -16.525 1.0000000000
65534  20.385  2.252  -15.661 1.0000000000
68857  18.275  5.278  -15.190 1.0000000000
66546  20.122  3.427  -16.193 1.0000000000
66547  19.497  4.132  -15.933 1.0000000000
68856  18.780  5.092  -15.647 1.0000000000
67666  20.576  4.144  -16.849 1.0000000000
65551  20.723  2.777  -16.407 1.0000000000
66558  21.225  4.161  -17.133 1.0000000000
66545  21.122  3.395  -16.862 1.0000000000
69869  17.564  6.734  -14.748 0.8750000000
70784  17.532  7.539  -15.075 1.0000000000
68858  17.692  6.186  -15.181 1.0000000000
68873  19.719  5.128  -16.560 1.0000000000
68874  19.125  5.405  -16.224 1.0000000000
67683  20.850  4.723  -17.239 1.0000000000
67684  20.368  4.709  -16.893 1.0000000000
66557  21.717  3.923  -17.191 0.8750000000
72566  17.015  9.417  -15.180 0.6250000000
71695  17.394  8.452  -15.483 0.6250000000
70804  17.703  7.590  -15.707 1.0000000000
69913  19.781  6.347  -17.262 1.0000000000
70816  19.402  6.807  -17.272 1.0000000000
69894  18.571  6.560  -16.333 1.0000000000
68897  20.118  5.401  -16.991 1.0000000000
68898  19.590  5.889  -16.809 1.0000000000
68896  21.083  5.458  -17.679 0.8750000000
67682  21.775  4.620  -17.547 0.8750000000
71724  17.828  9.024  -17.063 1.0000000000
71709  17.684  8.456  -16.432 1.0000000000
70832  19.725  7.224  -17.877 1.0000000000
71708  18.240  7.877  -16.821 1.0000000000
70818  18.149  7.424  -16.357 1.0000000000
70852  19.919  7.891  -18.345 1.0000000000
69911  21.323  6.258  -18.179 1.0000000000
69912  20.478  6.350  -17.819 1.0000000000
69930  20.790  6.762  -18.417 1.0000000000
72582  16.749  10.291  -15.560 0.8750000000
72603  16.830  10.228  -16.178 1.0000000000
73519  18.735  10.818  -17.841 1.0000000000
72602  17.410  9.732  -16.718 1.0000000000
72616  20.503  9.704  -18.782 1.0000000000
72600  18.948  9.191  -17.726 1.0000000000
71736  20.916  8.600  -19.053 1.0000000000
71737  20.170  8.589  -18.517 1.0000000000
71722  19.395  8.364  -17.982 1.0000000000
70850  21.450  7.728  -18.890 1.0000000000
69928  21.828  7.231  -18.607 0.8750000000
74455  19.029  11.764  -18.432 1.0000000000
73545  19.281  10.530  -18.259 1.0000000000
113817  20.554  13.991  -18.963 0.8750000000
113811  20.310  13.188  -19.221 1.0000000000
73544  19.892  10.966  -18.898 1.0000000000
73543  20.884  10.714  -19.309 1.0000000000
113818  21.194  13.598  -19.485 1.0000000000
113803  20.932  13.009  -19.508 1.0000000000
113799  21.064  12.197  -19.537 1.0000000000
113798  20.761  12.380  -19.523 1.0000000000
73561  20.755  11.725  -19.480 1.0000000000
113816  21.222  13.577  -19.314 1.0000000000
113812  20.930  13.300  -19.542 1.0000000000
65533  20.950  1.972  -16.131 1.0000000000
72581  16.992  9.377  -15.898 0.8750000000
64485  20.115  1.192  -13.160 1.0000000000
64513  19.851  1.773  -14.253 1.0000000000
64512  20.188  1.583  -14.805 1.0000000000
64526  21.137  1.542  -15.969 1.0000000000
66544  22.229  3.374  -17.074 0.8750000000
67681  22.368  4.989  -17.707 0.8750000000
67664  22.808  4.324  -17.514 0.8750000000
69909  23.351  6.518  -17.757 0.8750000000
74444  16.996  11.635  -16.441 0.6250000000
69910  22.261  6.592  -18.256 0.8750000000
72615  21.338  9.705  -18.975 1.0000000000
73542  21.797  10.997  -19.141 1.0000000000
78485  22.270  14.952  -19.652 1.0000000000
77411  21.694  13.503  -19.397 1.0000000000
113802  21.352  12.596  -19.428 1.0000000000
65519  20.049  2.062  -15.016 1.0000000000
66529  18.801  4.281  -14.880 1.0000000000
67648  18.593  4.698  -15.029 1.0000000000
68846  17.662  5.957  -14.488 1.0000000000
67647  18.990  4.634  -15.504 1.0000000000
67668  19.381  4.682  -16.048 1.0000000000
67667  19.851  4.603  -16.497 1.0000000000
70770  17.707  7.320  -14.558 0.6250000000
69887  17.642  6.873  -15.313 1.0000000000
68875  18.147  6.076  -15.748 1.0000000000
68876  17.798  6.466  -15.511 1.0000000000
67665  22.144  4.046  -17.376 0.8750000000
70831  20.380  6.947  -18.253 1.0000000000
69893  19.236  6.387  -16.819 1.0000000000
70817  18.849  7.301  -17.064 1.0000000000
68895  21.962  5.540  -17.935 0.8750000000
71723  18.463  8.425  -17.326 1.0000000000
70833  19.089  7.808  -17.590 1.0000000000
70851  20.536  7.531  -18.665 1.0000000000
69929  21.352  6.970  -18.628 1.0000000000
73499  16.625  11.032  -16.021 0.7500000000
73521  17.091  10.813  -16.630 1.0000000000
73520  17.840  10.709  -17.216 1.0000000000
72601  18.259  9.674  -17.419 1.0000000000
72618  19.021  9.975  -17.791 1.0000000000
72617  19.629  9.617  -18.234 1.0000000000
74456  18.414  11.625  -17.514 1.0000000000
73518  19.218  11.200  -18.513 1.0000000000
74474  19.845  12.269  -19.246 1.0000000000
74454  19.380  11.615  -18.900 1.0000000000
113809  21.312  13.294  -19.433 1.0000000000
64499  20.078  1.277  -13.985 1.0000000000
74457  17.592  11.514  -16.881 0.8750000000
75403  17.429  11.936  -16.634 0.8750000000
75402  17.966  12.123  -16.954 1.0000000000
78486  20.924  14.710  -19.568 1.0000000000
77410  22.471  13.962  -19.267 1.0000000000
61404  20.212  -1.662  -11.929 0.7500000000
60344  21.403  -2.604  -13.652 0.7500000000
62444  20.238  -0.841  -11.373 0.7500000000
60345  20.860  -1.886  -13.322 0.7500000000
62457  20.330  -0.789  -12.450 0.7500000000
63459  20.309  -0.388  -11.988 0.7500000000
61436  21.142  -1.436  -13.908 0.7500000000
61437  20.756  -1.369  -13.428 0.7500000000
63470  20.314  1.069  -12.466 0.7500000000
63469  20.329  0.188  -12.691 0.7500000000
61450  21.572  -1.370  -14.417 0.7500000000
62472  20.973  -0.966  -14.047 0.7500000000
62484  21.322  -0.727  -14.586 0.7500000000
63484  20.386  0.468  -13.659 0.8750000000
62483  21.896  -0.894  -14.963 0.7500000000
62485  20.681  -0.008  -14.241 0.7500000000
63495  20.932  0.266  -14.849 0.8750000000
63509  21.891  0.337  -15.806 0.7500000000
63511  20.624  0.909  -15.036 0.8750000000
63524  22.208  0.812  -16.339 0.8750000000
63525  21.615  0.938  -16.032 0.8750000000
64541  22.455  1.506  -16.641 0.8750000000
65549  22.821  2.362  -16.973 0.7500000000
66543  23.371  3.260  -17.290 0.7500000000
67663  23.958  4.077  -17.321 0.6250000000
68871  24.478  4.841  -17.127 0.6250000000
68893  23.928  5.697  -17.282 0.6250000000
68894  22.892  5.514  -17.670 0.7500000000
70829  23.768  7.331  -17.972 0.6250000000
70830  23.006  7.184  -18.247 0.7500000000
79468  21.035  15.410  -19.359 0.7500000000
70847  23.938  7.934  -18.262 0.6250000000
71734  22.764  8.601  -18.473 0.6250000000
71735  21.798  8.638  -18.719 0.8750000000
71732  24.170  8.429  -18.131 0.6250000000
72612  23.815  8.854  -18.175 0.6250000000
73560  21.255  11.387  -19.433 0.8750000000
113796  21.259  11.746  -19.479 0.8750000000
72614  22.273  9.667  -18.593 0.7500000000
73541  22.814  10.668  -18.366 0.8750000000
113794  21.875  11.731  -19.194 0.8750000000
77396  22.156  12.434  -19.236 0.8750000000
73540  23.797  10.164  -17.869 0.6250000000
73517  24.045  9.687  -17.838 0.5000000000
79467  21.729  15.867  -19.320 0.7500000000
77395  23.173  14.062  -18.798 0.7500000000
75414  24.288  12.443  -17.844 0.7500000000
78475  23.065  14.723  -19.292 0.8750000000
78484  23.383  15.525  -19.383 0.7500000000
76366  23.287  13.545  -18.286 0.7500000000
74473  23.817  11.021  -17.743 0.5000000000
73559  25.056  11.182  -17.152 0.5000000000
79466  22.874  16.175  -19.564 0.7500000000
79465  23.935  16.345  -19.375 0.7500000000
78483  24.226  15.771  -18.970 0.7500000000
78474  23.949  15.009  -18.752 0.7500000000
78456  24.557  14.978  -18.199 0.7500000000
80323  24.641  17.016  -19.414 0.7500000000
77376  25.028  15.075  -17.887 0.6250000000
63496  20.462  0.745  -14.433 0.8750000000
64540  23.448  1.501  -16.941 0.6250000000
74472  24.474  11.871  -18.056 0.5000000000
75415  23.648  12.659  -17.990 0.7500000000
68872  23.615  4.894  -17.373 0.7500000000
60319  20.266  -2.494  -11.914 0.7500000000
60320  20.132  -2.580  -11.308 0.7500000000
59300  21.129  -3.396  -13.038 0.7500000000
60333  20.652  -2.548  -12.702 0.7500000000
60360  21.738  -1.892  -14.283 0.6250000000
61449  22.182  -1.395  -14.862 0.7500000000
63508  22.657  0.123  -16.213 0.6250000000
70849  22.341  7.669  -18.582 0.7500000000
113797  21.427  12.080  -19.410 0.8750000000
64527  20.684  1.391  -15.406 0.8750000000
62443  20.202  -0.888  -11.881 0.7500000000
61405  20.155  -1.957  -11.085 0.7500000000
60332  21.005  -2.865  -13.160 0.7500000000
61423  20.540  -1.473  -12.890 0.7500000000
62473  20.638  -0.686  -13.562 0.7500000000
63460  20.419  0.314  -11.874 0.7500000000
62501  21.513  0.019  -15.224 0.7500000000
62500  22.187  -0.573  -15.468 0.7500000000
63510  21.191  0.762  -15.480 0.8750000000
62511  23.431  0.160  -16.531 0.6250000000
68892  25.020  5.623  -17.023 0.5000000000
69908  24.380  6.608  -17.424 0.6250000000
70848  23.259  7.850  -18.428 0.6250000000
72613  23.369  9.397  -18.204 0.6250000000
76365  24.052  13.543  -18.068 0.6250000000
79451  24.855  16.379  -18.891 0.7500000000
77377  24.791  14.857  -17.986 0.6250000000
59301  20.692  -3.257  -12.492 0.7500000000
61406  20.177  -2.247  -10.704 0.7500000000
58232  20.725  -4.402  -11.883 0.6250000000
58246  20.833  -3.762  -12.382 0.6250000000
59285  20.319  -3.326  -11.811 0.6250000000
58233  19.836  -4.367  -10.994 0.6250000000
59286  19.799  -3.381  -10.895 0.6250000000
58231  21.179  -4.651  -12.110 0.6250000000
59287  19.598  -3.428  -10.554 0.6250000000
59271  19.363  -3.856  -10.506 0.5000000000
64542  21.770  1.389  -16.334 0.8750000000
72567  16.867  10.462  -15.004 0.8750000000
72552  17.091  10.697  -14.870 0.5000000000
69895  17.961  6.814  -15.822 1.0000000000
73480  16.693  11.224  -15.335 0.6250000000
113810  21.497  13.276  -19.286 1.0000000000
113808  21.488  13.156  -19.368 1.0000000000
74426  16.745  11.903  -15.799 0.6250000000
75388  17.319  12.189  -16.315 0.6250000000
113795  21.646  11.780  -19.317 0.8750000000
63523  23.013  0.782  -16.627 0.8750000000
71733  23.562  8.494  -18.323 0.6250000000
72598  24.154  9.166  -17.918 0.6250000000
113801  21.754  12.092  -19.280 0.8750000000
72599  23.847  9.613  -17.980 0.6250000000
78455  24.852  15.092  -18.055 0.6250000000
