#!ascii label  , from subject sub-02 vox2ras=TkReg
1825
11480  39.988  -55.273  -2.173 0.2000000030
11461  40.575  -55.046  -1.141 0.2000000030
11503  39.270  -55.477  -3.214 0.2000000030
11502  40.187  -55.895  -3.104 0.2000000030
11527  37.585  -55.391  -4.047 0.1000000015
11441  40.975  -55.022  -0.144 0.3000000119
11525  39.354  -55.971  -4.140 0.2000000030
11481  38.827  -55.245  -2.154 0.1000000015
11504  38.207  -55.336  -3.146 0.1000000015
11505  37.134  -55.276  -3.004 0.1000000015
11528  36.622  -55.380  -3.857 0.1000000015
12212  35.506  -54.938  -2.121 0.1000000015
11529  35.582  -55.511  -3.603 0.1000000015
11484  35.061  -54.917  -2.033 0.2000000030
11530  35.001  -55.508  -3.031 0.1000000015
11443  38.672  -55.476  -0.019 0.1000000015
11444  37.454  -55.354  0.041 0.1000000015
11462  39.386  -55.219  -1.119 0.2000000030
11482  37.656  -55.301  -2.071 0.1000000015
11463  38.165  -55.317  -1.049 0.1000000015
11483  36.608  -55.144  -2.029 0.1000000015
12183  35.267  -54.594  -0.728 0.1000000015
12200  34.032  -54.453  -0.949 0.2000000030
12199  34.565  -54.567  -1.253 0.2000000030
12185  33.441  -54.196  -0.454 0.1000000015
12889  32.733  -53.773  -0.090 0.2000000030
12186  32.532  -54.331  -0.301 0.1000000015
11467  31.914  -55.164  -0.186 0.1000000015
11464  36.988  -55.227  -1.049 0.1000000015
11420  36.889  -55.154  1.165 0.1000000015
12182  36.027  -54.872  -1.261 0.1000000015
12168  33.465  -53.678  0.508 0.2000000030
12875  33.005  -53.358  0.631 0.2000000030
12876  32.504  -53.381  0.480 0.2000000030
12169  32.173  -53.860  0.082 0.2000000030
12170  31.575  -54.320  0.324 0.1000000015
11445  31.178  -55.069  0.372 0.2000000030
12165  36.194  -54.930  0.010 0.1000000015
12166  35.083  -54.477  0.351 0.2000000030
12145  34.643  -54.372  1.406 0.2000000030
12167  34.168  -54.081  0.422 0.3000000119
12877  31.738  -53.456  0.609 0.3000000119
12878  31.003  -53.865  0.873 0.2000000030
12148  30.305  -54.465  1.062 0.2000000030
10775  29.318  -56.498  0.457 0.2000000030
12146  33.792  -53.939  1.348 0.3000000119
12184  34.426  -54.343  -0.457 0.2000000030
12853  32.043  -52.847  1.227 0.3000000119
13521  31.435  -52.703  1.734 0.3000000119
13522  30.622  -52.567  1.885 0.3000000119
12854  31.180  -53.056  1.216 0.3000000119
12855  30.232  -53.520  1.505 0.2000000030
11447  29.560  -55.716  0.854 0.2000000030
11448  28.773  -55.939  0.942 0.2000000030
13504  30.961  -52.376  3.617 0.4000000060
12130  32.457  -53.485  2.422 0.3000000119
13510  31.613  -52.708  1.998 0.3000000119
12147  33.160  -53.467  1.218 0.2000000030
12852  32.705  -53.152  1.011 0.2000000030
12149  29.501  -54.421  1.445 0.2000000030
12856  29.117  -53.641  1.839 0.2000000030
11422  29.067  -55.234  1.334 0.2000000030
14160  30.721  -51.989  3.147 0.3000000119
13511  31.133  -52.543  2.534 0.3000000119
13523  29.667  -52.681  2.017 0.2000000030
12857  28.171  -53.649  1.815 0.2000000030
12838  28.650  -52.904  2.126 0.2000000030
12858  27.548  -53.267  1.378 0.1000000015
12150  28.598  -54.500  1.564 0.2000000030
12151  27.777  -54.475  1.237 0.2000000030
11423  28.230  -55.369  1.179 0.2000000030
14161  30.409  -51.697  2.674 0.3000000119
13512  30.617  -52.247  2.338 0.3000000119
14834  29.923  -51.150  2.592 0.2000000030
14162  29.731  -51.767  2.326 0.3000000119
14163  28.779  -51.545  2.394 0.2000000030
14172  30.121  -52.251  2.078 0.3000000119
13513  29.025  -52.224  2.273 0.1000000015
12839  27.886  -52.848  1.979 0.1000000015
12840  27.609  -52.652  1.679 0.1000000015
13515  27.711  -52.172  1.919 0.1000000015
12879  27.375  -54.051  0.556 0.1000000015
14811  30.669  -50.441  3.797 0.3000000119
14823  30.026  -50.557  2.974 0.2000000030
15515  28.972  -49.827  3.150 0.2000000030
16260  29.291  -48.645  3.635 0.1000000015
14824  29.450  -50.372  2.938 0.1000000015
14836  28.379  -50.846  2.579 0.1000000015
13514  28.294  -52.214  2.204 0.1000000015
13524  27.409  -52.283  1.376 0.1000000015
14183  27.190  -51.352  0.866 0.1000000015
16261  28.316  -48.611  3.307 0.1000000015
15516  27.836  -49.310  2.961 0.1000000015
15528  28.040  -50.158  2.813 0.1000000015
14837  27.649  -50.684  2.263 0.1000000015
14842  27.161  -50.448  1.587 0.1000000015
14173  27.465  -51.418  1.739 0.1000000015
16262  27.645  -48.505  2.797 0.1000000015
14849  26.940  -50.185  0.944 0.1000000015
17081  28.654  -47.660  3.483 0.1000000015
11506  36.101  -55.162  -2.761 0.1000000015
11466  32.932  -54.982  -0.772 0.1000000015
15401  44.424  -49.844  13.472 0.5000000000
16151  46.041  -48.647  13.834 0.5000000000
17831  45.638  -47.283  13.194 0.5000000000
16955  45.898  -47.900  12.789 0.5000000000
16188  45.748  -48.074  12.258 0.5000000000
16928  44.586  -47.442  15.148 0.2000000030
16144  45.508  -47.999  15.160 0.2000000030
16942  44.418  -47.177  14.915 0.3000000119
16940  45.786  -47.719  14.282 0.3000000119
16950  45.560  -47.418  13.954 0.5000000000
17841  44.345  -46.361  13.156 0.5000000000
17840  45.066  -46.544  12.616 0.5000000000
17839  45.721  -47.245  12.225 0.5000000000
16166  45.121  -48.615  12.308 0.5000000000
16189  45.459  -48.207  11.949 0.5000000000
15419  43.805  -49.184  12.832 0.5000000000
14691  39.109  -51.190  14.024 0.5000000000
17803  43.651  -46.925  15.102 0.3000000119
17821  43.845  -46.782  14.652 0.3000000119
17832  44.761  -46.858  13.818 0.5000000000
18743  44.790  -46.091  12.309 0.5000000000
16167  44.352  -48.680  12.222 0.5000000000
15420  42.741  -49.215  12.916 0.5000000000
13410  35.926  -53.377  11.922 0.4000000060
13404  36.091  -52.738  12.375 0.5000000000
13394  36.410  -52.404  13.127 0.5000000000
14692  38.323  -51.298  13.985 0.5000000000
14705  40.702  -50.471  13.615 0.5000000000
13415  36.777  -53.107  11.034 0.4000000060
17804  43.192  -46.840  15.155 0.3000000119
17822  42.645  -46.269  14.413 0.4000000060
17834  42.833  -46.019  13.736 0.4000000060
18734  43.446  -45.917  13.128 0.5000000000
18745  42.926  -45.232  12.600 0.5000000000
18744  43.979  -45.786  12.636 0.5000000000
18759  44.145  -45.165  11.835 0.5000000000
17859  45.612  -46.730  11.929 0.5000000000
16976  45.678  -47.691  11.772 0.5000000000
15421  42.022  -49.307  13.042 0.6000000238
14048  37.424  -51.801  13.780 0.5000000000
14706  39.676  -50.605  13.826 0.5000000000
15404  41.228  -49.544  13.203 0.5000000000
13413  38.430  -52.306  10.190 0.4000000060
13414  37.602  -52.683  10.633 0.4000000060
13409  36.310  -52.718  11.607 0.5000000000
16121  40.164  -48.597  16.365 0.1000000015
17783  39.477  -47.023  16.096 0.1000000015
17808  38.745  -46.154  15.851 0.1000000015
17807  39.848  -46.604  15.891 0.1000000015
18709  39.397  -45.401  15.348 0.1000000015
17806  41.063  -46.480  15.540 0.1000000015
18708  40.375  -45.773  15.272 0.1000000015
19632  39.261  -44.933  15.093 0.1000000015
17805  42.178  -46.713  15.320 0.2000000030
17824  40.965  -45.878  15.098 0.1000000015
18735  42.871  -45.688  13.211 0.5000000000
18724  41.761  -45.629  14.178 0.4000000060
18736  41.989  -45.262  13.563 0.4000000060
19665  42.225  -44.921  12.935 0.4000000060
19678  42.490  -44.630  12.327 0.5000000000
19677  43.291  -44.935  12.073 0.5000000000
19687  43.615  -44.411  11.341 0.5000000000
16190  44.878  -48.372  11.683 0.5000000000
14707  38.546  -50.561  13.881 0.5000000000
14049  36.785  -51.561  13.384 0.5000000000
14071  39.954  -51.387  9.125 0.5000000000
16101  37.306  -48.985  17.532 0.1000000015
16123  37.919  -48.732  16.925 0.1000000015
16122  39.064  -48.689  16.510 0.1000000015
16912  38.449  -47.742  16.409 0.1000000015
17784  38.990  -46.976  16.070 0.1000000015
17809  37.940  -45.897  15.933 0.1000000015
17785  37.867  -46.731  16.277 0.1000000015
18710  38.399  -45.390  15.564 0.1000000015
20616  39.276  -43.107  13.053 0.2000000030
21580  38.640  -42.453  12.773 0.2000000030
18726  40.060  -45.191  14.878 0.1000000015
19648  39.499  -44.627  14.667 0.1000000015
20596  39.587  -43.661  13.550 0.2000000030
18725  40.810  -45.367  14.537 0.2000000030
19647  40.190  -44.894  14.454 0.1000000015
19667  40.421  -44.407  13.722 0.2000000030
20614  40.691  -43.669  12.625 0.2000000030
21579  39.637  -42.874  12.453 0.2000000030
21589  39.422  -42.294  11.866 0.2000000030
18737  41.260  -45.077  13.842 0.2000000030
19666  41.426  -44.672  13.275 0.3000000119
19679  41.652  -44.225  12.498 0.3000000119
19689  42.180  -44.224  12.038 0.4000000060
16169  41.804  -48.713  12.626 0.5000000000
19688  42.726  -44.315  11.746 0.4000000060
16171  39.556  -48.303  12.822 0.5000000000
16170  40.629  -48.399  12.608 0.5000000000
16957  42.387  -48.082  11.920 0.5000000000
16155  38.206  -49.108  13.385 0.5000000000
16153  40.270  -48.946  13.082 0.5000000000
16152  40.983  -48.884  12.901 0.5000000000
18758  45.256  -45.943  11.651 0.5000000000
14709  36.667  -50.637  13.147 0.5000000000
15408  37.053  -49.965  13.316 0.5000000000
15406  38.913  -49.764  13.654 0.5000000000
16978  44.488  -48.008  11.126 0.5000000000
14067  36.983  -51.819  11.026 0.5000000000
14060  36.366  -51.377  12.655 0.5000000000
15405  39.999  -49.704  13.458 0.5000000000
16168  43.189  -48.494  12.204 0.6000000238
14708  37.494  -50.859  13.708 0.5000000000
14072  39.129  -51.698  9.665 0.4000000060
16102  36.680  -48.671  17.838 0.1000000015
16124  37.066  -48.357  17.262 0.1000000015
17786  36.438  -46.755  16.816 0.1000000015
18690  35.161  -45.738  17.273 0.1000000015
16913  37.359  -47.702  16.754 0.1000000015
18711  37.513  -45.324  15.778 0.1000000015
19634  37.926  -44.773  15.289 0.1000000015
20576  38.164  -43.656  14.284 0.1000000015
20575  39.024  -43.870  14.198 0.1000000015
20597  38.570  -43.176  13.587 0.2000000030
21588  40.412  -42.796  11.728 0.3000000119
20625  41.107  -43.408  11.882 0.3000000119
20624  41.933  -43.685  11.599 0.4000000060
21587  41.262  -43.035  11.395 0.3000000119
20623  42.989  -43.898  11.161 0.4000000060
20645  41.791  -42.894  10.969 0.4000000060
16994  42.698  -47.254  10.650 0.5000000000
16993  43.962  -47.447  10.342 0.5000000000
16979  43.216  -47.929  11.359 0.5000000000
17891  45.919  -47.141  9.554 0.5000000000
17876  46.599  -46.717  9.687 0.5000000000
17000  45.657  -47.414  10.252 0.5000000000
16992  45.106  -47.687  10.620 0.6000000238
19686  44.551  -44.875  11.309 0.5000000000
18780  47.130  -46.032  9.891 0.5000000000
18756  46.675  -46.341  10.273 0.5000000000
17877  46.129  -47.144  10.308 0.6000000238
17858  46.089  -47.000  11.260 0.5000000000
16991  45.688  -47.476  10.891 0.5000000000
16977  45.314  -47.990  11.281 0.5000000000
14084  41.079  -51.143  8.190 0.4000000060
14085  40.331  -50.849  8.585 0.4000000060
13419  39.914  -52.547  9.442 0.4000000060
19618  33.915  -44.478  17.696 0.1000000015
18699  34.999  -45.184  17.067 0.1000000015
19637  35.000  -43.692  16.050 0.1000000015
19622  35.889  -44.828  16.264 0.1000000015
19636  35.635  -44.127  15.890 0.1000000015
18697  36.362  -45.442  16.393 0.1000000015
19635  36.708  -44.649  15.680 0.1000000015
20567  36.138  -43.725  15.297 0.1000000015
19650  37.575  -44.097  14.870 0.1000000015
19651  36.832  -43.816  14.981 0.1000000015
20577  37.309  -43.345  14.296 0.1000000015
22510  37.032  -41.745  13.079 0.2000000030
21581  37.806  -41.912  12.817 0.2000000030
22530  38.211  -41.554  12.220 0.2000000030
21590  38.797  -41.826  11.921 0.2000000030
22542  39.228  -41.608  11.332 0.2000000030
25100  43.371  -38.008  5.678 0.2000000030
22541  39.930  -42.001  11.153 0.2000000030
24292  44.986  -39.511  6.651 0.2000000030
24284  44.579  -39.803  7.243 0.2000000030
23464  44.180  -40.208  7.707 0.2000000030
23454  43.853  -40.647  8.203 0.2000000030
21608  40.491  -42.176  11.049 0.2000000030
23462  45.979  -40.333  7.261 0.2000000030
22598  45.215  -40.950  7.922 0.2000000030
22590  44.630  -41.149  8.224 0.2000000030
21636  44.362  -41.878  8.813 0.2000000030
22591  43.608  -41.318  8.850 0.3000000119
21637  43.816  -41.905  9.088 0.2000000030
20665  43.709  -42.794  9.785 0.4000000060
20676  46.772  -42.706  8.724 0.2000000030
21634  46.345  -41.730  8.245 0.3000000119
20677  45.809  -42.405  8.797 0.3000000119
20663  45.800  -43.211  9.390 0.4000000060
21622  44.954  -42.490  9.077 0.3000000119
20664  44.546  -43.113  9.673 0.4000000060
21605  43.009  -42.653  10.107 0.4000000060
18797  48.065  -45.805  9.167 0.5000000000
19727  48.438  -44.887  9.481 0.4000000060
20639  47.948  -44.637  9.684 0.4000000060
20662  47.108  -43.697  9.301 0.4000000060
20641  46.343  -44.205  9.850 0.4000000060
19707  45.761  -44.732  10.438 0.5000000000
20642  45.140  -43.912  10.110 0.5000000000
20622  43.439  -44.010  11.020 0.5000000000
19705  47.944  -45.051  9.711 0.5000000000
19706  46.834  -45.073  10.061 0.5000000000
17857  46.466  -46.622  10.320 0.5000000000
18757  46.363  -46.359  10.687 0.5000000000
18782  45.300  -45.127  10.985 0.5000000000
21499  33.127  -42.643  18.120 0.1000000015
20546  33.285  -43.706  18.289 0.1000000015
20555  33.545  -43.233  17.484 0.1000000015
21526  33.883  -41.845  15.997 0.1000000015
20569  34.820  -43.235  15.847 0.1000000015
21525  34.583  -42.619  15.609 0.1000000015
21524  35.187  -42.818  15.260 0.1000000015
21542  34.737  -41.912  14.850 0.1000000015
21541  35.628  -42.563  14.716 0.1000000015
21564  35.725  -41.757  13.946 0.1000000015
21540  36.769  -42.865  14.159 0.1000000015
21563  36.489  -42.189  13.789 0.2000000030
22511  36.191  -41.392  13.351 0.2000000030
22543  38.546  -41.084  11.506 0.2000000030
25091  43.735  -38.689  6.404 0.2000000030
24285  43.785  -39.627  7.387 0.2000000030
23465  43.497  -40.075  7.912 0.2000000030
22559  40.524  -41.480  10.552 0.2000000030
25975  42.885  -36.926  4.979 0.1000000015
25101  42.766  -37.732  6.138 0.1000000015
25092  42.600  -38.247  6.762 0.1000000015
24286  42.822  -39.394  7.665 0.1000000015
21624  43.291  -41.980  9.454 0.2000000030
21607  41.140  -42.310  10.898 0.2000000030
23455  42.870  -40.465  8.637 0.1000000015
22575  43.080  -41.424  9.224 0.1000000015
21606  42.146  -42.135  10.369 0.2000000030
19708  44.763  -44.450  10.750 0.5000000000
20643  43.764  -43.704  10.549 0.5000000000
19709  44.153  -44.363  10.995 0.5000000000
18781  46.142  -45.613  10.636 0.5000000000
22442  33.221  -41.333  17.556 0.1000000015
23343  33.521  -40.572  16.494 0.1000000015
22461  33.470  -41.426  16.729 0.1000000015
22480  33.709  -41.009  15.974 0.1000000015
24173  33.795  -39.946  15.874 0.1000000015
22479  34.202  -41.477  15.384 0.1000000015
22513  34.654  -40.283  14.142 0.1000000015
23362  34.311  -39.990  14.765 0.1000000015
22512  35.262  -40.864  13.675 0.1000000015
22533  36.025  -40.663  13.031 0.2000000030
22532  36.700  -40.945  12.757 0.2000000030
22531  37.457  -41.121  12.394 0.2000000030
22544  37.950  -40.902  11.856 0.2000000030
23404  38.097  -40.562  11.469 0.2000000030
22561  39.060  -40.980  10.926 0.2000000030
22560  39.696  -41.312  10.747 0.2000000030
26892  42.613  -36.367  5.205 0.1000000015
25955  42.582  -37.146  5.726 0.1000000015
25081  42.259  -38.727  7.487 0.1000000015
24272  42.267  -39.700  8.364 0.1000000015
22578  40.979  -41.121  10.130 0.1000000015
22558  41.386  -41.568  10.358 0.2000000030
23456  42.017  -40.107  8.898 0.1000000015
23437  42.279  -40.571  9.157 0.1000000015
22576  42.466  -41.252  9.552 0.2000000030
22557  41.914  -41.447  10.116 0.2000000030
24151  33.622  -39.618  17.559 0.1000000015
23325  33.318  -40.511  17.304 0.1000000015
24938  34.638  -38.868  18.027 0.1000000015
24163  33.691  -39.713  16.492 0.1000000015
24963  34.351  -38.712  16.244 0.1000000015
24977  34.509  -38.566  15.345 0.1000000015
23378  34.548  -39.664  14.229 0.1000000015
23395  35.572  -39.941  13.053 0.1000000015
23394  36.429  -40.090  12.367 0.1000000015
24216  36.344  -39.403  11.979 0.1000000015
23406  36.723  -39.705  11.863 0.1000000015
23405  37.398  -40.145  11.672 0.2000000030
23421  38.436  -40.112  10.787 0.2000000030
23420  39.480  -40.639  10.387 0.2000000030
23440  39.241  -39.931  9.955 0.1000000015
28685  43.157  -34.347  4.950 0.1000000015
28687  42.070  -34.974  5.728 0.1000000015
26858  41.645  -36.182  6.196 0.1000000015
25093  41.822  -37.878  6.906 0.1000000015
23439  40.474  -40.381  9.706 0.2000000030
25943  41.079  -36.757  6.876 0.1000000015
25930  41.464  -37.689  7.011 0.1000000015
24287  41.995  -39.037  8.008 0.1000000015
24273  41.598  -39.495  8.574 0.1000000015
23438  41.690  -40.534  9.415 0.1000000015
22577  41.503  -41.032  9.908 0.2000000030
24961  35.933  -38.124  16.855 0.1000000015
25828  35.165  -37.805  15.458 0.1000000015
25843  34.809  -38.015  15.088 0.1000000015
25008  34.883  -38.487  13.770 0.1000000015
24217  35.765  -39.166  12.408 0.1000000015
24228  36.750  -39.122  11.472 0.1000000015
24227  37.371  -39.399  11.161 0.2000000030
25041  37.408  -38.223  10.467 0.1000000015
24242  37.741  -39.173  10.633 0.1000000015
25040  37.917  -38.581  10.121 0.2000000030
25053  38.431  -38.319  9.585 0.1000000015
24241  38.342  -39.178  10.145 0.2000000030
28659  41.225  -34.377  6.891 0.1000000015
27748  40.771  -35.469  6.899 0.1000000015
27738  40.204  -35.530  7.417 0.1000000015
26848  40.036  -36.424  7.603 0.1000000015
25919  39.230  -37.473  8.532 0.1000000015
25052  39.103  -38.698  9.248 0.1000000015
24258  38.877  -39.216  9.683 0.1000000015
29721  42.701  -34.125  5.586 0.1000000015
28671  41.671  -34.616  6.307 0.1000000015
26847  40.651  -36.278  7.101 0.1000000015
25932  39.897  -37.334  7.953 0.1000000015
25083  40.453  -38.320  8.121 0.1000000015
25068  40.208  -38.817  8.627 0.1000000015
24275  40.069  -39.121  8.906 0.1000000015
24256  40.218  -39.548  9.179 0.1000000015
25931  40.828  -37.302  7.295 0.1000000015
24274  40.693  -39.322  8.794 0.1000000015
25827  35.919  -37.483  15.380 0.1000000015
25842  35.313  -37.662  14.654 0.1000000015
25858  35.539  -37.498  13.787 0.1000000015
25875  35.678  -37.592  12.937 0.1000000015
25028  36.287  -38.227  11.595 0.1000000015
25042  36.837  -38.205  11.044 0.1000000015
28626  40.321  -34.294  9.312 0.1000000015
28627  39.362  -34.873  9.218 0.1000000015
27701  38.513  -35.812  9.681 0.1000000015
26818  38.359  -36.572  9.477 0.1000000015
25904  37.607  -37.358  10.192 0.1000000015
29668  41.450  -33.557  8.149 0.1000000015
29652  40.903  -33.935  8.681 0.1000000015
28645  39.555  -35.027  8.369 0.1000000015
27700  38.824  -35.464  9.273 0.1000000015
25920  38.601  -37.392  9.146 0.1000000015
29690  40.729  -34.183  7.774 0.1000000015
28644  40.226  -34.411  8.315 0.1000000015
27721  39.040  -35.648  8.639 0.1000000015
26837  38.766  -36.575  8.778 0.1000000015
25070  39.000  -38.063  9.048 0.1000000015
26786  36.538  -36.780  12.477 0.1000000015
26793  37.458  -36.448  11.512 0.1000000015
26805  37.098  -36.885  11.207 0.1000000015
27686  38.049  -36.081  11.203 0.1000000015
25890  37.156  -37.406  10.785 0.1000000015
29637  41.089  -33.981  9.337 0.1000000015
28613  39.107  -35.069  10.014 0.1000000015
26804  37.701  -36.543  10.652 0.1000000015
26819  37.934  -36.782  9.977 0.1000000015
29651  41.633  -33.590  8.917 0.1000000015
28628  38.850  -35.323  9.736 0.1000000015
17820  44.554  -47.056  14.542 0.4000000060
17833  43.570  -46.222  13.585 0.4000000060
16933  40.171  -47.231  16.139 0.1000000015
19633  38.854  -44.855  15.177 0.1000000015
17823  41.566  -46.040  14.870 0.2000000030
16125  36.593  -48.232  17.493 0.1000000015
20615  39.930  -43.356  12.902 0.3000000119
19668  39.626  -44.139  14.033 0.2000000030
20595  40.167  -43.748  13.218 0.2000000030
19680  41.038  -44.240  13.030 0.2000000030
21578  40.161  -43.183  12.424 0.3000000119
16914  36.553  -47.768  17.202 0.1000000015
17776  35.898  -46.948  17.240 0.1000000015
18698  35.497  -45.282  16.777 0.1000000015
18696  37.193  -45.891  16.248 0.1000000015
18712  36.945  -45.322  16.032 0.1000000015
19649  38.519  -44.291  14.768 0.1000000015
21562  37.617  -42.664  13.582 0.1000000015
21561  38.294  -42.751  13.332 0.2000000030
20644  42.574  -43.192  10.753 0.4000000060
17002  44.380  -47.155  9.790 0.5000000000
17001  45.028  -47.379  9.971 0.5000000000
17892  44.798  -46.958  9.416 0.5000000000
18779  48.185  -45.469  9.375 0.5000000000
19623  34.820  -44.476  16.768 0.1000000015
19624  34.112  -43.754  17.021 0.1000000015
20568  35.363  -43.248  15.469 0.1000000015
20578  36.423  -43.265  14.745 0.1000000015
20579  35.898  -43.194  15.071 0.1000000015
24293  44.179  -39.258  6.845 0.2000000030
25099  44.263  -38.733  5.718 0.2000000030
24283  45.262  -39.945  7.135 0.2000000030
23463  45.000  -40.466  7.649 0.2000000030
22588  46.080  -41.215  7.965 0.2000000030
22589  45.531  -41.299  8.103 0.2000000030
21635  45.250  -41.847  8.527 0.3000000119
21644  47.027  -41.465  7.996 0.2000000030
21625  42.715  -42.010  9.862 0.3000000119
19726  48.745  -44.793  9.126 0.5000000000
20661  48.249  -44.293  9.401 0.5000000000
20640  47.441  -44.529  9.690 0.5000000000
21498  33.328  -42.158  17.434 0.1000000015
21510  33.853  -42.607  16.527 0.1000000015
22493  34.545  -40.974  14.600 0.1000000015
22492  35.129  -41.656  14.303 0.1000000015
24294  43.427  -39.046  6.999 0.1000000015
22443  33.047  -41.742  18.273 0.1000000015
23326  33.127  -40.945  18.060 0.1000000015
23352  34.002  -40.443  15.440 0.1000000015
24172  34.097  -39.444  15.627 0.1000000015
23393  37.001  -40.592  12.297 0.2000000030
23422  37.746  -39.708  11.073 0.2000000030
27779  42.772  -35.650  4.893 0.1000000015
27759  42.291  -35.673  5.492 0.1000000015
25956  42.041  -36.606  5.972 0.1000000015
25941  42.420  -37.593  6.282 0.1000000015
24288  41.258  -38.895  8.185 0.1000000015
24952  33.915  -39.060  16.939 0.1000000015
24137  34.071  -39.604  18.482 0.1000000015
24939  34.079  -39.095  17.656 0.1000000015
24950  35.300  -38.462  17.496 0.1000000015
24962  35.026  -38.211  16.669 0.1000000015
24951  34.483  -38.650  17.190 0.1000000015
24964  33.990  -39.170  16.476 0.1000000015
25811  35.529  -37.841  16.094 0.1000000015
25829  34.770  -38.129  15.524 0.1000000015
24182  34.411  -39.160  14.717 0.1000000015
24199  34.649  -39.070  13.959 0.1000000015
23377  34.889  -39.824  13.652 0.1000000015
24198  35.093  -39.003  13.193 0.1000000015
24229  36.151  -38.862  11.879 0.1000000015
24257  39.644  -39.363  9.313 0.1000000015
28686  42.566  -34.848  5.260 0.1000000015
27747  41.314  -35.453  6.423 0.1000000015
25942  41.725  -37.200  6.513 0.1000000015
25082  41.571  -38.278  7.453 0.1000000015
23457  41.297  -39.973  9.079 0.1000000015
24990  35.055  -37.967  13.993 0.1000000015
25007  35.212  -38.121  13.360 0.1000000015
25022  35.484  -38.348  12.708 0.1000000015
25879  35.711  -37.907  12.449 0.1000000015
24243  37.204  -38.832  10.937 0.1000000015
25054  37.801  -37.984  9.918 0.1000000015
28660  40.609  -34.639  7.365 0.1000000015
29689  41.333  -33.914  7.357 0.1000000015
29706  41.631  -34.104  6.749 0.1000000015
28672  41.053  -34.860  6.729 0.1000000015
26836  39.353  -36.503  8.180 0.1000000015
28661  39.929  -34.956  7.823 0.1000000015
25084  39.776  -37.912  8.300 0.1000000015
25069  39.664  -38.480  8.738 0.1000000015
25841  36.338  -37.040  14.369 0.1000000015
25857  36.019  -37.081  13.440 0.1000000015
25874  36.130  -37.029  12.838 0.1000000015
25878  36.102  -37.455  12.152 0.1000000015
26794  36.759  -36.795  11.805 0.1000000015
25891  36.648  -37.454  11.396 0.1000000015
28612  39.782  -34.730  10.159 0.1000000015
26803  38.186  -36.229  10.047 0.1000000015
27722  38.623  -35.971  9.135 0.1000000015
27685  38.578  -35.609  10.497 0.1000000015
25903  38.077  -37.390  9.673 0.1000000015
29669  40.876  -33.938  8.048 0.1000000015
26785  37.350  -36.400  12.415 0.1000000015
27673  38.613  -35.749  11.520 0.1000000015
28611  40.923  -34.319  10.098 0.1000000015
29636  41.805  -33.897  9.633 0.1000000015
13362  44.809  -52.702  15.113 0.1000000015
12693  42.403  -54.020  15.219 0.1000000015
12703  44.054  -53.083  14.887 0.1000000015
14029  45.713  -51.286  14.651 0.1000000015
15393  46.403  -49.663  14.647 0.1000000015
14022  46.401  -51.142  15.491 0.1000000015
16116  46.075  -49.036  15.827 0.1000000015
12692  43.408  -53.968  15.513 0.2000000030
16130  45.722  -48.541  15.594 0.1000000015
12694  41.657  -53.973  14.978 0.2000000030
12704  43.062  -53.298  14.691 0.1000000015
11981  40.193  -54.823  15.043 0.2000000030
13373  44.547  -52.285  14.614 0.1000000015
16142  46.393  -49.035  14.686 0.1000000015
11277  40.009  -55.709  15.342 0.2000000030
12705  42.083  -53.389  14.591 0.2000000030
14030  44.969  -51.582  14.471 0.2000000030
13374  43.622  -52.353  14.276 0.2000000030
16150  46.276  -49.184  14.351 0.3000000119
14042  44.537  -51.393  14.296 0.3000000119
14699  45.742  -49.762  14.040 0.3000000119
12706  41.121  -53.599  14.443 0.2000000030
13375  42.561  -52.688  14.216 0.2000000030
11279  38.885  -55.605  14.933 0.2000000030
13389  43.395  -51.822  14.033 0.2000000030
11990  39.612  -54.577  14.668 0.2000000030
9980  39.740  -57.813  10.743 0.1000000015
10631  38.280  -56.633  14.703 0.2000000030
11989  40.486  -54.288  14.728 0.2000000030
14701  44.577  -50.801  14.065 0.3000000119
15400  45.460  -49.252  13.474 0.4000000060
9971  38.088  -57.923  11.537 0.1000000015
9937  37.649  -57.492  14.208 0.1000000015
13376  41.623  -52.798  14.172 0.2000000030
13391  41.972  -52.084  14.022 0.2000000030
9269  39.368  -58.412  11.155 0.1000000015
14702  43.691  -50.672  13.739 0.4000000060
9944  36.966  -57.434  13.245 0.2000000030
12707  40.114  -53.620  14.207 0.2000000030
9938  36.945  -56.801  13.784 0.2000000030
10663  40.211  -57.157  10.303 0.1000000015
10664  39.284  -57.052  10.319 0.2000000030
9981  38.739  -57.734  10.950 0.1000000015
11280  37.948  -55.496  14.378 0.2000000030
13377  40.660  -52.690  14.014 0.2000000030
13392  41.249  -52.215  13.980 0.4000000060
9972  37.280  -57.506  11.724 0.1000000015
14032  40.786  -52.011  13.944 0.4000000060
9945  36.524  -56.480  13.211 0.3000000119
11281  37.112  -55.331  14.030 0.3000000119
9955  36.894  -57.428  12.418 0.2000000030
9973  36.728  -56.999  11.957 0.4000000060
14046  41.157  -51.428  13.836 0.4000000060
15402  43.286  -49.897  13.300 0.4000000060
12708  39.106  -53.666  14.062 0.3000000119
11282  36.527  -55.187  13.572 0.4000000060
10637  36.345  -55.741  13.251 0.3000000119
26907  43.510  -36.486  3.966 0.1000000015
25954  43.109  -37.450  5.069 0.1000000015
14703  42.757  -50.627  13.568 0.4000000060
13378  39.586  -52.731  13.991 0.4000000060
11993  36.848  -54.484  13.725 0.4000000060
11992  37.590  -54.498  14.018 0.3000000119
12709  38.088  -53.605  13.955 0.4000000060
13379  38.585  -52.745  13.958 0.4000000060
25114  43.571  -37.873  4.622 0.1000000015
25988  43.807  -37.315  3.782 0.1000000015
14704  41.747  -50.534  13.582 0.4000000060
14047  40.401  -51.035  13.841 0.5000000000
15403  42.299  -49.850  13.276 0.5000000000
25113  44.164  -38.504  4.823 0.1000000015
24303  44.982  -39.221  5.935 0.1000000015
24315  45.512  -39.633  5.483 0.1000000015
24316  44.811  -39.152  5.115 0.1000000015
23470  46.324  -40.046  6.649 0.1000000015
12691  44.496  -53.504  15.761 0.1000000015
13372  45.322  -52.060  14.871 0.1000000015
16129  46.330  -48.963  15.347 0.1000000015
14680  46.517  -50.380  15.054 0.1000000015
13361  45.462  -52.556  15.628 0.1000000015
15371  45.623  -49.412  16.117 0.1000000015
16131  44.837  -47.901  15.505 0.1000000015
15417  45.260  -48.781  12.829 0.4000000060
24291  45.660  -39.872  6.786 0.1000000015
11978  42.576  -54.934  15.838 0.1000000015
14044  43.168  -51.360  13.830 0.3000000119
11991  38.542  -54.574  14.311 0.2000000030
14045  42.294  -51.343  13.829 0.4000000060
14033  40.048  -51.691  13.991 0.4000000060
25121  43.639  -37.688  4.117 0.1000000015
24302  45.660  -39.667  6.246 0.1000000015
14666  46.032  -50.283  16.294 0.1000000015
10052  33.740  -57.752  5.410 0.1000000015
10067  33.986  -57.845  4.800 0.1000000015
10065  35.946  -57.758  4.530 0.1000000015
10069  32.653  -57.941  5.143 0.1000000015
10049  36.607  -57.490  5.319 0.1000000015
10054  32.563  -57.944  5.592 0.1000000015
9360  32.016  -58.141  5.237 0.1000000015
9381  29.257  -58.805  5.080 0.1000000015
9379  31.312  -58.592  4.581 0.1000000015
9198  30.683  -57.889  16.274 0.1000000015
9283  26.564  -58.351  9.451 0.1000000015
9304  26.336  -58.297  8.216 0.1000000015
10034  36.071  -57.524  6.080 0.1000000015
9334  27.268  -58.345  7.636 0.1000000015
10051  34.555  -57.662  5.398 0.1000000015
9351  28.682  -58.564  6.682 0.1000000015
9363  29.031  -58.620  5.814 0.1000000015
10048  37.797  -57.490  5.382 0.1000000015
9197  31.106  -58.183  16.608 0.1000000015
9208  30.849  -58.296  15.753 0.1000000015
9939  30.478  -57.782  15.145 0.1000000015
8544  32.177  -59.573  17.516 0.1000000015
9189  31.849  -58.478  17.215 0.1000000015
9947  29.622  -57.572  13.827 0.1000000015
8596  26.831  -59.059  12.007 0.1000000015
8630  26.699  -59.068  10.865 0.1000000015
10036  34.101  -57.763  6.008 0.1000000015
10037  33.450  -57.768  5.878 0.1000000015
9348  32.135  -58.232  6.148 0.1000000015
10014  36.469  -57.819  6.784 0.1000000015
10064  37.207  -57.770  4.416 0.1000000015
9217  30.912  -58.608  14.622 0.1000000015
9207  31.244  -58.958  16.101 0.1000000015
8585  29.999  -59.739  13.215 0.1000000015
9234  28.647  -59.160  12.700 0.1000000015
9235  28.047  -58.961  12.568 0.1000000015
8594  28.368  -59.817  12.441 0.1000000015
8595  27.702  -59.618  12.077 0.1000000015
8616  27.918  -59.864  11.201 0.1000000015
8629  27.542  -59.230  10.656 0.1000000015
9282  27.384  -58.329  9.231 0.1000000015
9331  30.475  -58.939  7.219 0.1000000015
10015  35.674  -57.823  6.640 0.1000000015
9347  33.383  -58.072  6.442 0.1000000015
9349  30.829  -58.525  6.325 0.1000000015
9350  29.731  -58.596  6.541 0.1000000015
10013  37.526  -57.774  6.918 0.1000000015
10033  37.120  -57.474  6.135 0.1000000015
8575  31.351  -59.868  14.574 0.1000000015
8543  32.720  -59.645  18.137 0.1000000015
8553  31.621  -59.491  16.746 0.1000000015
8565  31.618  -59.838  15.759 0.1000000015
8576  30.798  -59.372  13.855 0.1000000015
7938  30.025  -60.842  13.201 0.1000000015
7946  28.817  -60.622  12.263 0.1000000015
7965  29.067  -60.726  11.547 0.1000000015
7893  32.413  -60.574  18.019 0.1000000015
7894  32.097  -60.608  17.317 0.1000000015
7902  32.038  -60.816  16.417 0.1000000015
7947  28.275  -60.186  12.152 0.1000000015
7966  28.344  -60.334  11.731 0.1000000015
7977  28.770  -60.223  10.998 0.1000000015
8639  28.701  -58.795  9.596 0.1000000015
9270  27.951  -58.711  9.906 0.1000000015
8638  29.557  -59.067  9.546 0.1000000015
8681  29.760  -58.835  8.035 0.1000000015
9280  29.030  -58.661  8.899 0.1000000015
9330  31.610  -59.050  6.959 0.1000000015
8680  30.145  -59.091  7.999 0.1000000015
9302  28.640  -58.506  8.314 0.1000000015
9328  33.951  -58.704  7.087 0.1000000015
9329  32.811  -58.841  6.997 0.1000000015
9326  35.678  -58.426  7.225 0.1000000015
9325  36.810  -58.444  7.462 0.1000000015
10032  38.309  -57.437  6.234 0.1000000015
10011  39.767  -57.856  7.204 0.1000000015
10012  38.659  -57.777  7.034 0.1000000015
7926  31.223  -61.063  13.980 0.1000000015
8584  30.710  -60.341  13.660 0.1000000015
7884  32.970  -60.527  18.736 0.1000000015
7264  32.575  -61.649  18.600 0.1000000015
7280  32.274  -61.373  17.874 0.1000000015
7281  32.190  -61.876  17.299 0.1000000015
7914  31.889  -61.140  15.090 0.1000000015
7939  29.438  -60.658  12.830 0.1000000015
7363  29.368  -61.172  11.886 0.1000000015
7964  29.829  -61.000  11.433 0.1000000015
7976  29.627  -60.445  10.958 0.1000000015
8627  29.580  -59.725  10.447 0.1000000015
8626  30.271  -60.020  10.528 0.1000000015
8637  30.508  -59.594  9.812 0.1000000015
8679  31.188  -59.845  7.932 0.1000000015
8659  31.112  -59.888  9.071 0.1000000015
8676  34.863  -59.456  7.481 0.1000000015
8677  33.557  -59.712  7.481 0.1000000015
8025  32.095  -60.331  8.128 0.1000000015
8675  36.150  -59.410  7.734 0.1000000015
10010  40.792  -57.973  7.435 0.1000000015
6621  33.425  -62.168  20.104 0.1000000015
7249  33.130  -61.489  19.347 0.1000000015
7873  33.386  -60.739  19.400 0.1000000015
6641  32.181  -62.927  17.926 0.1000000015
7937  30.522  -61.173  13.465 0.1000000015
7265  32.259  -62.137  18.109 0.1000000015
7311  31.861  -62.368  15.027 0.1000000015
7321  31.389  -62.055  14.214 0.1000000015
7333  30.718  -61.838  13.542 0.1000000015
6707  30.491  -62.133  13.170 0.1000000015
7343  29.900  -61.651  12.556 0.1000000015
7362  30.082  -61.709  11.869 0.1000000015
7975  30.479  -60.559  10.890 0.1000000015
7963  30.634  -61.129  11.296 0.1000000015
8625  31.005  -60.080  10.269 0.1000000015
7992  31.698  -60.317  9.635 0.1000000015
8636  31.121  -59.917  9.701 0.1000000015
8026  31.660  -60.189  8.166 0.1000000015
8015  31.750  -60.254  8.610 0.1000000015
8022  35.612  -60.624  7.901 0.1000000015
8023  34.377  -60.890  7.896 0.1000000015
8021  36.775  -60.323  8.051 0.1000000015
8674  37.274  -59.306  7.947 0.1000000015
9324  37.905  -58.447  7.543 0.1000000015
9323  38.960  -58.517  7.590 0.1000000015
9322  39.972  -58.652  7.711 0.1000000015
6110  31.884  -63.896  15.613 0.1000000015
6116  31.671  -63.841  14.990 0.1000000015
6604  33.815  -62.764  21.089 0.1000000015
6622  32.915  -62.514  19.436 0.1000000015
6640  32.427  -62.814  18.714 0.1000000015
6059  32.279  -63.880  18.493 0.1000000015
6655  32.137  -63.044  17.060 0.1000000015
6692  31.927  -63.267  15.474 0.1000000015
6699  31.472  -63.026  14.537 0.1000000015
6122  31.479  -63.754  14.059 0.1000000015
6671  32.119  -63.430  16.208 0.1000000015
6706  30.977  -62.753  13.471 0.1000000015
6131  31.717  -63.799  13.023 0.1000000015
6733  30.860  -62.237  12.002 0.1000000015
6715  30.442  -62.165  12.660 0.1000000015
7361  31.413  -61.623  11.365 0.1000000015
7974  31.501  -60.773  10.688 0.1000000015
7991  32.350  -60.873  10.114 0.1000000015
7402  33.682  -61.492  9.136 0.1000000015
8014  32.725  -60.886  8.990 0.1000000015
7410  34.900  -61.370  8.228 0.1000000015
8024  33.096  -60.583  7.942 0.1000000015
7409  35.113  -61.164  8.055 0.1000000015
8011  36.436  -61.153  8.170 0.1000000015
4987  32.881  -65.229  18.022 0.1000000015
6034  33.248  -63.827  20.272 0.1000000015
4973  32.988  -65.131  18.631 0.1000000015
5004  32.622  -65.145  17.463 0.1000000015
5577  32.185  -64.604  16.523 0.1000000015
5026  32.206  -65.141  15.320 0.1000000015
6603  34.269  -62.563  21.618 0.1000000015
6588  33.929  -63.442  21.426 0.1000000015
6047  32.817  -63.601  19.549 0.1000000015
5559  32.166  -64.445  17.075 0.1000000015
6089  32.025  -63.788  15.925 0.1000000015
5595  31.859  -64.623  14.569 0.1000000015
5594  32.130  -65.082  14.352 0.1000000015
5605  31.755  -64.348  13.753 0.1000000015
6713  32.190  -63.122  12.144 0.1000000015
6732  31.721  -62.388  11.809 0.1000000015
7360  32.129  -61.998  11.363 0.1000000015
7370  32.590  -61.644  10.706 0.1000000015
7388  32.947  -61.290  9.847 0.1000000015
7400  35.584  -61.631  8.374 0.1000000015
8012  34.203  -61.309  8.284 0.1000000015
7399  36.733  -61.741  8.592 0.1000000015
8010  37.370  -61.031  8.348 0.1000000015
5527  33.735  -64.913  19.787 0.1000000015
5002  33.582  -65.230  17.965 0.1000000015
5014  33.066  -65.531  16.268 0.1000000015
5528  32.986  -64.590  19.322 0.1000000015
5015  32.492  -65.192  16.488 0.1000000015
5034  32.561  -65.398  14.430 0.1000000015
5044  32.696  -65.273  13.731 0.1000000015
5603  32.787  -65.044  13.275 0.1000000015
5613  32.433  -64.548  12.998 0.1000000015
6130  32.798  -63.991  12.249 0.1000000015
6153  32.973  -63.324  11.726 0.1000000015
6730  33.307  -63.122  11.310 0.1000000015
6731  32.735  -62.538  11.353 0.1000000015
6742  34.221  -63.184  10.430 0.1000000015
6744  33.086  -62.242  10.815 0.1000000015
6761  34.507  -62.684  9.782 0.1000000015
6762  33.922  -62.493  10.082 0.1000000015
6760  35.535  -62.829  9.569 0.1000000015
7386  34.100  -61.955  9.379 0.1000000015
6759  36.401  -62.649  9.755 0.1000000015
6772  35.180  -62.298  9.048 0.1000000015
7401  34.518  -61.711  8.743 0.1000000015
6770  36.901  -62.152  9.148 0.1000000015
7398  37.781  -61.533  9.000 0.1000000015
7383  39.422  -60.872  9.606 0.1000000015
4971  33.904  -65.211  19.326 0.1000000015
4985  33.946  -65.240  18.679 0.1000000015
5575  33.502  -65.079  16.792 0.1000000015
5024  33.210  -65.615  15.533 0.1000000015
5023  33.512  -65.340  15.322 0.1000000015
6032  34.900  -63.817  20.699 0.1000000015
5025  32.773  -65.637  15.463 0.1000000015
5043  33.333  -65.311  13.551 0.1000000015
5612  33.384  -64.706  12.490 0.1000000015
6129  33.312  -64.242  12.052 0.1000000015
5633  33.982  -64.589  11.857 0.1000000015
6152  33.724  -63.902  11.445 0.1000000015
6165  35.428  -63.685  10.661 0.1000000015
6186  34.767  -63.263  10.165 0.1000000015
6185  35.119  -63.307  10.102 0.1000000015
6758  37.301  -62.035  9.735 0.1000000015
7385  37.866  -61.604  9.566 0.1000000015
7962  39.099  -60.408  11.103 0.1000000015
8614  39.653  -59.728  11.054 0.1000000015
6601  36.444  -62.600  20.613 0.1000000015
6045  34.891  -64.047  19.965 0.1000000015
6058  34.938  -64.066  19.019 0.1000000015
6070  34.681  -63.604  17.746 0.1000000015
6654  35.030  -62.327  17.496 0.1000000015
5585  33.837  -64.651  15.670 0.1000000015
5556  34.029  -64.889  17.742 0.1000000015
5586  33.378  -65.308  15.910 0.1000000015
5042  33.975  -65.178  13.968 0.1000000015
5050  34.066  -65.148  13.168 0.1000000015
5610  35.241  -64.355  12.008 0.1000000015
6166  34.621  -63.673  10.687 0.1000000015
9202  40.096  -59.125  15.818 0.1000000015
9203  39.410  -59.366  15.594 0.1000000015
7921  38.464  -60.281  14.605 0.1000000015
7329  37.475  -61.548  12.874 0.1000000015
7342  37.024  -62.123  12.515 0.1000000015
6150  35.789  -63.762  11.325 0.1000000015
8571  38.971  -59.733  14.862 0.1000000015
6127  36.390  -63.181  11.835 0.1000000015
9928  40.492  -58.446  15.981 0.1000000015
9213  39.934  -58.969  15.489 0.1000000015
7340  38.184  -61.093  12.263 0.1000000015
7341  37.582  -61.741  11.908 0.1000000015
6729  36.891  -62.613  11.066 0.1000000015
9214  39.202  -59.005  14.736 0.1000000015
8583  38.704  -59.713  13.866 0.1000000015
6740  37.370  -62.066  10.529 0.1000000015
7945  38.571  -60.470  12.042 0.1000000015
7368  37.947  -61.598  10.095 0.1000000015
9222  38.578  -58.946  13.854 0.1000000015
8615  39.002  -59.720  11.623 0.1000000015
7247  36.945  -61.944  20.091 0.1000000015
6057  35.497  -63.472  19.535 0.1000000015
6639  36.007  -62.697  19.156 0.1000000015
7262  36.536  -61.863  19.320 0.1000000015
6069  35.356  -63.325  18.754 0.1000000015
6653  35.462  -62.607  18.275 0.1000000015
6088  34.272  -63.558  16.239 0.1000000015
6108  34.400  -63.705  15.036 0.1000000015
5593  34.307  -64.592  14.444 0.1000000015
5602  34.705  -64.544  13.202 0.1000000015
6121  35.321  -63.685  13.179 0.1000000015
7318  36.132  -61.556  13.794 0.1000000015
5631  35.188  -64.129  11.177 0.1000000015
8560  38.681  -59.924  15.292 0.1000000015
7911  38.021  -60.354  14.986 0.1000000015
7935  37.164  -61.233  13.646 0.1000000015
6712  36.334  -62.957  12.392 0.1000000015
9192  40.011  -59.066  16.243 0.1000000015
11275  41.906  -55.972  16.058 0.1000000015
9935  39.779  -58.182  15.344 0.1000000015
7856  37.887  -60.663  20.652 0.1000000015
7870  37.023  -61.111  19.492 0.1000000015
7869  37.449  -61.112  20.057 0.1000000015
7881  36.429  -61.032  18.913 0.1000000015
7882  35.752  -60.842  18.334 0.1000000015
7263  36.006  -61.815  18.620 0.1000000015
7278  35.380  -61.605  17.913 0.1000000015
6669  34.617  -62.347  16.565 0.1000000015
7279  34.808  -61.310  17.096 0.1000000015
6690  34.465  -62.632  15.441 0.1000000015
6115  34.800  -63.763  13.994 0.1000000015
6705  35.232  -62.925  13.684 0.1000000015
6698  34.759  -62.831  14.486 0.1000000015
8574  35.952  -60.333  14.769 0.1000000015
7319  35.510  -61.512  14.205 0.1000000015
9183  39.666  -58.613  16.724 0.1000000015
9193  39.089  -58.978  16.346 0.1000000015
8573  36.648  -60.167  14.764 0.1000000015
6120  35.695  -63.581  12.702 0.1000000015
10613  41.499  -57.292  16.840 0.1000000015
9915  40.796  -57.908  17.113 0.1000000015
7936  36.559  -61.392  13.726 0.1000000015
10621  42.417  -56.343  16.779 0.1000000015
9927  40.940  -57.980  16.556 0.1000000015
8494  37.955  -59.579  20.384 0.1000000015
8516  37.369  -60.144  19.759 0.1000000015
8517  36.724  -60.331  19.204 0.1000000015
8530  36.136  -60.066  18.673 0.1000000015
7891  35.165  -60.617  17.652 0.1000000015
7892  34.838  -60.422  17.041 0.1000000015
7294  34.590  -61.295  16.292 0.1000000015
7310  34.543  -61.622  15.640 0.1000000015
8563  35.690  -59.775  15.370 0.1000000015
7924  35.269  -60.730  14.871 0.1000000015
8562  36.953  -59.557  15.129 0.1000000015
9206  36.476  -59.081  15.612 0.1000000015
9205  37.384  -59.085  15.691 0.1000000015
9916  40.401  -58.494  16.705 0.1000000015
10622  42.027  -56.625  16.538 0.1000000015
9159  37.354  -58.822  19.752 0.1000000015
9868  37.316  -57.635  19.733 0.1000000015
9160  36.570  -59.206  19.076 0.1000000015
9171  35.883  -59.102  18.318 0.1000000015
8531  35.516  -59.865  18.035 0.1000000015
8541  35.115  -59.686  17.207 0.1000000015
8542  34.872  -59.992  16.608 0.1000000015
8552  34.893  -60.006  15.949 0.1000000015
7912  35.148  -60.293  15.336 0.1000000015
9184  38.815  -58.156  16.762 0.1000000015
9194  37.766  -58.232  16.328 0.1000000015
10594  41.838  -56.715  17.257 0.1000000015
9899  40.478  -57.574  17.290 0.1000000015
11977  43.312  -54.811  16.276 0.1000000015
10561  37.340  -56.569  19.609 0.1000000015
9869  36.756  -57.918  19.071 0.1000000015
9885  36.176  -58.109  18.244 0.1000000015
10582  36.602  -57.003  18.290 0.1000000015
9886  35.828  -58.558  17.896 0.1000000015
9904  35.964  -58.224  17.314 0.1000000015
8551  35.228  -59.449  16.320 0.1000000015
9919  36.046  -58.396  16.575 0.1000000015
9195  36.651  -58.492  16.070 0.1000000015
11966  44.122  -54.326  17.024 0.1000000015
11264  42.737  -55.785  17.324 0.1000000015
9900  39.656  -57.627  17.174 0.1000000015
11971  44.004  -54.245  16.437 0.1000000015
11235  37.152  -56.149  18.965 0.1000000015
11254  37.317  -55.766  18.360 0.1000000015
11255  36.989  -56.393  18.520 0.1000000015
10580  37.668  -55.946  17.604 0.1000000015
11253  37.977  -54.879  18.109 0.1000000015
10581  36.994  -56.304  17.948 0.1000000015
11252  39.414  -55.080  17.810 0.1000000015
9918  36.602  -57.898  16.628 0.1000000015
9902  37.606  -57.235  16.814 0.1000000015
11967  43.483  -54.788  17.286 0.1000000015
11248  42.961  -55.045  17.576 0.1000000015
10576  42.212  -56.027  17.512 0.1000000015
10595  40.990  -57.158  17.363 0.1000000015
9883  40.256  -57.187  17.372 0.1000000015
9901  38.491  -57.350  16.924 0.1000000015
13353  45.700  -52.594  16.456 0.1000000015
10598  37.256  -56.618  17.392 0.1000000015
10579  38.899  -56.225  17.403 0.1000000015
10597  38.074  -56.612  17.088 0.1000000015
11250  41.837  -55.293  17.839 0.1000000015
10578  40.209  -56.311  17.537 0.1000000015
10577  41.351  -56.204  17.592 0.1000000015
9884  39.768  -56.868  17.366 0.1000000015
9271  27.059  -58.655  10.102 0.1000000015
9281  28.266  -58.435  9.081 0.1000000015
9987  27.183  -58.244  8.650 0.1000000015
9303  27.681  -58.289  8.368 0.1000000015
10066  34.886  -57.760  4.692 0.1000000015
9333  28.235  -58.425  7.559 0.1000000015
10050  35.523  -57.561  5.357 0.1000000015
9361  31.073  -58.348  5.447 0.1000000015
9380  30.224  -58.718  4.836 0.1000000015
9362  30.012  -58.523  5.646 0.1000000015
9989  26.327  -58.248  8.823 0.1000000015
9272  26.149  -58.630  10.257 0.1000000015
9352  27.688  -58.549  6.802 0.1000000015
9224  30.319  -58.538  13.669 0.1000000015
8617  27.176  -59.398  11.404 0.1000000015
9346  34.396  -58.057  6.634 0.1000000015
9216  31.305  -59.046  15.378 0.1000000015
9225  29.309  -58.626  13.035 0.1000000015
8586  29.051  -59.823  12.777 0.1000000015
8628  28.581  -59.357  10.392 0.1000000015
9332  29.399  -58.685  7.669 0.1000000015
9327  34.790  -58.483  7.097 0.1000000015
7335  29.709  -61.273  12.834 0.1000000015
7344  29.486  -61.248  12.376 0.1000000015
8660  30.393  -59.353  8.804 0.1000000015
8678  32.360  -59.775  7.529 0.1000000015
7295  32.180  -62.270  16.082 0.1000000015
6060  32.086  -63.665  17.645 0.1000000015
6714  31.258  -62.751  12.541 0.1000000015
8020  37.821  -60.150  8.205 0.1000000015
8673  38.309  -59.296  7.938 0.1000000015
5016  32.165  -64.890  15.991 0.1000000015
6046  33.271  -63.150  20.284 0.1000000015
6072  32.073  -63.964  16.923 0.1000000015
7371  31.916  -61.252  10.850 0.1000000015
5540  32.515  -64.810  18.144 0.1000000015
5035  32.138  -65.123  14.665 0.1000000015
5604  32.206  -64.924  13.782 0.1000000015
7369  33.266  -62.118  10.535 0.1000000015
6771  36.100  -62.360  8.972 0.1000000015
8009  38.499  -60.726  8.506 0.1000000015
5557  33.533  -65.174  17.510 0.1000000015
5539  34.425  -64.611  18.565 0.1000000015
5032  33.805  -65.143  14.812 0.1000000015
6743  33.661  -62.774  10.632 0.1000000015
6151  34.313  -64.032  11.150 0.1000000015
6773  34.763  -62.227  9.181 0.1000000015
6164  36.251  -63.170  10.642 0.1000000015
7384  38.469  -61.326  9.577 0.1000000015
7397  38.885  -61.093  9.014 0.1000000015
7367  38.788  -61.052  10.413 0.1000000015
7972  39.438  -60.583  10.491 0.1000000015
5574  34.001  -64.366  16.869 0.1000000015
5611  34.285  -64.823  12.395 0.1000000015
5632  34.553  -64.306  11.423 0.1000000015
6741  36.829  -62.514  10.324 0.1000000015
7910  38.351  -60.205  15.142 0.1000000015
7934  38.245  -60.801  13.261 0.1000000015
6710  37.166  -62.301  11.511 0.1000000015
6711  36.741  -62.729  11.933 0.1000000015
6703  36.540  -62.548  12.594 0.1000000015
6704  35.931  -62.925  12.923 0.1000000015
7328  37.911  -61.298  12.588 0.1000000015
7359  37.897  -61.568  10.911 0.1000000015
7358  38.377  -61.063  11.442 0.1000000015
10623  41.295  -57.208  16.177 0.1000000015
8593  38.667  -59.782  12.606 0.1000000015
9232  38.284  -58.893  12.937 0.1000000015
7331  35.733  -62.160  13.643 0.1000000015
9204  38.439  -59.406  15.860 0.1000000015
8561  37.937  -59.956  15.412 0.1000000015
8572  37.455  -60.148  14.948 0.1000000015
7320  34.755  -61.759  14.774 0.1000000015
11272  42.776  -56.039  16.959 0.1000000015
11274  42.612  -55.799  16.472 0.1000000015
9185  38.162  -57.686  16.639 0.1000000015
9903  36.648  -57.309  17.344 0.1000000015
11317  36.620  -55.654  11.034 0.3000000119
11289  36.099  -55.077  13.025 0.3000000119
12711  36.606  -53.970  13.488 0.3000000119
13380  37.675  -52.659  13.847 0.4000000060
14035  38.112  -51.959  13.974 0.4000000060
12011  35.959  -54.292  12.808 0.3000000119
11391  43.148  -55.325  2.354 0.1000000015
12123  42.749  -54.596  2.754 0.1000000015
13495  42.825  -52.846  4.766 0.2000000030
14770  41.311  -50.610  7.147 0.3000000119
15409  36.597  -49.852  12.872 0.4000000060
10660  36.444  -56.263  11.752 0.3000000119
14065  38.445  -51.432  9.994 0.4000000060
14100  42.090  -51.088  7.033 0.2000000030
14752  41.011  -50.566  7.646 0.3000000119
14739  39.355  -50.884  9.349 0.4000000060
14066  37.848  -51.659  10.370 0.4000000060
14721  36.427  -50.414  12.627 0.4000000060
10089  42.397  -56.810  1.027 0.1000000015
14129  42.392  -51.910  5.720 0.3000000119
14734  38.131  -51.063  10.076 0.4000000060
14731  36.296  -50.493  12.081 0.4000000060
11438  42.525  -55.868  0.775 0.1000000015
16156  37.318  -49.295  13.217 0.5000000000
13484  41.885  -52.622  5.152 0.2000000030
14114  41.924  -51.214  6.313 0.3000000119
14753  40.395  -50.302  8.076 0.3000000119
14735  37.638  -50.718  10.356 0.4000000060
16958  41.234  -47.914  12.043 0.4000000060
14754  39.539  -50.145  8.807 0.4000000060
14740  38.638  -50.521  9.643 0.4000000060
14736  36.794  -50.405  11.195 0.4000000060
15432  36.437  -49.526  11.731 0.4000000060
15422  36.398  -49.828  12.390 0.5000000000
11439  42.315  -55.771  0.377 0.2000000030
11392  42.422  -55.095  1.891 0.2000000030
12109  42.151  -53.934  3.558 0.2000000030
14130  41.475  -51.837  5.809 0.2000000030
12829  42.449  -53.603  4.055 0.2000000030
14771  40.509  -50.290  7.362 0.3000000119
10772  42.352  -56.252  -0.156 0.1000000015
14741  37.933  -49.952  9.837 0.4000000060
15452  39.111  -49.497  8.851 0.4000000060
15435  37.383  -49.823  10.353 0.4000000060
16157  36.852  -49.487  13.019 0.5000000000
16172  38.474  -48.354  13.044 0.5000000000
16959  39.977  -47.639  12.158 0.4000000060
15438  38.384  -49.644  9.412 0.4000000060
16174  36.740  -48.947  12.553 0.5000000000
16961  37.573  -47.851  12.551 0.5000000000
12124  41.871  -54.567  2.544 0.2000000030
12818  41.910  -53.378  4.362 0.2000000030
12801  41.414  -53.101  4.851 0.2000000030
14785  40.893  -50.618  6.665 0.4000000060
14131  41.002  -51.835  5.858 0.2000000030
14115  40.806  -51.527  6.047 0.4000000060
14772  39.525  -49.743  7.793 0.3000000119
16960  38.790  -47.635  12.543 0.5000000000
16981  40.738  -47.225  11.569 0.4000000060
16980  41.896  -47.453  11.320 0.4000000060
14786  39.870  -50.247  6.978 0.4000000060
15453  38.569  -49.260  8.881 0.4000000060
16962  36.803  -48.009  12.054 0.5000000000
11415  42.037  -55.401  0.978 0.2000000030
12094  41.350  -53.846  4.127 0.2000000030
16995  41.897  -46.904  10.733 0.4000000060
12802  40.880  -52.952  5.165 0.2000000030
15436  36.825  -49.122  10.645 0.4000000060
11459  42.146  -55.610  -0.628 0.2000000030
12110  40.925  -54.439  3.396 0.2000000030
13486  40.174  -52.465  5.769 0.3000000119
14116  39.925  -51.073  6.459 0.4000000060
17878  43.022  -46.924  10.056 0.4000000060
14787  39.094  -50.052  7.210 0.3000000119
18798  47.249  -46.407  9.160 0.4000000060
11440  41.797  -55.308  -0.006 0.2000000030
11393  41.598  -55.003  1.692 0.2000000030
15475  38.657  -49.276  8.162 0.4000000060
15439  37.653  -49.298  9.554 0.4000000060
17842  39.102  -46.989  11.935 0.5000000000
17860  41.147  -46.799  11.000 0.4000000060
20675  47.988  -43.017  8.884 0.4000000060
11460  41.616  -55.066  -0.999 0.2000000030
12125  41.057  -54.758  2.378 0.2000000030
12820  40.460  -53.317  5.003 0.2000000030
12803  39.894  -52.937  5.537 0.2000000030
16192  36.496  -48.503  11.509 0.5000000000
16983  37.090  -47.420  12.033 0.5000000000
10809  41.568  -56.139  -1.751 0.2000000030
14117  39.109  -50.748  6.849 0.4000000060
16982  39.913  -46.942  11.649 0.5000000000
11479  41.054  -55.544  -1.895 0.2000000030
18808  48.698  -45.389  8.773 0.4000000060
20660  48.736  -44.294  9.086 0.2000000030
17903  46.334  -46.770  8.927 0.4000000060
17893  43.686  -46.699  9.511 0.4000000060
11416  41.272  -55.144  0.810 0.2000000030
12783  39.663  -52.588  5.887 0.4000000060
17861  40.323  -46.582  11.243 0.4000000060
17894  42.589  -46.345  9.701 0.4000000060
12095  40.127  -53.851  4.560 0.2000000030
11394  40.669  -55.035  1.706 0.2000000030
18810  46.948  -46.267  8.490 0.4000000060
18799  43.612  -46.164  8.982 0.4000000060
18800  42.921  -45.975  9.105 0.4000000060
15454  37.681  -49.128  8.568 0.3000000119
16984  36.528  -47.472  11.423 0.5000000000
17843  38.099  -47.051  12.224 0.5000000000
18783  41.547  -45.957  10.003 0.4000000060
13469  38.874  -51.827  6.603 0.4000000060
15476  38.182  -49.300  7.939 0.4000000060
15440  36.838  -48.700  9.584 0.4000000060
13450  38.539  -51.217  6.895 0.4000000060
11382  40.153  -54.957  2.688 0.2000000030
18811  45.721  -46.327  8.364 0.4000000060
17862  39.481  -46.275  11.332 0.5000000000
17863  38.464  -46.393  11.706 0.5000000000
16195  36.364  -48.161  10.546 0.5000000000
17864  37.321  -46.674  11.761 0.5000000000
12722  36.610  -52.945  13.414 0.4000000060
14063  36.343  -51.569  11.827 0.4000000060
17902  46.867  -46.681  9.001 0.4000000060
17904  45.330  -46.688  8.889 0.4000000060
12029  39.521  -54.609  9.735 0.3000000119
12021  37.832  -54.588  10.448 0.3000000119
12022  36.978  -54.703  10.729 0.2000000030
12016  35.959  -54.411  11.678 0.2000000030
12027  41.496  -54.470  8.981 0.2000000030
12744  39.816  -53.630  9.606 0.3000000119
13420  39.126  -52.915  9.894 0.3000000119
12757  41.719  -53.429  8.598 0.2000000030
12758  41.078  -52.817  8.870 0.2000000030
13418  40.616  -52.293  9.043 0.2000000030
14128  43.100  -52.062  5.689 0.2000000030
10154  39.619  -57.044  -3.786 0.1000000015
10155  38.890  -57.351  -4.209 0.1000000015
11385  36.971  -55.108  2.903 0.1000000015
10665  38.296  -56.529  10.332 0.1000000015
11316  37.446  -55.595  10.469 0.2000000030
11328  39.058  -55.639  9.892 0.2000000030
11315  38.233  -55.385  10.188 0.2000000030
10662  41.030  -57.237  10.255 0.1000000015
11326  41.153  -55.586  9.492 0.1000000015
11327  40.104  -55.536  9.680 0.2000000030
10672  41.737  -56.727  9.866 0.1000000015
11324  43.108  -56.074  9.148 0.1000000015
11478  41.885  -55.589  -1.385 0.1000000015
10143  40.427  -56.953  -2.683 0.1000000015
11395  39.637  -55.313  1.885 0.1000000015
11383  39.012  -55.137  2.874 0.1000000015
12112  38.325  -54.787  3.746 0.1000000015
12078  37.735  -54.079  5.234 0.1000000015
11418  39.169  -55.549  0.976 0.1000000015
12097  37.573  -54.521  4.516 0.1000000015
11384  37.913  -55.165  2.920 0.1000000015
12079  36.866  -54.344  5.225 0.1000000015
12770  36.149  -53.045  7.368 0.1000000015
12061  36.294  -54.130  5.977 0.1000000015
12787  35.686  -53.770  6.757 0.1000000015
10674  39.740  -56.383  9.987 0.2000000030
10673  40.692  -56.448  9.928 0.1000000015
12784  39.190  -52.604  6.078 0.1000000015
14774  37.695  -49.737  7.760 0.3000000119
11417  40.288  -55.274  0.856 0.1000000015
12111  39.540  -54.616  3.683 0.1000000015
12804  38.740  -53.219  5.757 0.1000000015
12785  38.062  -52.669  6.515 0.2000000030
14102  37.333  -50.880  7.640 0.3000000119
15455  36.523  -48.847  8.878 0.3000000119
16197  36.061  -48.123  9.682 0.3000000119
11524  39.822  -56.176  -3.761 0.1000000015
12096  38.685  -54.196  4.619 0.1000000015
12805  37.818  -53.553  5.864 0.1000000015
13451  37.890  -51.840  7.062 0.2000000030
14757  36.259  -49.675  8.503 0.3000000119
11442  39.870  -55.254  -0.105 0.1000000015
12786  36.911  -53.459  6.516 0.1000000015
13434  36.219  -51.396  8.167 0.2000000030
13435  35.647  -51.649  8.347 0.2000000030
14758  35.359  -49.958  8.801 0.4000000060
13453  35.383  -52.533  8.034 0.1000000015
13436  34.619  -51.918  8.513 0.3000000119
11979  41.642  -54.869  15.480 0.1000000015
10630  39.339  -56.898  15.254 0.1000000015
18762  37.915  -45.809  11.397 0.4000000060
17865  36.371  -46.501  11.158 0.4000000060
16996  35.905  -47.301  10.524 0.4000000060
16203  35.835  -48.512  9.182 0.4000000060
17003  35.573  -47.555  9.859 0.4000000060
15456  35.697  -49.078  8.895 0.4000000060
16205  34.955  -48.686  9.202 0.5000000000
14087  34.986  -50.975  8.742 0.3000000119
15457  34.794  -49.066  9.118 0.5000000000
12788  34.561  -53.960  6.841 0.2000000030
12771  34.980  -53.363  7.532 0.1000000015
14759  34.325  -50.126  8.987 0.4000000060
12081  34.902  -54.508  5.244 0.1000000015
12063  34.199  -54.324  6.046 0.1000000015
12772  33.851  -53.467  7.513 0.2000000030
13454  34.249  -52.755  8.093 0.2000000030
12115  35.274  -54.714  3.478 0.1000000015
12789  33.472  -54.051  6.782 0.2000000030
12127  34.981  -54.623  2.472 0.1000000015
18785  39.745  -45.588  10.656 0.4000000060
18784  40.969  -45.795  10.187 0.3000000119
18786  38.486  -45.300  10.794 0.4000000060
18763  37.021  -45.905  11.286 0.4000000060
18787  37.406  -45.267  10.888 0.4000000060
16198  35.446  -48.077  9.451 0.4000000060
17004  35.039  -47.394  9.621 0.4000000060
16997  35.407  -46.996  10.099 0.4000000060
16199  34.769  -48.341  9.274 0.5000000000
15442  34.370  -48.730  9.210 0.4000000060
13437  33.579  -52.031  8.463 0.3000000119
14088  33.915  -51.136  8.791 0.4000000060
15458  33.781  -49.173  9.062 0.4000000060
12101  33.601  -54.543  4.268 0.2000000030
12082  33.891  -54.481  5.190 0.2000000030
13455  33.196  -52.801  8.041 0.2000000030
12116  34.297  -54.586  3.377 0.1000000015
11508  34.438  -55.539  -2.511 0.1000000015
18803  39.811  -44.937  9.836 0.4000000060
18802  40.581  -45.264  9.747 0.4000000060
19711  37.955  -44.685  10.321 0.4000000060
18788  36.307  -45.523  10.772 0.4000000060
18789  35.351  -45.531  10.226 0.4000000060
17896  34.657  -46.971  9.554 0.4000000060
17884  34.939  -46.437  9.899 0.4000000060
16200  34.020  -48.265  9.167 0.3000000119
14760  33.297  -50.257  8.858 0.4000000060
12773  32.798  -53.446  7.383 0.3000000119
13438  32.777  -52.054  8.287 0.3000000119
12117  33.353  -54.368  3.258 0.2000000030
12102  32.660  -54.277  4.168 0.2000000030
12064  33.208  -54.411  5.956 0.2000000030
12128  34.024  -54.361  2.348 0.2000000030
10145  33.354  -56.707  -3.323 0.1000000015
10831  33.781  -56.212  -2.752 0.1000000015
11509  33.851  -55.660  -2.138 0.1000000015
18813  43.539  -45.680  8.406 0.3000000119
19728  40.937  -45.029  9.107 0.4000000060
18815  41.888  -45.342  8.823 0.3000000119
19730  39.426  -44.474  9.253 0.4000000060
20667  38.946  -44.090  8.957 0.4000000060
19731  38.483  -44.303  9.608 0.4000000060
19713  35.856  -44.805  10.173 0.4000000060
19732  37.482  -44.146  9.762 0.4000000060
18804  34.984  -45.180  9.783 0.4000000060
19714  35.305  -44.950  9.956 0.4000000060
17006  33.807  -47.472  8.966 0.4000000060
17897  34.289  -46.576  9.310 0.3000000119
14104  31.859  -51.728  7.348 0.3000000119
14090  32.306  -51.450  8.022 0.3000000119
14761  32.546  -50.412  8.304 0.3000000119
15459  32.902  -49.351  8.605 0.3000000119
16206  33.400  -48.370  8.714 0.3000000119
12830  32.007  -53.351  2.952 0.2000000030
12821  31.929  -53.668  3.882 0.2000000030
12791  31.627  -53.206  6.315 0.3000000119
12774  32.032  -53.208  7.065 0.2000000030
14089  32.958  -51.257  8.612 0.3000000119
12118  32.567  -53.915  3.153 0.2000000030
12790  32.425  -53.917  6.439 0.2000000030
12129  33.122  -53.890  2.195 0.2000000030
18826  44.931  -45.713  7.933 0.3000000119
18827  44.268  -45.676  8.082 0.3000000119
19740  43.237  -45.140  7.937 0.4000000060
18814  42.366  -45.448  8.689 0.3000000119
20680  39.699  -44.057  8.516 0.3000000119
20678  41.461  -44.361  7.938 0.4000000060
20681  38.698  -43.592  8.454 0.4000000060
20666  39.347  -44.229  8.890 0.4000000060
20682  37.734  -43.446  8.399 0.4000000060
20668  38.078  -43.817  9.085 0.4000000060
20684  35.720  -43.826  8.243 0.3000000119
19734  35.265  -44.535  9.296 0.4000000060
19733  36.431  -44.203  9.682 0.4000000060
16222  32.782  -48.675  7.477 0.3000000119
17010  33.047  -48.040  7.744 0.2000000030
17915  33.432  -46.598  7.681 0.2000000030
18816  33.939  -45.512  8.221 0.2000000030
17906  33.937  -46.093  8.818 0.3000000119
19735  34.719  -44.867  9.140 0.3000000119
14777  31.787  -51.382  6.988 0.3000000119
15477  32.499  -49.505  7.825 0.3000000119
16207  32.871  -48.530  8.164 0.2000000030
17009  33.331  -47.431  8.245 0.2000000030
17898  33.744  -46.766  8.762 0.2000000030
12831  31.463  -53.034  3.349 0.2000000030
12822  31.264  -53.073  4.368 0.3000000119
12808  31.210  -52.834  5.449 0.3000000119
13457  31.636  -52.514  7.000 0.3000000119
18823  47.821  -45.683  7.971 0.3000000119
18809  48.000  -45.915  8.677 0.3000000119
20701  38.362  -43.182  7.766 0.3000000119
19771  34.578  -44.874  6.699 0.2000000030
19770  35.064  -44.185  6.984 0.2000000030
20703  36.430  -43.456  7.448 0.2000000030
20702  37.424  -43.203  7.525 0.2000000030
17933  33.663  -46.592  6.679 0.2000000030
18829  33.648  -45.935  7.456 0.2000000030
19761  34.514  -44.635  7.724 0.2000000030
19760  35.143  -44.088  7.739 0.2000000030
20674  48.941  -43.729  8.594 0.2000000030
12728  35.891  -53.653  12.494 0.3000000119
12740  36.683  -53.986  11.000 0.3000000119
12739  37.350  -53.761  10.721 0.3000000119
13433  41.225  -52.184  8.622 0.2000000030
11980  40.742  -54.967  15.263 0.1000000015
10666  37.204  -56.594  10.935 0.2000000030
11311  35.821  -54.671  11.956 0.2000000030
12076  39.158  -53.618  5.172 0.1000000015
14101  38.309  -50.516  7.201 0.3000000119
18822  48.519  -45.484  8.262 0.3000000119
18801  41.724  -45.636  9.359 0.3000000119
13470  38.273  -52.150  6.742 0.3000000119
14756  37.022  -49.412  8.259 0.2000000030
12028  40.458  -54.541  9.365 0.2000000030
12745  39.101  -53.836  9.970 0.3000000119
12743  40.779  -53.429  9.090 0.2000000030
12113  37.270  -54.891  3.701 0.1000000015
11396  38.515  -55.425  2.008 0.1000000015
12077  38.412  -53.750  5.331 0.1000000015
12806  37.113  -53.942  5.773 0.1000000015
13452  36.593  -51.951  7.799 0.1000000015
12769  37.240  -52.637  7.083 0.2000000030
14103  36.619  -51.067  8.044 0.3000000119
14086  36.002  -50.733  8.399 0.3000000119
17883  35.630  -46.365  10.553 0.4000000060
12100  34.589  -54.605  4.346 0.2000000030
19710  39.002  -44.807  10.133 0.4000000060
12083  32.925  -54.474  5.132 0.2000000030
19729  40.217  -44.782  9.262 0.4000000060
13456  32.287  -52.494  7.678 0.3000000119
12807  31.957  -53.845  5.229 0.2000000030
19743  40.536  -44.593  8.713 0.4000000060
19742  41.589  -44.932  8.486 0.4000000060
19744  39.962  -44.497  8.914 0.4000000060
14776  32.150  -50.719  7.272 0.3000000119
19758  42.943  -44.667  7.624 0.4000000060
20683  36.748  -43.496  8.313 0.4000000060
19745  34.987  -44.306  8.378 0.2000000030
16233  33.055  -48.495  6.890 0.2000000030
17042  33.160  -47.959  7.043 0.2000000030
17023  33.230  -47.473  7.338 0.2000000030
18817  33.576  -46.054  7.942 0.2000000030
19759  42.079  -44.448  7.822 0.3000000119
19757  43.975  -45.034  7.713 0.2000000030
20696  43.446  -44.122  7.139 0.3000000119
18824  46.893  -45.547  7.779 0.2000000030
19754  47.340  -44.874  7.373 0.2000000030
12756  42.962  -53.440  7.900 0.1000000015
12767  43.306  -52.799  7.500 0.1000000015
13448  42.761  -51.970  7.324 0.1000000015
9982  37.846  -57.345  11.002 0.1000000015
13432  42.034  -52.142  7.875 0.1000000015
13466  43.944  -52.378  6.197 0.1000000015
13449  42.139  -51.500  7.428 0.1000000015
14099  42.836  -51.688  6.698 0.1000000015
21632  48.693  -42.267  8.200 0.1000000015
20673  49.186  -43.392  8.218 0.1000000015
22602  48.804  -41.307  6.792 0.1000000015
21642  49.274  -42.390  7.588 0.1000000015
19752  48.973  -44.939  8.119 0.1000000015
20711  49.299  -43.495  7.491 0.1000000015
19753  48.396  -44.961  7.613 0.1000000015
19766  48.865  -44.386  7.588 0.1000000015
20692  47.941  -44.464  7.085 0.1000000015
19756  45.128  -44.992  7.456 0.1000000015
20695  44.497  -44.237  7.026 0.2000000030
19768  46.669  -44.332  6.930 0.1000000015
19769  45.986  -44.168  6.730 0.2000000030
20698  41.410  -43.719  7.450 0.2000000030
20715  45.211  -43.597  6.294 0.2000000030
20716  43.950  -43.515  6.517 0.2000000030
20697  42.470  -43.919  7.266 0.2000000030
20734  45.870  -43.514  5.846 0.2000000030
20717  42.919  -43.431  6.615 0.2000000030
20699  40.299  -43.511  7.664 0.2000000030
20700  39.308  -43.252  7.833 0.2000000030
21648  38.092  -42.979  7.111 0.1000000015
20714  46.588  -43.811  6.256 0.2000000030
20718  41.997  -43.218  6.827 0.2000000030
21645  40.762  -43.002  7.016 0.2000000030
21646  39.815  -42.835  7.141 0.1000000015
21663  40.251  -42.560  6.370 0.1000000015
21647  38.881  -42.794  7.195 0.1000000015
20690  49.310  -43.458  7.988 0.1000000015
22587  48.274  -41.585  8.025 0.1000000015
22594  48.852  -41.651  7.553 0.1000000015
23468  47.955  -40.763  6.434 0.1000000015
22601  49.308  -41.932  7.035 0.1000000015
21657  49.450  -42.766  6.888 0.1000000015
20694  45.378  -44.341  6.964 0.2000000030
13497  30.899  -52.064  4.575 0.2000000030
14118  31.412  -51.772  6.201 0.2000000030
13487  31.150  -51.970  5.606 0.2000000030
14146  30.886  -51.219  4.279 0.2000000030
14789  31.780  -51.234  6.408 0.2000000030
14145  31.196  -51.326  5.075 0.2000000030
14132  31.469  -51.435  5.769 0.2000000030
14156  30.673  -51.375  3.496 0.2000000030
14799  31.824  -50.765  5.449 0.1000000015
14810  31.255  -50.551  4.560 0.2000000030
14788  32.326  -50.551  6.166 0.2000000030
15487  32.721  -49.555  6.638 0.2000000030
15498  32.228  -50.350  5.294 0.1000000015
15497  32.752  -50.099  5.487 0.1000000015
15507  30.922  -49.637  4.125 0.1000000015
15514  30.071  -49.563  3.532 0.1000000015
20713  47.963  -43.999  6.416 0.1000000015
16232  33.517  -48.939  6.220 0.1000000015
15496  33.430  -49.634  5.115 0.1000000015
15486  33.362  -49.584  5.783 0.1000000015
15506  31.933  -49.912  4.740 0.1000000015
16259  30.356  -48.660  3.889 0.1000000015
16255  31.297  -48.901  4.263 0.1000000015
17080  29.653  -47.620  3.770 0.1000000015
20732  47.374  -43.780  5.414 0.1000000015
20751  48.613  -43.587  4.525 0.1000000015
18840  33.784  -45.851  6.930 0.1000000015
17041  33.477  -47.884  6.563 0.1000000015
16243  33.876  -49.202  5.442 0.1000000015
17054  33.965  -48.408  5.751 0.1000000015
16254  32.092  -49.039  4.504 0.1000000015
17079  30.979  -47.815  4.024 0.1000000015
17068  31.592  -48.497  4.293 0.1000000015
20752  47.909  -44.147  4.417 0.1000000015
21658  44.910  -43.131  5.757 0.1000000015
17949  35.090  -46.721  5.361 0.1000000015
18859  34.611  -45.871  5.936 0.1000000015
17052  35.074  -47.442  5.139 0.1000000015
17053  34.468  -47.902  5.378 0.1000000015
17951  33.944  -47.468  5.994 0.1000000015
17950  34.429  -46.639  5.819 0.1000000015
16242  34.406  -48.796  5.101 0.1000000015
17065  33.856  -48.341  4.322 0.1000000015
16252  33.761  -49.090  4.705 0.1000000015
15504  33.284  -49.390  4.772 0.1000000015
17077  32.999  -47.488  3.905 0.1000000015
17066  32.959  -48.314  4.316 0.1000000015
16253  32.872  -49.007  4.554 0.1000000015
17078  32.009  -47.494  4.028 0.1000000015
20733  46.287  -43.555  5.368 0.1000000015
19784  35.505  -44.523  6.006 0.1000000015
17075  34.902  -47.808  3.673 0.1000000015
17064  34.730  -48.254  4.558 0.1000000015
17076  33.980  -47.689  3.783 0.1000000015
20738  35.872  -43.919  6.314 0.1000000015
17067  32.075  -48.336  4.333 0.1000000015
18858  35.239  -45.880  5.508 0.1000000015
10120  28.351  -57.620  -0.261 0.1000000015
10106  27.890  -57.230  0.062 0.1000000015
10121  27.492  -57.473  -0.355 0.1000000015
9428  27.954  -58.227  -0.739 0.1000000015
9443  27.472  -58.676  -1.354 0.1000000015
8765  27.057  -59.073  -1.923 0.1000000015
8783  26.227  -59.345  -2.512 0.1000000015
10119  29.561  -57.341  -0.303 0.1000000015
10105  28.420  -57.083  0.194 0.1000000015
9429  27.154  -58.118  -0.856 0.1000000015
9442  28.552  -58.718  -1.598 0.1000000015
10777  27.544  -56.510  0.253 0.1000000015
10776  28.483  -56.543  0.568 0.1000000015
10792  30.516  -56.654  -0.071 0.1000000015
9426  29.503  -57.904  -0.888 0.1000000015
10794  27.089  -57.028  -0.367 0.1000000015
11446  30.397  -55.289  0.678 0.1000000015
10773  30.970  -55.841  0.170 0.1000000015
10778  27.103  -56.103  -0.123 0.1000000015
10755  27.828  -55.816  0.824 0.1000000015
12172  27.468  -54.977  0.547 0.1000000015
11468  27.107  -55.676  -0.397 0.1000000015
11450  27.271  -55.657  0.178 0.1000000015
12173  27.261  -55.048  -0.020 0.1000000015
10793  29.880  -56.701  0.168 0.1000000015
8799  25.936  -59.802  -2.925 0.1000000015
4972  33.484  -65.170  19.065 0.1000000015
4986  33.333  -65.253  18.320 0.1000000015
5003  33.109  -65.367  17.386 0.1000000015
5033  33.331  -65.531  14.718 0.1000000015
5051  33.789  -65.119  12.868 0.1000000015
5517  34.233  -64.429  20.607 0.1000000015
5519  33.110  -64.128  19.931 0.1000000015
5526  34.317  -64.780  19.484 0.1000000015
5558  32.301  -64.807  17.163 0.1000000015
5576  32.304  -64.890  16.742 0.1000000015
5587  31.957  -64.448  15.600 0.1000000015
5601  35.414  -64.001  12.619 0.1000000015
5614  31.990  -64.424  13.386 0.1000000015
5643  35.049  -63.982  10.844 0.1000000015
5644  34.874  -64.112  10.995 0.1000000015
6031  35.296  -63.516  20.755 0.1000000015
6033  33.609  -63.729  20.962 0.1000000015
6071  32.148  -64.311  17.606 0.1000000015
6090  32.035  -64.029  16.132 0.1000000015
6109  31.917  -63.831  15.826 0.1000000015
6128  36.045  -63.503  12.129 0.1000000015
6149  36.376  -63.216  11.473 0.1000000015
6167  34.053  -63.443  10.748 0.1000000015
6184  35.768  -63.174  10.125 0.1000000015
6619  36.495  -62.475  20.118 0.1000000015
6620  36.079  -62.963  20.038 0.1000000015
6638  36.433  -62.395  19.749 0.1000000015
6670  32.031  -63.556  15.839 0.1000000015
6691  31.945  -63.675  15.670 0.1000000015
6728  37.391  -62.065  11.172 0.1000000015
7246  37.415  -61.472  20.573 0.1000000015
7330  36.571  -61.916  13.197 0.1000000015
7332  35.128  -62.207  14.115 0.1000000015
7334  30.133  -61.650  13.085 0.1000000015
7366  39.427  -60.768  10.156 0.1000000015
7387  33.608  -61.930  9.969 0.1000000015
7403  33.264  -61.374  9.467 0.1000000015
7901  34.695  -60.595  16.453 0.1000000015
7913  34.736  -60.678  15.631 0.1000000015
7922  37.539  -60.635  14.396 0.1000000015
7923  36.331  -60.899  14.237 0.1000000015
7925  34.720  -61.152  15.192 0.1000000015
7973  32.112  -61.094  10.592 0.1000000015
8013  33.749  -61.197  8.421 0.1000000015
8564  35.067  -60.143  15.549 0.1000000015
8661  29.677  -58.836  8.472 0.1000000015
8764  27.900  -59.153  -1.952 0.1000000015
9172  35.548  -58.993  17.633 0.1000000015
9186  35.540  -58.866  16.849 0.1000000015
9196  35.862  -58.915  16.089 0.1000000015
9301  29.190  -58.664  8.332 0.1000000015
9345  35.116  -58.037  6.787 0.1000000015
9364  28.018  -58.733  5.876 0.1000000015
9374  35.855  -58.215  3.950 0.1000000015
9427  28.944  -58.096  -0.806 0.1000000015
9917  37.105  -57.558  16.684 0.1000000015
9956  36.544  -56.785  12.520 0.4000000060
9979  40.633  -57.912  10.611 0.1000000015
9988  26.852  -58.217  8.908 0.1000000015
9994  27.202  -58.258  8.374 0.1000000015
9995  26.750  -58.248  8.364 0.1000000015
9996  26.326  -58.284  8.462 0.1000000015
10016  27.163  -58.250  8.129 0.1000000015
10017  26.897  -58.252  7.962 0.1000000015
10035  35.062  -57.687  6.151 0.1000000015
10038  32.915  -57.861  5.940 0.1000000015
10053  33.090  -57.795  5.477 0.1000000015
10068  33.196  -57.876  4.922 0.1000000015
10104  28.927  -56.889  0.264 0.1000000015
10137  29.819  -57.820  -1.013 0.1000000015
10153  40.106  -56.891  -3.264 0.1000000015
10562  36.929  -56.899  19.071 0.1000000015
10593  42.393  -56.316  17.153 0.1000000015
10596  38.753  -56.933  17.144 0.1000000015
10599  36.823  -56.746  17.739 0.1000000015
10611  42.470  -56.386  17.011 0.1000000015
10612  42.146  -56.668  16.925 0.1000000015
10632  37.371  -56.320  14.211 0.2000000030
10633  36.724  -56.005  13.742 0.3000000119
10647  36.181  -55.812  12.549 0.4000000060
10659  36.847  -56.760  11.502 0.4000000060
10667  36.747  -56.331  11.271 0.3000000119
10675  39.077  -56.417  10.067 0.1000000015
10754  28.123  -56.080  0.851 0.1000000015
10771  42.555  -56.141  0.714 0.1000000015
10774  30.122  -56.164  0.438 0.1000000015
10810  40.822  -56.286  -2.423 0.1000000015
10829  40.337  -56.483  -3.029 0.2000000030
10848  39.981  -56.474  -3.541 0.1000000015
10849  39.545  -56.453  -4.057 0.1000000015
11263  43.035  -55.221  17.428 0.1000000015
11271  43.129  -55.435  17.132 0.1000000015
11273  43.108  -55.469  16.756 0.1000000015
11300  35.887  -54.851  12.355 0.2000000030
11301  35.765  -54.514  12.142 0.3000000119
11310  36.061  -55.217  11.737 0.2000000030
11325  42.269  -55.702  9.243 0.1000000015
11414  42.645  -55.721  1.295 0.1000000015
11421  29.756  -55.044  1.102 0.2000000030
11424  27.746  -55.280  0.918 0.2000000030
11449  27.556  -55.658  0.575 0.1000000015
11465  33.392  -54.702  -0.893 0.1000000015
11485  34.709  -54.961  -1.907 0.2000000030
11507  35.258  -55.148  -2.431 0.1000000015
11944  44.004  -54.158  17.525 0.1000000015
11945  43.209  -54.580  17.722 0.1000000015
11972  43.527  -54.884  16.848 0.1000000015
11988  41.113  -54.286  14.999 0.2000000030
12003  36.344  -54.419  13.327 0.3000000119
12012  35.783  -54.237  12.310 0.3000000119
12017  35.738  -54.268  11.984 0.2000000030
12023  36.343  -54.624  11.211 0.2000000030
12030  38.679  -54.582  10.108 0.3000000119
12065  32.578  -54.256  5.737 0.2000000030
12093  41.829  -53.721  4.009 0.2000000030
12171  30.897  -54.602  0.659 0.2000000030
12187  32.055  -54.386  -0.041 0.2000000030
12197  35.861  -54.894  -2.045 0.1000000015
12198  35.272  -54.788  -1.732 0.2000000030
12211  35.677  -55.034  -2.316 0.1000000015
12684  44.668  -53.727  16.619 0.1000000015
12690  45.210  -53.178  16.269 0.1000000015
12710  37.045  -53.501  13.680 0.3000000119
12723  36.256  -53.475  13.152 0.4000000060
12729  35.763  -53.802  12.114 0.3000000119
12734  36.216  -53.735  11.459 0.4000000060
12735  35.863  -53.919  11.821 0.2000000030
12738  38.330  -53.516  10.358 0.3000000119
12742  41.296  -53.784  8.861 0.2000000030
12768  37.730  -52.425  6.902 0.2000000030
12817  42.703  -53.292  4.347 0.2000000030
12819  41.013  -53.426  4.690 0.2000000030
12828  42.926  -53.725  3.958 0.2000000030
12835  32.573  -53.293  1.671 0.2000000030
12836  31.945  -52.935  2.138 0.3000000119
12837  31.637  -52.982  2.727 0.3000000119
12888  33.042  -53.574  0.146 0.2000000030
13371  45.987  -51.695  15.201 0.1000000015
13390  42.859  -51.986  13.958 0.2000000030
13393  36.931  -52.457  13.583 0.4000000060
13405  35.870  -53.398  12.221 0.3000000119
13431  42.801  -52.576  7.631 0.1000000015
13467  40.496  -51.983  5.958 0.3000000119
13468  39.970  -52.162  6.043 0.3000000119
13471  31.352  -52.373  6.270 0.3000000119
13481  44.316  -52.807  5.830 0.1000000015
13483  42.898  -52.382  5.253 0.2000000030
13485  40.727  -52.260  5.722 0.2000000030
13496  42.350  -53.036  4.662 0.2000000030
13498  30.782  -51.631  4.059 0.2000000030
13505  30.770  -51.878  3.854 0.2000000030
13520  31.803  -52.719  1.743 0.3000000119
14028  46.270  -51.000  14.901 0.1000000015
14031  44.329  -51.835  14.349 0.2000000030
14034  38.958  -51.921  14.058 0.4000000060
14043  43.906  -51.480  14.103 0.2000000030
14070  40.657  -51.532  8.753 0.2000000030
14083  41.626  -51.074  7.538 0.4000000060
14098  43.413  -52.029  6.406 0.1000000015
14105  31.526  -51.822  6.764 0.3000000119
14112  43.458  -52.073  5.967 0.2000000030
14113  42.885  -51.760  6.132 0.2000000030
14155  30.740  -51.907  3.516 0.3000000119
14164  27.971  -51.508  2.291 0.1000000015
14171  30.318  -52.119  2.256 0.3000000119
14665  46.442  -50.456  15.782 0.1000000015
14688  46.004  -50.332  14.434 0.1000000015
14689  45.273  -50.901  14.316 0.2000000030
14690  44.859  -51.187  14.310 0.3000000119
14693  37.816  -51.455  13.894 0.5000000000
14700  45.277  -50.130  13.989 0.3000000119
14755  38.922  -49.681  9.164 0.4000000060
14773  38.597  -49.629  7.585 0.4000000060
14775  36.832  -50.220  8.060 0.3000000119
14784  41.567  -50.770  6.785 0.3000000119
14798  32.289  -50.451  5.604 0.1000000015
14835  29.279  -50.782  2.700 0.1000000015
14843  26.907  -49.980  1.385 0.1000000015
15370  46.291  -49.603  15.810 0.1000000015
15382  46.527  -49.662  15.233 0.1000000015
15399  46.064  -49.456  14.139 0.3000000119
15407  37.871  -49.874  13.627 0.5000000000
15418  44.765  -49.035  12.847 0.4000000060
15441  34.638  -48.732  9.225 0.5000000000
15474  39.135  -49.441  8.484 0.4000000060
15505  32.778  -49.562  4.843 0.1000000015
15517  27.393  -49.005  2.597 0.1000000015
15527  28.663  -50.391  2.818 0.1000000015
16143  46.032  -48.221  14.694 0.1000000015
16154  39.232  -48.988  13.304 0.5000000000
16165  45.597  -48.439  12.752 0.5000000000
16173  37.596  -48.649  13.044 0.5000000000
16191  44.072  -48.349  11.666 0.6000000238
16204  35.273  -48.624  9.177 0.5000000000
16251  34.273  -48.719  4.670 0.1000000015
16893  35.905  -47.326  17.425 0.1000000015
16911  39.581  -47.562  16.219 0.1000000015
16929  43.914  -47.262  15.369 0.2000000030
16941  45.155  -47.508  14.687 0.3000000119
16949  45.995  -47.834  13.781 0.5000000000
16956  42.944  -48.141  11.838 0.5000000000
17005  34.403  -47.498  9.343 0.3000000119
17024  33.060  -48.115  7.332 0.2000000030
17092  27.555  -47.869  2.449 0.1000000015
17787  35.774  -45.986  16.966 0.1000000015
17844  37.504  -47.240  12.152 0.5000000000
17879  42.277  -46.648  10.264 0.4000000060
17880  41.490  -46.342  10.430 0.4000000060
17881  40.631  -46.180  10.788 0.4000000060
17882  40.052  -46.125  11.040 0.3000000119
17885  34.583  -46.024  9.632 0.4000000060
17890  46.647  -46.752  9.240 0.4000000060
17895  41.938  -46.165  9.964 0.4000000060
17905  44.285  -46.389  8.912 0.4000000060
17907  33.610  -46.376  8.304 0.2000000030
17932  34.043  -46.299  6.299 0.1000000015
18723  42.395  -45.775  13.818 0.4000000060
18760  39.372  -45.887  11.071 0.4000000060
18761  38.904  -45.854  11.180 0.4000000060
18778  48.444  -45.390  9.288 0.4000000060
18790  34.822  -45.700  9.824 0.4000000060
18796  48.576  -45.402  9.148 0.5000000000
18805  34.502  -45.436  9.247 0.3000000119
18812  44.681  -46.117  8.389 0.4000000060
18825  45.971  -45.708  7.831 0.2000000030
18828  34.035  -45.367  7.243 0.2000000030
18839  34.186  -45.801  6.440 0.1000000015
19621  36.325  -44.965  16.121 0.1000000015
19704  48.458  -45.189  9.387 0.4000000060
19712  36.875  -44.666  10.385 0.4000000060
19739  49.010  -44.656  8.529 0.2000000030
19741  42.609  -45.080  8.126 0.4000000060
19746  34.578  -44.811  8.712 0.2000000030
19755  46.180  -44.836  7.315 0.1000000015
19767  48.495  -44.282  7.139 0.1000000015
19785  34.768  -45.330  6.078 0.1000000015
20559  34.411  -43.315  16.341 0.1000000015
20560  33.921  -43.253  16.807 0.1000000015
20598  37.918  -43.223  13.926 0.1000000015
20613  41.329  -43.760  12.142 0.3000000119
20669  37.098  -43.703  9.104 0.4000000060
20670  36.212  -43.860  8.978 0.4000000060
20679  40.815  -44.236  8.086 0.4000000060
20691  49.211  -44.096  7.888 0.1000000015
20704  35.644  -43.783  7.294 0.2000000030
20719  41.385  -43.115  6.932 0.2000000030
20722  35.598  -43.935  6.637 0.2000000030
20770  48.543  -43.395  4.209 0.1000000015
21509  34.270  -42.849  16.154 0.1000000015
21539  37.220  -42.993  13.978 0.1000000015
21623  44.090  -42.380  9.298 0.2000000030
21631  49.249  -43.012  8.075 0.1000000015
21641  49.411  -43.049  7.540 0.1000000015
21656  49.389  -43.255  7.178 0.1000000015
21679  45.926  -43.398  5.127 0.1000000015
21680  45.471  -43.254  5.417 0.1000000015
22586  48.504  -41.571  7.855 0.1000000015
22592  43.007  -41.112  9.076 0.1000000015
22595  47.971  -41.016  7.556 0.1000000015
22597  45.751  -40.867  7.766 0.2000000030
23353  33.687  -40.315  16.038 0.1000000015
23419  40.038  -40.975  10.327 0.2000000030
23441  38.720  -39.618  10.138 0.2000000030
23453  44.400  -40.627  7.925 0.2000000030
24162  34.026  -39.248  16.212 0.1000000015
24991  34.717  -38.364  14.484 0.1000000015
25029  35.833  -38.322  12.140 0.1000000015
25090  44.442  -39.061  6.313 0.2000000030
25812  34.870  -38.105  15.969 0.1000000015
25813  34.635  -38.368  15.767 0.1000000015
26859  41.173  -36.225  6.646 0.1000000015
26871  42.284  -36.384  5.627 0.1000000015
26872  41.982  -36.073  5.820 0.1000000015
26906  44.157  -36.643  3.416 0.1000000015
27684  39.227  -35.135  10.452 0.1000000015
27739  39.616  -35.641  7.965 0.1000000015
27760  41.794  -35.483  5.961 0.1000000015
28670  42.264  -34.413  5.850 0.1000000015
28709  43.058  -35.041  4.681 0.1000000015
