#!ascii label  , from subject sub-02 vox2ras=TkReg
305
17840  45.066  -46.544  12.616 0.0000000000
15453  38.569  -49.260  8.881 0.0000000000
11989  40.486  -54.288  14.728 0.0000000000
14707  38.546  -50.561  13.881 0.0000000000
12028  40.458  -54.541  9.365 0.0000000000
9973  36.728  -56.999  11.957 0.0000000000
10662  41.030  -57.237  10.255 0.0000000000
14731  36.296  -50.493  12.081 0.0000000000
16959  39.977  -47.639  12.158 0.0000000000
14701  44.577  -50.801  14.065 0.0000000000
13378  39.586  -52.731  13.991 0.0000000000
12016  35.959  -54.411  11.678 0.0000000000
14072  39.129  -51.698  9.665 0.0000000000
13448  42.761  -51.970  7.324 0.0000000000
19679  41.652  -44.225  12.498 0.0000000000
16942  44.418  -47.177  14.915 0.0000000000
13372  45.322  -52.060  14.871 0.0000000000
16979  43.216  -47.929  11.359 0.0000000000
9269  39.368  -58.412  11.155 0.0000000000
15435  37.383  -49.823  10.353 0.0000000000
15432  36.437  -49.526  11.731 0.0000000000
13375  42.561  -52.688  14.216 0.0000000000
12707  40.114  -53.620  14.207 0.0000000000
11328  39.058  -55.639  9.892 0.0000000000
11317  36.620  -55.654  11.034 0.0000000000
12021  37.832  -54.588  10.448 0.0000000000
13414  37.602  -52.683  10.633 0.0000000000
12744  39.816  -53.630  9.606 0.0000000000
14770  41.311  -50.610  7.147 0.0000000000
16131  44.837  -47.901  15.505 0.0000000000
16129  46.330  -48.963  15.347 0.0000000000
15371  45.623  -49.412  16.117 0.0000000000
14705  40.702  -50.471  13.615 0.0000000000
16152  40.983  -48.884  12.901 0.0000000000
17861  40.323  -46.582  11.243 0.0000000000
16995  41.897  -46.904  10.733 0.0000000000
10631  38.280  -56.633  14.703 0.0000000000
11280  37.948  -55.496  14.378 0.0000000000
9944  36.966  -57.434  13.245 0.0000000000
10664  39.284  -57.052  10.319 0.0000000000
10673  40.692  -56.448  9.928 0.0000000000
14709  36.667  -50.637  13.147 0.0000000000
16155  38.206  -49.108  13.385 0.0000000000
16157  36.852  -49.487  13.019 0.0000000000
16961  37.573  -47.851  12.551 0.0000000000
15476  38.182  -49.300  7.939 0.0000000000
17831  45.638  -47.283  13.194 0.0000000000
14046  41.157  -51.428  13.836 0.0000000000
14035  38.112  -51.959  13.974 0.0000000000
11992  37.590  -54.498  14.018 0.0000000000
12711  36.606  -53.970  13.488 0.0000000000
13394  36.410  -52.404  13.127 0.0000000000
13409  36.310  -52.718  11.607 0.0000000000
14066  37.848  -51.659  10.370 0.0000000000
14740  38.638  -50.521  9.643 0.0000000000
12757  41.719  -53.429  8.598 0.0000000000
13433  41.225  -52.184  8.622 0.0000000000
14753  40.395  -50.302  8.076 0.0000000000
14772  39.525  -49.743  7.793 0.0000000000
19689  42.180  -44.224  12.038 0.0000000000
18745  42.926  -45.232  12.600 0.0000000000
17834  42.833  -46.019  13.736 0.0000000000
17832  44.761  -46.858  13.818 0.0000000000
16150  46.276  -49.184  14.351 0.0000000000
14030  44.969  -51.582  14.471 0.0000000000
12704  43.062  -53.298  14.691 0.0000000000
12692  43.408  -53.968  15.513 0.0000000000
11980  40.742  -54.967  15.263 0.0000000000
16958  41.234  -47.914  12.043 0.0000000000
18743  44.790  -46.091  12.309 0.0000000000
14741  37.933  -49.952  9.837 0.0000000000
15436  36.825  -49.122  10.645 0.0000000000
12706  41.121  -53.599  14.443 0.0000000000
13376  41.623  -52.798  14.172 0.0000000000
11315  38.233  -55.385  10.188 0.0000000000
12029  39.521  -54.609  9.735 0.0000000000
12745  39.101  -53.836  9.970 0.0000000000
14129  42.392  -51.910  5.720 0.0000000000
15383  45.597  -48.867  15.948 0.0000000000
14706  39.676  -50.605  13.826 0.0000000000
15404  41.228  -49.544  13.203 0.0000000000
15405  39.999  -49.704  13.458 0.0000000000
18783  41.547  -45.957  10.003 0.0000000000
9937  37.649  -57.492  14.208 0.0000000000
9233  37.436  -58.053  12.677 0.0000000000
9980  39.740  -57.813  10.743 0.0000000000
9981  38.739  -57.734  10.950 0.0000000000
10663  40.211  -57.157  10.303 0.0000000000
14721  36.427  -50.414  12.627 0.0000000000
15409  36.597  -49.852  12.872 0.0000000000
15422  36.398  -49.828  12.390 0.0000000000
16962  36.803  -48.009  12.054 0.0000000000
16983  37.090  -47.420  12.033 0.0000000000
17843  38.099  -47.051  12.224 0.0000000000
15400  45.460  -49.252  13.474 0.0000000000
15401  44.424  -49.844  13.472 0.0000000000
14702  43.691  -50.672  13.739 0.0000000000
14047  40.401  -51.035  13.841 0.0000000000
13379  38.585  -52.745  13.958 0.0000000000
9945  36.524  -56.480  13.211 0.0000000000
11281  37.112  -55.331  14.030 0.0000000000
10637  36.345  -55.741  13.251 0.0000000000
11311  35.821  -54.671  11.956 0.0000000000
11289  36.099  -55.077  13.025 0.0000000000
12011  35.959  -54.292  12.808 0.0000000000
12722  36.610  -52.945  13.414 0.0000000000
12728  35.891  -53.653  12.494 0.0000000000
13404  36.091  -52.738  12.375 0.0000000000
13410  35.926  -53.377  11.922 0.0000000000
13413  38.430  -52.306  10.190 0.0000000000
14065  38.445  -51.432  9.994 0.0000000000
14734  38.131  -51.063  10.076 0.0000000000
14739  39.355  -50.884  9.349 0.0000000000
12075  44.270  -54.688  5.395 0.0000000000
13447  43.746  -52.492  6.982 0.0000000000
13446  44.370  -53.258  7.078 0.0000000000
12767  43.306  -52.799  7.500 0.0000000000
12756  42.962  -53.440  7.900 0.0000000000
12758  41.078  -52.817  8.870 0.0000000000
13432  42.034  -52.142  7.875 0.0000000000
14752  41.011  -50.566  7.646 0.0000000000
14771  40.509  -50.290  7.362 0.0000000000
14754  39.539  -50.145  8.807 0.0000000000
19678  42.490  -44.630  12.327 0.0000000000
19665  42.225  -44.921  12.935 0.0000000000
17803  43.651  -46.925  15.102 0.0000000000
17822  42.645  -46.269  14.413 0.0000000000
17821  43.845  -46.782  14.652 0.0000000000
17833  43.570  -46.222  13.585 0.0000000000
17820  44.554  -47.056  14.542 0.0000000000
16950  45.560  -47.418  13.954 0.0000000000
16940  45.786  -47.719  14.282 0.0000000000
14680  46.517  -50.380  15.054 0.0000000000
15393  46.403  -49.663  14.647 0.0000000000
14029  45.713  -51.286  14.651 0.0000000000
13373  44.547  -52.285  14.614 0.0000000000
12703  44.054  -53.083  14.887 0.0000000000
11275  41.906  -55.972  16.058 0.0000000000
11978  42.576  -54.934  15.838 0.0000000000
11979  41.642  -54.869  15.480 0.0000000000
16171  39.556  -48.303  12.822 0.0000000000
17878  43.022  -46.924  10.056 0.0000000000
14736  36.794  -50.405  11.195 0.0000000000
13389  43.395  -51.822  14.033 0.0000000000
14044  43.168  -51.360  13.830 0.0000000000
13391  41.972  -52.084  14.022 0.0000000000
12708  39.106  -53.666  14.062 0.0000000000
10666  37.204  -56.594  10.935 0.0000000000
10660  36.444  -56.263  11.752 0.0000000000
11316  37.446  -55.595  10.469 0.0000000000
12022  36.978  -54.703  10.729 0.0000000000
12740  36.683  -53.986  11.000 0.0000000000
12739  37.350  -53.761  10.721 0.0000000000
13420  39.126  -52.915  9.894 0.0000000000
13419  39.914  -52.547  9.442 0.0000000000
13449  42.139  -51.500  7.428 0.0000000000
14100  42.090  -51.088  7.033 0.0000000000
14114  41.924  -51.214  6.313 0.0000000000
16928  44.586  -47.442  15.148 0.0000000000
16144  45.508  -47.999  15.160 0.0000000000
16130  45.722  -48.541  15.594 0.0000000000
16116  46.075  -49.036  15.827 0.0000000000
14022  46.401  -51.142  15.491 0.0000000000
16169  41.804  -48.713  12.626 0.0000000000
16957  42.387  -48.082  11.920 0.0000000000
16982  39.913  -46.942  11.649 0.0000000000
16981  40.738  -47.225  11.569 0.0000000000
17860  41.147  -46.799  11.000 0.0000000000
17894  42.589  -46.345  9.701 0.0000000000
11279  38.885  -55.605  14.933 0.0000000000
11990  39.612  -54.577  14.668 0.0000000000
9938  36.945  -56.801  13.784 0.0000000000
9955  36.894  -57.428  12.418 0.0000000000
9972  37.280  -57.506  11.724 0.0000000000
9982  37.846  -57.345  11.002 0.0000000000
10665  38.296  -56.529  10.332 0.0000000000
10674  39.740  -56.383  9.987 0.0000000000
14708  37.494  -50.859  13.708 0.0000000000
15406  38.913  -49.764  13.654 0.0000000000
15408  37.053  -49.965  13.316 0.0000000000
16156  37.318  -49.295  13.217 0.0000000000
16172  38.474  -48.354  13.044 0.0000000000
16174  36.740  -48.947  12.553 0.0000000000
16960  38.790  -47.635  12.543 0.0000000000
17842  39.102  -46.989  11.935 0.0000000000
17862  39.481  -46.275  11.332 0.0000000000
15475  38.657  -49.276  8.162 0.0000000000
17839  45.721  -47.245  12.225 0.0000000000
16955  45.898  -47.900  12.789 0.0000000000
14691  39.109  -51.190  14.024 0.0000000000
14692  38.323  -51.298  13.985 0.0000000000
12709  38.088  -53.605  13.955 0.0000000000
11282  36.527  -55.187  13.572 0.0000000000
11993  36.848  -54.484  13.725 0.0000000000
13380  37.675  -52.659  13.847 0.0000000000
14048  37.424  -51.801  13.780 0.0000000000
14049  36.785  -51.561  13.384 0.0000000000
14060  36.366  -51.377  12.655 0.0000000000
14063  36.343  -51.569  11.827 0.0000000000
13415  36.777  -53.107  11.034 0.0000000000
14067  36.983  -51.819  11.026 0.0000000000
14735  37.638  -50.718  10.356 0.0000000000
15438  38.384  -49.644  9.412 0.0000000000
11326  41.153  -55.586  9.492 0.0000000000
12782  44.719  -53.661  6.794 0.0000000000
12042  42.033  -54.287  8.693 0.0000000000
12027  41.496  -54.470  8.981 0.0000000000
12743  40.779  -53.429  9.090 0.0000000000
13418  40.616  -52.293  9.043 0.0000000000
14071  39.954  -51.387  9.125 0.0000000000
14084  41.079  -51.143  8.190 0.0000000000
14085  40.331  -50.849  8.585 0.0000000000
15452  39.111  -49.497  8.851 0.0000000000
20623  42.989  -43.898  11.161 0.0000000000
20624  41.933  -43.685  11.599 0.0000000000
19688  42.726  -44.315  11.746 0.0000000000
19677  43.291  -44.935  12.073 0.0000000000
18744  43.979  -45.786  12.636 0.0000000000
18724  41.761  -45.629  14.178 0.0000000000
18736  41.989  -45.262  13.563 0.0000000000
18735  42.871  -45.688  13.211 0.0000000000
18734  43.446  -45.917  13.128 0.0000000000
17841  44.345  -46.361  13.156 0.0000000000
16151  46.041  -48.647  13.834 0.0000000000
14699  45.742  -49.762  14.040 0.0000000000
16142  46.393  -49.035  14.686 0.0000000000
14042  44.537  -51.393  14.296 0.0000000000
13374  43.622  -52.353  14.276 0.0000000000
12705  42.083  -53.389  14.591 0.0000000000
12693  42.403  -54.020  15.219 0.0000000000
12694  41.657  -53.973  14.978 0.0000000000
11981  40.193  -54.823  15.043 0.0000000000
16153  40.270  -48.946  13.082 0.0000000000
16170  40.629  -48.399  12.608 0.0000000000
16980  41.896  -47.453  11.320 0.0000000000
16994  42.698  -47.254  10.650 0.0000000000
9956  36.544  -56.785  12.520 0.0000000000
9979  40.633  -57.912  10.611 0.0000000000
10632  37.371  -56.320  14.211 0.0000000000
10633  36.724  -56.005  13.742 0.0000000000
10647  36.181  -55.812  12.549 0.0000000000
10659  36.847  -56.760  11.502 0.0000000000
10667  36.747  -56.331  11.271 0.0000000000
10675  39.077  -56.417  10.067 0.0000000000
11277  40.009  -55.709  15.342 0.0000000000
11300  35.887  -54.851  12.355 0.0000000000
11301  35.765  -54.514  12.142 0.0000000000
11310  36.061  -55.217  11.737 0.0000000000
11340  42.289  -54.853  8.796 0.0000000000
11988  41.113  -54.286  14.999 0.0000000000
12003  36.344  -54.419  13.327 0.0000000000
12012  35.783  -54.237  12.310 0.0000000000
12017  35.738  -54.268  11.984 0.0000000000
12023  36.343  -54.624  11.211 0.0000000000
12030  38.679  -54.582  10.108 0.0000000000
12710  37.045  -53.501  13.680 0.0000000000
12723  36.256  -53.475  13.152 0.0000000000
12729  35.763  -53.802  12.114 0.0000000000
12734  36.216  -53.735  11.459 0.0000000000
12735  35.863  -53.919  11.821 0.0000000000
12738  38.330  -53.516  10.358 0.0000000000
12742  41.296  -53.784  8.861 0.0000000000
12765  44.502  -53.702  7.269 0.0000000000
12766  43.938  -53.643  7.571 0.0000000000
13371  45.987  -51.695  15.201 0.0000000000
13390  42.859  -51.986  13.958 0.0000000000
13393  36.931  -52.457  13.583 0.0000000000
13405  35.870  -53.398  12.221 0.0000000000
13431  42.801  -52.576  7.631 0.0000000000
14028  46.270  -51.000  14.901 0.0000000000
14031  44.329  -51.835  14.349 0.0000000000
14034  38.958  -51.921  14.058 0.0000000000
14043  43.906  -51.480  14.103 0.0000000000
14070  40.657  -51.532  8.753 0.0000000000
14083  41.626  -51.074  7.538 0.0000000000
14665  46.442  -50.456  15.782 0.0000000000
14688  46.004  -50.332  14.434 0.0000000000
14689  45.273  -50.901  14.316 0.0000000000
14690  44.859  -51.187  14.310 0.0000000000
14693  37.816  -51.455  13.894 0.0000000000
14700  45.277  -50.130  13.989 0.0000000000
14755  38.922  -49.681  9.164 0.0000000000
14773  38.597  -49.629  7.585 0.0000000000
14784  41.567  -50.770  6.785 0.0000000000
15370  46.291  -49.603  15.810 0.0000000000
15382  46.527  -49.662  15.233 0.0000000000
15384  44.948  -48.729  16.013 0.0000000000
15399  46.064  -49.456  14.139 0.0000000000
15407  37.871  -49.874  13.627 0.0000000000
15474  39.135  -49.441  8.484 0.0000000000
16117  45.849  -48.925  15.922 0.0000000000
16143  46.032  -48.221  14.694 0.0000000000
16154  39.232  -48.988  13.304 0.0000000000
16165  45.597  -48.439  12.752 0.0000000000
16173  37.596  -48.649  13.044 0.0000000000
16929  43.914  -47.262  15.369 0.0000000000
16941  45.155  -47.508  14.687 0.0000000000
16949  45.995  -47.834  13.781 0.0000000000
16956  42.944  -48.141  11.838 0.0000000000
17844  37.504  -47.240  12.152 0.0000000000
17879  42.277  -46.648  10.264 0.0000000000
17880  41.490  -46.342  10.430 0.0000000000
17881  40.631  -46.180  10.788 0.0000000000
17895  41.938  -46.165  9.964 0.0000000000
18723  42.395  -45.775  13.818 0.0000000000
