#!ascii label  , from subject sub-02 vox2ras=TkReg
625
51747  20.030  -10.555  -7.636 0.1428571492
51724  18.934  -10.020  -6.489 0.1428571492
53921  19.039  -8.605  -7.951 0.1428571492
50646  21.076  -10.938  -8.287 0.1428571492
52836  19.556  -8.974  -8.225 0.2857142985
52805  18.793  -8.952  -7.115 0.1428571492
51773  21.556  -10.475  -8.642 0.1428571492
53973  19.685  -7.969  -8.997 0.5714285970
52834  21.328  -9.638  -9.027 0.1428571492
53969  22.989  -8.987  -10.125 0.2857142985
52851  22.202  -9.353  -9.640 0.2857142985
53983  23.651  -8.516  -10.488 0.1428571492
56167  24.768  -6.730  -12.377 0.2857142985
56155  24.087  -7.301  -11.987 0.1428571492
56156  22.942  -6.911  -11.616 0.2857142985
58243  25.845  -5.243  -13.427 0.2857142985
57219  25.704  -5.913  -12.628 0.2857142985
58272  25.322  -4.276  -14.754 0.2857142985
58256  25.258  -5.003  -14.200 0.2857142985
60369  25.904  -3.019  -15.973 0.2857142985
62508  26.004  -0.706  -16.725 0.8571428657
61461  25.699  -2.189  -16.419 0.4285714328
60355  26.713  -3.083  -14.903 0.2857142985
64537  26.682  0.614  -17.710 0.7142857313
63519  26.978  0.172  -17.312 0.7142857313
63507  26.522  -0.579  -16.767 0.7142857313
62497  25.441  -1.250  -16.533 0.7142857313
64550  27.696  1.454  -18.263 0.8571428657
64551  26.969  1.097  -18.170 0.5714285970
64552  26.507  1.043  -17.918 0.8571428657
63520  26.209  0.012  -17.089 0.7142857313
62509  25.287  -0.372  -16.528 0.7142857313
66564  29.148  3.425  -18.765 0.4285714328
68909  29.801  5.217  -19.004 0.2857142985
67698  28.885  4.906  -19.964 0.5714285970
65573  28.357  3.004  -18.853 0.8571428657
66565  28.640  3.492  -19.070 0.7142857313
65561  26.972  2.125  -18.234 0.8571428657
69940  29.974  6.740  -19.358 0.1428571492
69924  30.028  5.824  -19.050 0.1428571492
68920  29.165  5.343  -19.833 0.4285714328
67691  28.439  4.189  -19.269 0.5714285970
66566  28.030  3.445  -18.895 0.8571428657
71749  29.522  7.856  -19.902 0.1428571492
70863  30.416  7.328  -19.163 0.1428571492
70864  29.439  7.170  -19.685 0.1428571492
69942  28.692  6.203  -19.759 0.4285714328
67679  27.373  4.164  -18.092 0.8571428657
72627  29.574  8.442  -20.070 0.1428571492
72626  30.449  8.725  -20.126 0.1428571492
70865  28.784  7.059  -19.777 0.1428571492
70844  28.327  7.038  -19.309 0.4285714328
69943  28.297  5.900  -19.554 0.5714285970
68910  27.647  5.189  -18.634 0.7142857313
68869  25.903  4.621  -17.220 0.8571428657
72628  28.897  8.785  -19.759 0.1428571492
71750  28.765  7.845  -19.864 0.1428571492
71731  28.123  7.476  -18.785 0.5714285970
69927  27.387  6.193  -18.218 0.8571428657
68890  27.232  5.022  -17.870 0.8571428657
68911  27.129  5.598  -17.837 0.8571428657
72629  28.737  8.512  -19.165 0.1428571492
71717  28.053  8.470  -18.324 0.8571428657
70845  27.850  7.039  -18.673 0.8571428657
70846  27.624  6.638  -18.444 0.7142857313
70826  27.221  7.162  -17.977 0.8571428657
73534  28.991  10.042  -18.935 0.1428571492
73555  29.069  10.034  -19.548 0.1428571492
72610  28.813  9.280  -18.802 0.4285714328
72596  25.852  9.059  -17.561 0.8571428657
71720  25.477  8.334  -17.660 0.8571428657
70827  26.061  7.402  -17.487 0.8571428657
73512  27.833  9.792  -17.593 0.4285714328
71721  24.714  8.541  -17.873 0.8571428657
70847  23.938  7.934  -18.262 0.8571428657
74469  29.252  10.812  -19.120 0.1428571492
74470  28.867  11.184  -18.474 0.2857142985
73535  28.400  10.247  -18.060 0.5714285970
73537  26.341  10.851  -17.028 0.8571428657
73513  27.033  9.866  -17.303 0.8571428657
73514  26.120  9.813  -17.326 0.8571428657
72597  24.949  9.109  -17.602 0.8571428657
73516  24.403  9.763  -17.611 0.8571428657
71732  24.170  8.429  -18.131 0.8571428657
75409  29.503  11.943  -19.046 0.2857142985
73556  27.061  11.396  -16.969 0.7142857313
73536  27.303  10.916  -17.104 0.5714285970
73558  26.102  11.111  -16.938 0.8571428657
73517  24.045  9.687  -17.838 0.8571428657
73540  23.797  10.164  -17.869 0.8571428657
72612  23.815  8.854  -18.175 0.8571428657
74472  24.474  11.871  -18.056 0.8571428657
73539  24.433  10.598  -17.422 0.8571428657
73541  22.814  10.668  -18.366 0.7142857313
74489  25.128  11.890  -17.236 0.8571428657
75414  24.288  12.443  -17.844 0.8571428657
75415  23.648  12.659  -17.990 0.8571428657
74473  23.817  11.021  -17.743 0.7142857313
76363  26.575  13.472  -17.429 0.7142857313
76382  24.419  13.725  -17.889 0.8571428657
77408  24.530  14.312  -17.871 0.8571428657
77376  25.028  15.075  -17.887 0.7142857313
76365  24.052  13.543  -18.068 0.8571428657
78489  31.486  16.034  -20.796 0.1428571492
77392  26.402  14.980  -17.704 0.8571428657
78472  26.286  15.406  -18.063 0.7142857313
77377  24.791  14.857  -17.986 0.8571428657
80358  31.757  17.820  -22.333 0.1428571492
79463  29.395  16.546  -18.805 0.5714285970
79464  28.732  17.004  -18.777 0.5714285970
80339  27.976  17.413  -19.039 0.5714285970
80349  30.492  17.549  -20.118 0.1428571492
81216  31.917  18.749  -23.101 0.1428571492
81183  28.298  18.115  -19.705 0.5714285970
82938  30.869  20.306  -22.982 0.1428571492
82948  31.289  20.590  -23.732 0.1428571492
82051  30.091  19.169  -20.824 0.1428571492
83812  30.680  21.571  -24.109 0.1428571492
81197  29.718  18.485  -20.233 0.5714285970
82949  30.678  20.816  -23.345 0.1428571492
83802  29.605  21.553  -23.244 0.1428571492
83813  29.789  22.231  -24.124 0.1428571492
50630  19.715  -10.941  -7.189 0.1428571492
51723  19.284  -10.715  -6.745 0.1428571492
52835  20.359  -9.361  -8.568 0.2857142985
52850  23.087  -9.536  -9.546 0.2857142985
52852  21.480  -9.007  -9.625 0.2857142985
56154  24.781  -7.148  -11.592 0.2857142985
55113  24.235  -7.550  -11.479 0.2857142985
55114  23.723  -7.699  -11.446 0.1428571492
59336  25.671  -3.436  -15.511 0.2857142985
59326  24.954  -3.719  -15.263 0.2857142985
62496  26.453  -1.238  -16.460 0.4285714328
65559  28.628  2.144  -18.158 0.2857142985
65545  26.481  2.655  -17.787 0.8571428657
67700  28.103  4.740  -19.330 0.7142857313
72637  29.737  8.584  -20.585 0.1428571492
71718  27.639  7.954  -18.187 0.8571428657
70825  27.598  7.399  -18.263 0.8571428657
69907  25.561  6.509  -17.285 0.8571428657
70828  24.765  7.644  -17.809 0.8571428657
74487  26.920  11.596  -17.001 0.8571428657
75413  26.393  13.019  -16.969 0.8571428657
77375  27.196  14.686  -17.609 0.8571428657
79447  28.991  15.726  -18.478 0.7142857313
80337  29.891  17.173  -19.401 0.2857142985
81196  30.541  18.548  -20.618 0.1428571492
82068  31.316  19.599  -22.762 0.1428571492
113980  31.650  22.188  -25.869 0.1428571492
50608  19.034  -10.791  -6.192 0.1428571492
53950  20.742  -8.871  -9.262 0.4285714328
53984  22.735  -8.345  -10.556 0.2857142985
53971  21.095  -8.329  -9.949 0.4285714328
53972  20.278  -8.137  -9.415 0.2857142985
55101  23.367  -8.028  -10.980 0.1428571492
56166  25.374  -6.616  -12.004 0.2857142985
57220  24.639  -6.177  -13.051 0.2857142985
57221  23.738  -5.947  -13.108 0.2857142985
57234  25.208  -5.678  -13.481 0.2857142985
61462  24.661  -1.921  -16.350 0.7142857313
71748  30.475  8.242  -19.643 0.1428571492
72638  28.690  8.338  -20.454 0.1428571492
73571  28.858  9.691  -20.151 0.1428571492
72594  27.682  8.996  -17.820 0.8571428657
69906  26.648  6.354  -17.606 0.8571428657
68892  25.020  5.623  -17.023 1.0000000000
74485  29.318  10.873  -19.750 0.1428571492
75410  28.711  12.512  -18.184 0.2857142985
72614  22.273  9.667  -18.593 0.8571428657
75411  28.046  12.134  -17.475 0.5714285970
76352  28.323  13.743  -18.036 0.5714285970
77390  28.466  14.434  -18.149 0.5714285970
78470  28.387  15.291  -18.195 0.7142857313
79462  30.466  16.311  -19.474 0.4285714328
78481  30.483  15.051  -19.554 0.2857142985
79472  30.991  16.668  -20.277 0.1428571492
80348  31.249  17.287  -20.579 0.1428571492
80355  31.118  18.069  -20.791 0.1428571492
82060  29.548  19.762  -21.295 0.2857142985
81212  31.577  18.774  -22.328 0.1428571492
82939  30.257  20.551  -22.663 0.1428571492
82929  29.755  20.206  -21.964 0.1428571492
82940  29.258  20.804  -22.462 0.1428571492
82076  31.979  19.710  -23.936 0.1428571492
84606  28.020  22.730  -24.437 0.1428571492
113988  29.281  23.020  -24.607 0.1428571492
76361  29.449  13.288  -18.773 0.4285714328
77407  29.961  14.240  -19.382 0.4285714328
77406  30.404  14.532  -19.611 0.4285714328
78469  28.985  15.021  -18.470 0.5714285970
78482  29.727  15.326  -18.893 0.5714285970
51774  20.656  -10.354  -8.276 0.1428571492
52803  19.827  -9.775  -7.922 0.1428571492
51748  19.347  -10.133  -7.252 0.1428571492
52776  18.814  -9.450  -5.918 0.1428571492
53922  18.778  -8.485  -7.514 0.2857142985
53951  20.004  -8.563  -8.781 0.5714285970
52833  22.281  -9.993  -9.134 0.1428571492
53970  22.053  -8.709  -10.094 0.1428571492
63521  25.058  0.530  -16.775 0.7142857313
65560  28.011  2.386  -18.642 0.8571428657
67690  29.116  4.347  -19.495 0.5714285970
68921  28.642  5.386  -19.818 0.5714285970
69925  28.212  6.463  -19.313 0.1428571492
72611  28.357  9.010  -18.336 0.5714285970
71719  26.538  8.165  -17.650 0.8571428657
73538  25.511  10.307  -17.206 0.8571428657
73515  25.187  9.788  -17.357 0.8571428657
72613  23.369  9.397  -18.204 0.8571428657
73559  25.056  11.182  -17.152 0.8571428657
75432  25.745  12.791  -17.166 0.8571428657
75433  25.001  12.943  -17.546 0.8571428657
79476  31.673  16.738  -21.737 0.1428571492
80350  29.676  17.761  -19.766 0.5714285970
80320  27.315  16.961  -18.630 0.5714285970
82052  29.142  19.286  -20.637 0.4285714328
82059  30.636  19.511  -21.713 0.1428571492
83811  31.402  21.292  -24.568 0.1428571492
82956  31.770  20.736  -24.750 0.1428571492
81206  30.882  18.749  -21.095 0.1428571492
56142  25.210  -7.111  -10.945 0.1428571492
75398  28.292  13.129  -17.884 0.5714285970
57235  24.415  -5.613  -13.725 0.5714285970
82930  28.886  20.270  -21.831 0.1428571492
57222  22.798  -5.525  -12.989 0.5714285970
58231  21.179  -4.651  -12.110 0.5714285970
58233  19.836  -4.367  -10.994 0.2857142985
58259  22.193  -4.349  -13.617 0.5714285970
58260  21.602  -3.969  -13.293 0.5714285970
57210  19.900  -5.089  -10.953 0.4285714328
59287  19.598  -3.428  -10.554 0.2857142985
59285  20.319  -3.326  -11.811 0.4285714328
60357  24.314  -3.326  -15.231 0.4285714328
59312  22.698  -3.695  -14.309 0.5714285970
59313  21.804  -3.558  -13.709 0.5714285970
60332  21.005  -2.865  -13.160 0.4285714328
60358  23.692  -2.871  -15.130 0.5714285970
60359  22.511  -2.608  -14.533 0.5714285970
60343  22.067  -3.141  -14.089 0.4285714328
61448  23.184  -1.979  -15.301 0.7142857313
60371  24.008  -2.264  -15.768 0.4285714328
59301  20.692  -3.257  -12.492 0.4285714328
60320  20.132  -2.580  -11.308 0.2857142985
59286  19.799  -3.381  -10.895 0.2857142985
60344  21.403  -2.604  -13.652 0.4285714328
62498  24.449  -0.978  -16.423 0.7142857313
62500  22.187  -0.573  -15.468 0.4285714328
62511  23.431  0.160  -16.531 0.7142857313
63509  21.891  0.337  -15.806 0.5714285970
63524  22.208  0.812  -16.339 0.7142857313
63525  21.615  0.938  -16.032 0.2857142985
62510  24.255  -0.098  -16.565 0.5714285970
62499  23.320  -0.647  -16.255 0.7142857313
63522  23.958  0.711  -16.772 0.7142857313
64541  22.455  1.506  -16.641 0.7142857313
65549  22.821  2.362  -16.973 0.7142857313
65550  21.482  2.250  -16.525 0.4285714328
66544  22.229  3.374  -17.074 0.4285714328
64538  25.811  1.156  -17.513 0.5714285970
65548  23.925  2.290  -17.319 0.5714285970
66543  23.371  3.260  -17.290 0.7142857313
67663  23.958  4.077  -17.321 0.7142857313
66557  21.717  3.923  -17.191 0.5714285970
67682  21.775  4.620  -17.547 0.5714285970
66555  27.456  3.017  -18.413 0.7142857313
66541  25.443  3.100  -17.290 0.5714285970
65547  25.041  2.213  -17.341 0.5714285970
66542  24.450  3.152  -17.302 0.7142857313
68871  24.478  4.841  -17.127 0.8571428657
66545  21.122  3.395  -16.862 0.4285714328
68872  23.615  4.894  -17.373 0.7142857313
67681  22.368  4.989  -17.707 0.7142857313
68894  22.892  5.514  -17.670 0.7142857313
68896  21.083  5.458  -17.679 0.5714285970
68895  21.962  5.540  -17.935 0.7142857313
66540  26.161  3.044  -17.477 0.5714285970
68893  23.928  5.697  -17.282 0.8571428657
69909  23.351  6.518  -17.757 0.7142857313
69911  21.323  6.258  -18.179 0.5714285970
69929  21.352  6.970  -18.628 0.2857142985
68891  26.338  5.094  -17.349 0.7142857313
70850  21.450  7.728  -18.890 0.7142857313
69910  22.261  6.592  -18.256 0.8571428657
71734  22.764  8.601  -18.473 0.8571428657
70830  23.006  7.184  -18.247 0.8571428657
70849  22.341  7.669  -18.582 0.8571428657
71735  21.798  8.638  -18.719 0.8571428657
71736  20.916  8.600  -19.053 0.7142857313
70829  23.768  7.331  -17.972 0.8571428657
70848  23.259  7.850  -18.428 0.8571428657
72615  21.338  9.705  -18.975 0.7142857313
77396  22.156  12.434  -19.236 0.7142857313
113797  21.427  12.080  -19.410 0.7142857313
76366  23.287  13.545  -18.286 0.7142857313
77394  24.235  14.366  -18.191 0.8571428657
78474  23.949  15.009  -18.752 0.7142857313
77395  23.173  14.062  -18.798 0.7142857313
78475  23.065  14.723  -19.292 0.7142857313
78484  23.383  15.525  -19.383 0.7142857313
78485  22.270  14.952  -19.652 0.5714285970
78473  24.959  15.490  -18.245 0.7142857313
78483  24.226  15.771  -18.970 0.7142857313
79451  24.855  16.379  -18.891 0.4285714328
79465  23.935  16.345  -19.375 0.5714285970
80322  25.554  17.068  -19.037 0.5714285970
79466  22.874  16.175  -19.564 0.4285714328
79468  21.035  15.410  -19.359 0.4285714328
80342  23.647  17.068  -19.440 0.5714285970
81166  25.669  17.548  -19.302 0.5714285970
79467  21.729  15.867  -19.320 0.4285714328
80343  22.662  16.997  -19.320 0.5714285970
81168  22.782  17.561  -19.257 0.4285714328
65546  26.069  2.226  -17.637 0.5714285970
80344  22.153  16.794  -19.093 0.2857142985
57208  21.326  -5.182  -11.879 0.5714285970
56158  20.779  -5.755  -11.218 0.5714285970
58274  23.900  -4.454  -14.502 0.2857142985
58257  24.127  -4.959  -14.255 0.4285714328
58273  24.547  -4.418  -14.674 0.2857142985
59327  23.725  -3.838  -14.763 0.5714285970
60319  20.266  -2.494  -11.914 0.4285714328
60360  21.738  -1.892  -14.283 0.5714285970
60333  20.652  -2.548  -12.702 0.2857142985
61464  22.899  -1.247  -15.616 0.5714285970
64525  27.859  0.356  -16.700 0.2857142985
63495  20.932  0.266  -14.849 0.2857142985
69908  24.380  6.608  -17.424 0.8571428657
69928  21.828  7.231  -18.607 0.7142857313
73542  21.797  10.997  -19.141 0.7142857313
113794  21.875  11.731  -19.194 0.7142857313
73560  21.255  11.387  -19.433 0.7142857313
79450  25.868  16.269  -18.518 0.5714285970
80321  26.449  16.983  -18.717 0.5714285970
61436  21.142  -1.436  -13.908 0.4285714328
65562  26.495  1.475  -17.936 0.7142857313
67680  26.627  4.137  -17.557 0.7142857313
68870  25.443  4.709  -17.102 0.7142857313
67661  25.961  4.002  -17.278 0.7142857313
78456  24.557  14.978  -18.199 0.8571428657
57237  22.744  -4.982  -13.584 0.5714285970
58245  21.468  -4.428  -12.651 0.5714285970
57223  22.011  -5.207  -12.574 0.4285714328
58232  20.725  -4.402  -11.883 0.5714285970
58246  20.833  -3.762  -12.382 0.4285714328
57209  20.380  -5.087  -11.325 0.5714285970
59311  23.187  -4.047  -14.479 0.5714285970
59300  21.129  -3.396  -13.038 0.4285714328
57196  20.089  -5.618  -10.849 0.5714285970
59328  23.154  -3.258  -14.682 0.5714285970
60345  20.860  -1.886  -13.322 0.4285714328
61449  22.182  -1.395  -14.862 0.4285714328
61463  23.735  -1.533  -16.010 0.5714285970
63508  22.657  0.123  -16.213 0.5714285970
62501  21.513  0.019  -15.224 0.4285714328
62483  21.896  -0.894  -14.963 0.4285714328
63510  21.191  0.762  -15.480 0.2857142985
64540  23.448  1.501  -16.941 0.7142857313
64539  24.542  1.405  -17.105 0.7142857313
67665  22.144  4.046  -17.376 0.7142857313
67664  22.808  4.324  -17.514 0.7142857313
67683  20.850  4.723  -17.239 0.2857142985
69930  20.790  6.762  -18.417 0.5714285970
70831  20.380  6.947  -18.253 0.2857142985
80323  24.641  17.016  -19.414 0.7142857313
61404  20.212  -1.662  -11.929 0.1428571492
61437  20.756  -1.369  -13.428 0.4285714328
53953  18.776  -8.134  -7.982 0.4285714328
58255  26.308  -4.529  -13.789 0.1428571492
61460  26.730  -2.207  -15.890 0.1428571492
61459  27.301  -1.735  -15.474 0.1428571492
59324  26.453  -3.799  -14.305 0.1428571492
59299  26.797  -4.233  -13.277 0.1428571492
61447  26.813  -2.600  -15.365 0.1428571492
60342  26.936  -3.220  -13.988 0.1428571492
62495  27.263  -1.247  -15.882 0.1428571492
64524  28.366  1.026  -16.298 0.2857142985
64535  28.310  1.347  -17.749 0.1428571492
85348  26.035  23.357  -26.326 0.1428571492
72616  20.503  9.704  -18.782 0.4285714328
85346  25.554  22.648  -26.106 0.1428571492
84592  28.698  21.886  -23.250 0.1428571492
73561  20.755  11.725  -19.480 0.4285714328
113796  21.259  11.746  -19.479 0.5714285970
113802  21.352  12.596  -19.428 0.4285714328
82070  25.792  18.927  -22.889 0.2857142985
81200  26.138  18.581  -20.827 0.2857142985
81167  25.274  17.436  -19.525 0.2857142985
113811  20.310  13.188  -19.221 0.1428571492
77410  22.471  13.962  -19.267 0.5714285970
81201  25.107  18.056  -20.715 0.2857142985
80341  26.033  17.570  -19.014 0.4285714328
113812  20.930  13.300  -19.542 0.4285714328
77411  21.694  13.503  -19.397 0.5714285970
113816  21.222  13.577  -19.314 0.4285714328
81187  23.411  17.894  -19.452 0.1428571492
81186  24.589  17.688  -19.854 0.1428571492
113817  20.554  13.991  -18.963 0.1428571492
78486  20.924  14.710  -19.568 0.4285714328
81202  24.497  18.369  -20.258 0.1428571492
81209  24.831  18.422  -21.270 0.1428571492
78476  20.670  14.530  -18.699 0.2857142985
80325  22.599  17.221  -18.655 0.1428571492
81188  23.076  18.028  -19.250 0.1428571492
82036  23.229  18.271  -19.188 0.1428571492
82025  23.153  18.723  -18.783 0.1428571492
55066  19.164  -7.393  -8.933 0.4285714328
57163  18.534  -5.453  -8.851 0.2857142985
60354  27.202  -2.617  -14.248 0.1428571492
63494  27.727  -0.707  -15.721 0.1428571492
73543  20.884  10.714  -19.309 0.2857142985
79449  26.962  16.245  -18.284 0.4285714328
81199  27.572  18.663  -20.348 0.2857142985
81208  25.232  18.324  -21.666 0.2857142985
82063  26.302  18.992  -21.923 0.2857142985
82065  24.722  18.679  -22.353 0.2857142985
57152  18.483  -5.596  -7.849 0.2857142985
55100  24.427  -7.891  -10.655 0.1428571492
57218  26.373  -5.410  -12.340 0.1428571492
63506  27.306  -0.253  -16.529 0.1428571492
80340  26.804  17.552  -19.091 0.4285714328
82071  25.127  18.640  -23.234 0.2857142985
82933  26.288  19.311  -22.575 0.2857142985
82054  27.080  19.038  -21.030 0.2857142985
82062  27.398  19.566  -21.419 0.2857142985
82943  26.244  19.748  -23.121 0.2857142985
84602  26.596  21.599  -24.052 0.1428571492
84603  25.422  21.350  -24.376 0.1428571492
84601  27.905  21.894  -23.745 0.1428571492
82055  24.546  18.974  -20.964 0.2857142985
83815  27.205  21.196  -23.500 0.1428571492
84607  27.115  22.306  -24.379 0.1428571492
82941  28.259  20.752  -22.338 0.1428571492
83814  27.973  21.451  -23.242 0.1428571492
65558  29.204  2.550  -17.548 0.2857142985
81198  28.692  18.699  -20.192 0.4285714328
82950  25.350  19.669  -23.781 0.2857142985
82931  27.817  20.203  -21.819 0.2857142985
82942  27.243  20.439  -22.534 0.1428571492
53952  19.244  -8.187  -8.451 0.4285714328
64536  27.579  0.614  -17.483 0.4285714328
81184  27.105  18.124  -19.729 0.2857142985
82053  28.077  19.195  -20.781 0.2857142985
113799  21.064  12.197  -19.537 0.4285714328
80324  22.525  17.345  -19.132 0.2857142985
61446  27.240  -2.211  -14.999 0.1428571492
59309  27.134  -3.360  -13.466 0.1428571492
62482  27.848  -1.231  -15.021 0.1428571492
82064  25.417  18.537  -22.414 0.2857142985
81207  25.690  18.547  -21.778 0.2857142985
81185  25.818  17.893  -19.726 0.2857142985
113803  20.932  13.009  -19.508 0.2857142985
113809  21.312  13.294  -19.433 0.4285714328
113818  21.194  13.598  -19.485 0.2857142985
56107  18.630  -6.675  -8.549 0.2857142985
63493  28.210  0.035  -15.280 0.1428571492
73544  19.892  10.966  -18.898 0.2857142985
82932  26.818  19.779  -22.180 0.2857142985
83805  26.897  20.604  -23.186 0.2857142985
84608  26.014  22.214  -24.596 0.1428571492
66558  21.225  4.161  -17.133 0.4285714328
69912  20.478  6.350  -17.819 0.2857142985
82934  24.600  19.788  -21.762 0.1428571492
82078  24.997  19.083  -23.766 0.1428571492
83806  24.696  20.938  -23.598 0.1428571492
82035  23.903  18.980  -19.538 0.1428571492
83794  24.668  20.831  -22.553 0.1428571492
82944  24.532  19.562  -23.005 0.1428571492
82952  24.689  19.511  -23.675 0.1428571492
82918  24.438  20.015  -20.354 0.1428571492
83793  24.809  21.379  -23.017 0.1428571492
83768  24.316  21.233  -19.777 0.1428571492
83781  24.421  21.032  -21.067 0.1428571492
84594  24.856  21.886  -23.292 0.1428571492
60370  24.810  -2.898  -15.850 0.2857142985
82072  24.732  19.016  -23.432 0.1428571492
83817  24.905  20.330  -24.136 0.1428571492
83807  24.632  20.098  -23.589 0.1428571492
82901  24.167  20.279  -19.068 0.1428571492
56144  21.942  -6.983  -11.065 0.2857142985
55115  23.184  -7.563  -11.233 0.1428571492
57207  22.337  -5.857  -12.138 0.2857142985
55103  21.476  -7.387  -10.636 0.2857142985
56145  20.603  -6.659  -10.601 0.4285714328
56168  23.903  -6.637  -12.513 0.1428571492
55102  22.512  -7.543  -10.939 0.1428571492
56157  21.653  -6.223  -11.410 0.2857142985
113798  20.761  12.380  -19.523 0.2857142985
56127  19.402  -6.724  -9.666 0.2857142985
56106  18.990  -6.951  -9.071 0.2857142985
56126  20.140  -6.933  -10.061 0.2857142985
57179  18.904  -5.437  -9.923 0.2857142985
56146  19.619  -5.949  -10.370 0.2857142985
61450  21.572  -1.370  -14.417 0.2857142985
62484  21.322  -0.727  -14.586 0.2857142985
62485  20.681  -0.008  -14.241 0.2857142985
64526  21.137  1.542  -15.969 0.1428571492
65533  20.950  1.972  -16.131 0.1428571492
69913  19.781  6.347  -17.262 0.1428571492
70832  19.725  7.224  -17.877 0.1428571492
71737  20.170  8.589  -18.517 0.1428571492
70852  19.919  7.891  -18.345 0.1428571492
72600  18.948  9.191  -17.726 0.1428571492
74454  19.380  11.615  -18.900 0.1428571492
74474  19.845  12.269  -19.246 0.1428571492
79453  20.993  15.405  -18.870 0.1428571492
79452  21.850  16.203  -18.766 0.1428571492
55067  18.802  -7.616  -8.295 0.2857142985
72617  19.629  9.617  -18.234 0.1428571492
55045  18.591  -7.657  -7.598 0.2857142985
62472  20.973  -0.966  -14.047 0.2857142985
65551  20.723  2.777  -16.407 0.1428571492
67684  20.368  4.709  -16.893 0.1428571492
70816  19.402  6.807  -17.272 0.1428571492
70833  19.089  7.808  -17.590 0.1428571492
71722  19.395  8.364  -17.982 0.1428571492
74455  19.029  11.764  -18.432 0.1428571492
62473  20.638  -0.686  -13.562 0.2857142985
55089  19.783  -7.533  -9.395 0.2857142985
70851  20.536  7.531  -18.665 0.1428571492
61423  20.540  -1.473  -12.890 0.1428571492
56128  18.692  -5.933  -9.299 0.2857142985
70817  18.849  7.301  -17.064 0.1428571492
57104  19.015  -6.231  -6.035 0.1428571492
56095  18.499  -6.656  -7.271 0.1428571492
57103  19.600  -5.803  -5.714 0.1428571492
57131  18.813  -5.697  -6.664 0.1428571492
65571  29.052  2.776  -18.315 0.1428571492
66554  29.351  3.338  -17.845 0.1428571492
76395  29.967  13.268  -20.470 0.1428571492
55034  18.674  -7.587  -6.681 0.1428571492
58160  18.871  -4.626  -7.389 0.1428571492
57180  18.609  -5.369  -9.410 0.1428571492
57197  19.510  -5.197  -10.566 0.1428571492
59271  19.363  -3.856  -10.506 0.1428571492
76380  29.836  13.091  -19.568 0.1428571492
77417  30.118  13.743  -19.847 0.1428571492
75429  29.608  12.008  -20.043 0.1428571492
58218  19.059  -4.640  -10.226 0.1428571492
56083  18.815  -6.749  -6.356 0.1428571492
58198  18.781  -4.916  -9.915 0.1428571492
52804  19.148  -9.205  -7.560 0.1428571492
53982  24.091  -8.471  -10.354 0.1428571492
55088  20.399  -7.440  -9.995 0.1428571492
55104  20.883  -7.325  -10.413 0.2857142985
56143  22.483  -7.131  -11.180 0.2857142985
56169  23.174  -6.174  -12.467 0.1428571492
57236  23.481  -5.330  -13.718 0.5714285970
58244  22.212  -4.935  -13.116 0.5714285970
58258  23.218  -4.513  -14.227 0.5714285970
58271  25.876  -4.307  -14.442 0.2857142985
59272  19.418  -3.515  -10.274 0.1428571492
59310  26.828  -3.797  -13.604 0.1428571492
59337  25.342  -3.289  -15.687 0.2857142985
60356  26.182  -3.286  -15.455 0.2857142985
60368  26.495  -2.864  -15.564 0.2857142985
63523  23.013  0.782  -16.627 0.7142857313
64542  21.770  1.389  -16.334 0.7142857313
64549  28.194  1.738  -18.343 0.2857142985
65572  28.645  2.826  -18.723 0.4285714328
66556  26.740  3.286  -17.800 0.7142857313
67662  24.952  3.977  -17.095 0.5714285970
67692  27.913  4.322  -18.943 0.5714285970
67699  28.573  4.795  -19.677 0.5714285970
68922  28.149  5.343  -19.452 0.5714285970
69923  30.536  6.252  -18.680 0.1428571492
69926  27.842  6.121  -18.976 0.5714285970
69941  29.552  6.216  -19.526 0.1428571492
71730  28.424  7.900  -18.969 0.8571428657
71733  23.562  8.494  -18.323 0.8571428657
72595  26.830  8.973  -17.589 0.8571428657
72598  24.154  9.166  -17.918 0.8571428657
72599  23.847  9.613  -17.980 0.8571428657
72646  29.970  8.669  -21.255 0.1428571492
73557  26.554  11.297  -16.992 0.7142857313
74471  28.206  11.452  -17.597 0.7142857313
74486  27.557  11.583  -16.977 0.8571428657
74488  26.116  11.456  -16.981 0.8571428657
75397  28.506  13.253  -18.086 0.5714285970
75399  27.434  13.149  -17.553 0.5714285970
75412  27.026  12.889  -16.996 0.5714285970
75430  27.522  11.836  -16.981 0.5714285970
75431  26.561  12.463  -16.935 0.5714285970
76353  28.021  13.958  -17.794 0.5714285970
76354  27.633  14.342  -17.693 0.7142857313
76362  28.801  13.596  -18.281 0.5714285970
76364  25.893  13.550  -17.369 0.7142857313
76381  25.209  13.572  -17.435 0.8571428657
76394  30.335  14.008  -20.682 0.1428571492
77373  28.125  14.147  -17.922 0.5714285970
77374  27.782  14.544  -17.801 0.8571428657
77389  29.281  14.322  -18.618 0.5714285970
77391  28.035  14.879  -18.006 0.7142857313
77393  25.200  14.915  -17.802 0.8571428657
77409  24.374  14.037  -18.030 0.8571428657
78453  27.351  14.853  -17.712 0.7142857313
78454  26.954  15.048  -17.673 0.7142857313
78455  24.852  15.092  -18.055 0.7142857313
78471  27.498  15.298  -18.006 0.7142857313
78494  31.544  15.988  -21.218 0.1428571492
79448  28.208  16.360  -18.396 0.5714285970
79471  31.514  16.545  -20.835 0.1428571492
80338  29.080  17.505  -19.250 0.5714285970
80354  31.573  17.514  -21.244 0.1428571492
81182  29.138  18.154  -19.781 0.5714285970
81205  31.370  18.546  -21.580 0.1428571492
82050  30.569  19.011  -21.015 0.1428571492
82058  31.244  19.107  -22.067 0.1428571492
82061  28.493  19.755  -21.244 0.2857142985
82069  30.765  19.978  -22.521 0.1428571492
82075  32.247  19.222  -24.283 0.1428571492
82077  25.448  19.123  -23.454 0.2857142985
82079  24.810  19.268  -23.742 0.1428571492
82083  32.019  20.107  -24.642 0.1428571492
82951  24.853  19.557  -23.883 0.1428571492
83801  30.312  21.123  -23.317 0.1428571492
83803  28.569  21.394  -22.855 0.1428571492
83804  27.688  21.028  -22.903 0.1428571492
83818  24.727  19.815  -23.884 0.1428571492
84593  28.335  21.661  -23.265 0.1428571492
84600  28.935  22.424  -23.706 0.1428571492
85341  26.700  22.742  -24.798 0.1428571492
113795  21.646  11.780  -19.317 0.5714285970
113801  21.754  12.092  -19.280 0.7142857313
113808  21.488  13.156  -19.368 0.5714285970
113810  21.497  13.276  -19.286 0.4285714328
