#!ascii label  , from subject sub-01 vox2ras=TkReg
855
40085  -38.904  -28.836  42.961 0.0000000000
40025  -21.685  -28.300  46.077 0.0000000000
39061  -30.456  -29.207  45.979 0.0000000000
59224  -41.264  -7.328  32.140 0.0000000000
61645  -46.360  -5.028  28.783 0.0000000000
38979  -16.894  -28.767  51.416 0.0000000000
56605  -39.540  -11.125  34.072 0.0000000000
42934  -41.147  -25.498  42.233 0.0000000000
39083  -34.061  -29.003  44.608 0.0000000000
40010  -19.047  -28.594  48.241 0.0000000000
34858  -17.908  -34.790  50.073 0.0000000000
42046  -34.566  -26.549  41.416 0.0000000000
43796  -37.566  -24.570  40.970 0.0000000000
38191  -26.239  -30.137  43.943 0.0000000000
43749  -31.393  -24.712  44.601 0.0000000000
48812  -37.025  -19.057  35.003 0.0000000000
51490  -40.063  -16.420  32.639 0.0000000000
54018  -42.180  -13.629  31.377 0.0000000000
35597  -11.902  -33.957  53.044 0.0000000000
35551  -8.906  -33.790  55.460 0.0000000000
45652  -36.435  -21.965  41.901 0.0000000000
48693  -33.909  -19.057  40.785 0.0000000000
50649  -34.953  -17.583  38.095 0.0000000000
34812  -14.361  -35.268  51.581 0.0000000000
37326  -21.459  -30.719  47.609 0.0000000000
38119  -22.558  -30.900  47.394 0.0000000000
39106  -36.191  -29.192  43.799 0.0000000000
43714  -21.795  -25.386  47.238 0.0000000000
40012  -20.355  -28.376  47.120 0.0000000000
36521  -19.654  -31.669  47.935 0.0000000000
42913  -35.444  -25.962  43.242 0.0000000000
42928  -33.197  -25.987  42.593 0.0000000000
51463  -38.206  -16.425  35.060 0.0000000000
50682  -38.455  -17.611  33.960 0.0000000000
52288  -38.947  -15.813  34.354 0.0000000000
54867  -40.197  -12.542  32.113 0.0000000000
56628  -41.079  -10.655  31.559 0.0000000000
54886  -44.194  -12.778  30.930 0.0000000000
58368  -41.869  -8.620  30.638 0.0000000000
59240  -43.475  -8.042  29.810 0.0000000000
45630  -37.506  -22.971  43.202 0.0000000000
44682  -37.393  -22.735  41.468 0.0000000000
45618  -35.496  -21.679  43.952 0.0000000000
50587  -32.761  -17.976  42.806 0.0000000000
51419  -33.535  -16.933  41.431 0.0000000000
49671  -34.736  -18.315  39.406 0.0000000000
52240  -35.082  -15.499  39.661 0.0000000000
52263  -35.857  -15.333  37.157 0.0000000000
38179  -28.962  -29.669  44.557 0.0000000000
36419  -13.623  -31.875  52.107 0.0000000000
36450  -14.860  -32.487  50.349 0.0000000000
33013  -7.692  -35.576  56.218 0.0000000000
33908  -6.074  -35.218  56.926 0.0000000000
53978  -40.021  -13.773  35.132 0.0000000000
45657  -40.870  -23.270  42.040 0.0000000000
40032  -32.433  -28.427  46.025 0.0000000000
39002  -17.501  -29.283  49.677 0.0000000000
37285  -16.361  -31.507  49.542 0.0000000000
37303  -18.241  -31.422  48.219 0.0000000000
61655  -47.515  -4.962  27.739 0.0000000000
40117  -36.984  -28.233  41.636 0.0000000000
41110  -37.877  -26.871  40.811 0.0000000000
42954  -36.580  -25.452  40.804 0.0000000000
41984  -23.024  -26.463  45.455 0.0000000000
39078  -23.870  -29.506  44.730 0.0000000000
41056  -25.208  -28.118  44.620 0.0000000000
40079  -27.837  -28.579  43.994 0.0000000000
41041  -29.281  -26.878  45.153 0.0000000000
43735  -30.131  -24.450  45.563 0.0000000000
41990  -30.468  -26.565  44.974 0.0000000000
41069  -31.862  -26.573  43.601 0.0000000000
40099  -34.326  -28.260  42.459 0.0000000000
47789  -37.528  -20.548  36.714 0.0000000000
54002  -39.536  -13.678  32.994 0.0000000000
52320  -41.131  -15.344  31.853 0.0000000000
59253  -44.578  -7.500  29.223 0.0000000000
35565  -10.436  -33.725  54.233 0.0000000000
33015  -9.188  -36.248  55.639 0.0000000000
42957  -39.243  -25.544  40.806 0.0000000000
45668  -38.705  -22.829  40.783 0.0000000000
46734  -38.406  -21.548  41.332 0.0000000000
46703  -33.891  -20.670  43.546 0.0000000000
47757  -35.265  -20.588  41.540 0.0000000000
47744  -37.218  -20.159  41.580 0.0000000000
49633  -36.919  -19.240  41.224 0.0000000000
49673  -36.773  -18.970  39.907 0.0000000000
48725  -36.682  -19.741  38.156 0.0000000000
50666  -35.451  -17.806  36.429 0.0000000000
52273  -37.277  -15.669  35.979 0.0000000000
37347  -25.535  -32.209  46.322 0.0000000000
36405  -13.094  -31.920  53.032 0.0000000000
34810  -12.727  -34.703  52.650 0.0000000000
33986  -15.986  -35.390  50.758 0.0000000000
34734  -4.513  -34.166  56.709 0.0000000000
39027  -21.299  -29.772  46.867 0.0000000000
38103  -21.873  -30.826  48.020 0.0000000000
38133  -22.350  -30.055  46.373 0.0000000000
39107  -37.314  -29.093  43.624 0.0000000000
41982  -21.676  -26.766  46.117 0.0000000000
41965  -20.647  -26.803  47.089 0.0000000000
40024  -21.037  -28.268  46.662 0.0000000000
38116  -20.372  -30.164  47.333 0.0000000000
51458  -38.637  -15.925  35.390 0.0000000000
51464  -38.618  -16.155  34.885 0.0000000000
52283  -39.261  -15.455  35.366 0.0000000000
59214  -40.767  -7.888  32.728 0.0000000000
57507  -40.581  -9.677  31.764 0.0000000000
58359  -40.811  -8.830  31.456 0.0000000000
57517  -41.703  -9.139  30.847 0.0000000000
59231  -41.424  -7.772  31.120 0.0000000000
60044  -42.133  -7.123  30.738 0.0000000000
45629  -36.609  -22.383  43.324 0.0000000000
51415  -33.561  -16.545  42.269 0.0000000000
52232  -34.610  -15.868  40.535 0.0000000000
52233  -35.219  -15.194  40.498 0.0000000000
53072  -35.592  -14.805  39.622 0.0000000000
39060  -29.804  -29.058  45.083 0.0000000000
37350  -29.555  -31.216  46.111 0.0000000000
38136  -30.731  -30.083  46.488 0.0000000000
37259  -15.371  -30.303  51.290 0.0000000000
37273  -15.894  -30.885  50.431 0.0000000000
60079  -46.235  -6.374  28.282 0.0000000000
32993  -6.501  -35.708  57.154 0.0000000000
42037  -42.265  -26.798  43.134 0.0000000000
43779  -41.196  -24.655  42.238 0.0000000000
40050  -33.225  -28.789  45.481 0.0000000000
39048  -33.561  -29.322  46.175 0.0000000000
41951  -19.815  -26.848  48.482 0.0000000000
40963  -19.131  -27.129  49.842 0.0000000000
40962  -18.548  -27.551  50.188 0.0000000000
39996  -18.548  -28.570  48.880 0.0000000000
38101  -17.918  -30.515  48.531 0.0000000000
39014  -18.460  -29.516  48.471 0.0000000000
36474  -20.549  -32.420  49.011 0.0000000000
35690  -19.477  -33.003  48.618 0.0000000000
41094  -35.666  -27.525  41.095 0.0000000000
41108  -36.229  -26.922  40.685 0.0000000000
42953  -35.602  -25.769  40.934 0.0000000000
41985  -24.061  -26.442  45.604 0.0000000000
42005  -24.088  -27.247  44.868 0.0000000000
41986  -24.896  -27.057  45.708 0.0000000000
40045  -27.161  -27.847  45.550 0.0000000000
41059  -28.046  -27.600  44.926 0.0000000000
40063  -28.433  -28.229  44.363 0.0000000000
41040  -28.332  -26.925  45.584 0.0000000000
43737  -32.129  -24.507  45.287 0.0000000000
43748  -30.647  -24.678  44.934 0.0000000000
42878  -30.081  -25.192  44.920 0.0000000000
42891  -30.710  -25.261  44.524 0.0000000000
41061  -31.649  -26.843  44.185 0.0000000000
42019  -31.549  -26.091  43.799 0.0000000000
42941  -33.781  -26.206  42.226 0.0000000000
41080  -32.974  -27.073  42.515 0.0000000000
41092  -34.156  -27.076  41.693 0.0000000000
40115  -35.016  -28.025  41.682 0.0000000000
47808  -37.044  -19.963  35.663 0.0000000000
47810  -38.629  -20.596  36.211 0.0000000000
47841  -37.943  -19.570  34.730 0.0000000000
50689  -39.189  -17.464  33.579 0.0000000000
49756  -39.456  -18.895  33.878 0.0000000000
54835  -39.724  -12.890  34.731 0.0000000000
53994  -39.386  -13.740  33.810 0.0000000000
54850  -39.475  -12.753  33.293 0.0000000000
54868  -40.947  -12.610  31.708 0.0000000000
54016  -40.402  -13.578  32.069 0.0000000000
53167  -41.603  -14.476  31.599 0.0000000000
51507  -42.180  -16.032  31.703 0.0000000000
58384  -44.356  -8.435  29.543 0.0000000000
60881  -44.048  -6.217  29.637 0.0000000000
60077  -45.023  -6.861  29.019 0.0000000000
36403  -11.745  -33.036  53.443 0.0000000000
35566  -11.035  -33.195  54.096 0.0000000000
35578  -10.806  -34.131  53.756 0.0000000000
33016  -10.368  -36.706  55.711 0.0000000000
32976  -8.642  -37.089  57.836 0.0000000000
42955  -37.482  -25.410  40.577 0.0000000000
42060  -38.505  -26.341  40.769 0.0000000000
43797  -38.402  -24.645  40.651 0.0000000000
45653  -37.063  -22.223  41.618 0.0000000000
45667  -38.064  -22.711  40.879 0.0000000000
46743  -38.008  -22.000  40.972 0.0000000000
46745  -39.047  -22.314  40.982 0.0000000000
46733  -37.580  -21.522  41.367 0.0000000000
48641  -33.602  -19.587  44.559 0.0000000000
48678  -33.035  -19.011  41.645 0.0000000000
48666  -33.153  -19.747  42.531 0.0000000000
48680  -34.748  -19.906  41.322 0.0000000000
47758  -36.579  -20.303  41.558 0.0000000000
48681  -35.775  -19.793  41.414 0.0000000000
48682  -36.739  -19.529  41.342 0.0000000000
48695  -35.385  -19.419  41.006 0.0000000000
50648  -34.728  -17.484  38.816 0.0000000000
49672  -35.631  -18.987  39.578 0.0000000000
49695  -35.264  -18.641  38.247 0.0000000000
49696  -36.169  -19.267  38.864 0.0000000000
48724  -35.860  -19.458  38.056 0.0000000000
48745  -36.181  -19.783  37.343 0.0000000000
50659  -35.169  -17.740  37.296 0.0000000000
53968  -36.772  -13.889  38.004 0.0000000000
52272  -36.014  -15.823  36.491 0.0000000000
53123  -37.854  -15.057  36.603 0.0000000000
38175  -25.182  -30.363  44.397 0.0000000000
37364  -24.535  -31.133  45.442 0.0000000000
37379  -25.406  -31.077  44.816 0.0000000000
35622  -13.983  -33.811  51.200 0.0000000000
36418  -13.117  -32.935  52.035 0.0000000000
34811  -13.697  -34.810  51.821 0.0000000000
35672  -17.181  -33.486  49.193 0.0000000000
34869  -16.053  -33.869  49.807 0.0000000000
34857  -16.999  -34.800  50.034 0.0000000000
37288  -21.486  -31.439  49.162 0.0000000000
38092  -21.853  -31.001  48.924 0.0000000000
37307  -22.642  -31.391  48.975 0.0000000000
37309  -23.923  -32.084  48.367 0.0000000000
39105  -35.218  -29.040  43.697 0.0000000000
39064  -35.601  -29.874  45.573 0.0000000000
42822  -21.362  -25.266  47.945 0.0000000000
41952  -20.230  -26.624  47.837 0.0000000000
40011  -19.630  -28.460  47.620 0.0000000000
39024  -19.195  -29.449  47.861 0.0000000000
39025  -19.967  -29.318  47.409 0.0000000000
37325  -20.870  -30.838  47.693 0.0000000000
42930  -34.953  -25.836  42.408 0.0000000000
42943  -35.344  -25.693  41.585 0.0000000000
43738  -32.984  -24.949  45.052 0.0000000000
43765  -32.398  -25.140  43.713 0.0000000000
42912  -34.349  -25.776  43.171 0.0000000000
50674  -37.262  -17.297  34.839 0.0000000000
49754  -38.011  -18.442  34.313 0.0000000000
51471  -38.348  -16.756  34.384 0.0000000000
51480  -38.930  -16.796  33.779 0.0000000000
52298  -39.234  -15.829  33.509 0.0000000000
55690  -39.558  -11.376  32.936 0.0000000000
56616  -39.771  -10.698  32.713 0.0000000000
55706  -40.627  -11.618  31.841 0.0000000000
55707  -41.493  -11.688  31.447 0.0000000000
54871  -43.534  -13.139  31.092 0.0000000000
56630  -42.802  -11.288  31.166 0.0000000000
56639  -43.207  -10.660  30.991 0.0000000000
57519  -43.498  -9.601  30.416 0.0000000000
58369  -42.708  -8.692  30.272 0.0000000000
60052  -42.814  -6.927  30.183 0.0000000000
33948  -12.384  -35.724  53.545 0.0000000000
33947  -11.334  -35.294  53.619 0.0000000000
33036  -12.147  -36.565  54.665 0.0000000000
44673  -37.704  -23.791  42.050 0.0000000000
44683  -37.728  -23.377  41.335 0.0000000000
44672  -37.320  -23.006  41.869 0.0000000000
45640  -36.932  -22.526  42.392 0.0000000000
45639  -36.051  -22.049  42.511 0.0000000000
49604  -32.932  -18.510  43.759 0.0000000000
50588  -33.210  -17.063  43.287 0.0000000000
50602  -33.097  -17.352  42.184 0.0000000000
50614  -33.230  -17.789  41.322 0.0000000000
49650  -34.260  -18.721  40.335 0.0000000000
50625  -34.098  -17.200  40.047 0.0000000000
51429  -34.402  -16.774  39.706 0.0000000000
51441  -34.915  -16.712  38.279 0.0000000000
51452  -35.145  -16.818  37.463 0.0000000000
53110  -35.381  -15.319  38.181 0.0000000000
38178  -28.102  -30.509  44.417 0.0000000000
37366  -26.849  -31.767  45.321 0.0000000000
37368  -28.477  -31.225  45.222 0.0000000000
36434  -14.238  -31.644  51.295 0.0000000000
35646  -14.427  -33.740  50.742 0.0000000000
34751  -8.415  -34.648  55.503 0.0000000000
35542  -8.579  -33.437  56.126 0.0000000000
34750  -7.794  -34.626  56.081 0.0000000000
34736  -6.810  -34.498  56.516 0.0000000000
35540  -6.435  -33.679  56.767 0.0000000000
45642  -40.702  -22.177  42.375 0.0000000000
40030  -31.081  -28.275  46.213 0.0000000000
38137  -31.449  -29.601  46.848 0.0000000000
39965  -18.056  -27.872  50.781 0.0000000000
38991  -17.162  -29.002  50.540 0.0000000000
38080  -16.550  -30.563  49.938 0.0000000000
38091  -17.215  -30.460  49.306 0.0000000000
36495  -17.179  -32.040  48.817 0.0000000000
35673  -18.093  -33.817  49.160 0.0000000000
36497  -18.857  -32.284  48.148 0.0000000000
35689  -18.507  -33.184  48.701 0.0000000000
34873  -18.880  -34.346  49.962 0.0000000000
60902  -47.210  -5.600  27.704 0.0000000000
40102  -37.422  -28.666  42.500 0.0000000000
40119  -38.817  -27.965  41.775 0.0000000000
41096  -37.525  -27.529  41.129 0.0000000000
42058  -36.787  -26.170  40.567 0.0000000000
43795  -36.941  -24.985  41.144 0.0000000000
42944  -36.214  -25.363  41.301 0.0000000000
43787  -36.991  -25.165  41.712 0.0000000000
43788  -37.538  -24.485  41.529 0.0000000000
44664  -38.066  -23.912  42.957 0.0000000000
41035  -22.410  -27.516  45.429 0.0000000000
39042  -22.346  -29.267  45.831 0.0000000000
40057  -23.303  -28.461  44.880 0.0000000000
40058  -24.075  -28.690  44.440 0.0000000000
40076  -25.771  -29.006  43.775 0.0000000000
41038  -25.869  -28.207  45.353 0.0000000000
40061  -26.520  -28.408  44.393 0.0000000000
39102  -27.083  -29.288  43.764 0.0000000000
39081  -28.300  -29.238  44.101 0.0000000000
40064  -29.247  -28.246  44.687 0.0000000000
40046  -29.695  -27.785  45.173 0.0000000000
42876  -28.788  -25.350  45.914 0.0000000000
41988  -28.940  -26.067  45.467 0.0000000000
41042  -30.164  -27.147  45.290 0.0000000000
40047  -30.508  -28.138  45.917 0.0000000000
41043  -31.230  -27.425  45.357 0.0000000000
41062  -32.139  -27.587  44.575 0.0000000000
40065  -32.824  -28.084  43.862 0.0000000000
42020  -32.044  -26.204  43.218 0.0000000000
40080  -32.990  -27.786  43.079 0.0000000000
40082  -34.521  -28.762  43.403 0.0000000000
39117  -35.391  -28.813  43.164 0.0000000000
40101  -36.375  -28.606  42.403 0.0000000000
42873  -22.439  -26.154  45.985 0.0000000000
48815  -39.144  -19.430  34.238 0.0000000000
53137  -39.338  -14.748  34.475 0.0000000000
53147  -39.309  -14.772  33.654 0.0000000000
52307  -39.731  -15.617  32.752 0.0000000000
54015  -39.887  -13.263  32.417 0.0000000000
53156  -40.070  -14.643  32.357 0.0000000000
51491  -40.827  -16.350  32.164 0.0000000000
51492  -41.617  -16.666  32.038 0.0000000000
58397  -45.461  -7.923  28.899 0.0000000000
60078  -45.361  -6.431  28.870 0.0000000000
60890  -45.863  -5.589  28.804 0.0000000000
36390  -10.723  -32.465  55.156 0.0000000000
35564  -9.506  -34.022  54.772 0.0000000000
33935  -10.483  -35.517  54.154 0.0000000000
33934  -9.432  -35.421  54.805 0.0000000000
33921  -8.776  -35.405  55.299 0.0000000000
33014  -8.179  -35.877  55.994 0.0000000000
41098  -39.562  -27.442  41.642 0.0000000000
42048  -39.461  -26.409  41.177 0.0000000000
42946  -40.299  -25.524  41.534 0.0000000000
44693  -38.228  -23.605  40.916 0.0000000000
43798  -39.341  -24.367  40.841 0.0000000000
43789  -40.271  -24.485  41.403 0.0000000000
45670  -40.026  -23.213  41.248 0.0000000000
45655  -39.794  -22.244  41.499 0.0000000000
46720  -39.642  -21.216  42.205 0.0000000000
46704  -34.325  -20.971  43.849 0.0000000000
46718  -34.399  -21.201  42.785 0.0000000000
48653  -33.145  -19.693  43.526 0.0000000000
47743  -33.902  -20.704  42.637 0.0000000000
46731  -35.760  -21.426  41.774 0.0000000000
47759  -37.436  -20.530  41.685 0.0000000000
49651  -35.036  -19.112  40.247 0.0000000000
49652  -36.346  -19.065  40.881 0.0000000000
48746  -37.200  -20.341  37.146 0.0000000000
48767  -36.517  -19.857  36.291 0.0000000000
49741  -36.119  -18.137  35.450 0.0000000000
51454  -35.470  -16.864  36.671 0.0000000000
51455  -35.922  -16.565  36.158 0.0000000000
50673  -36.569  -17.529  35.181 0.0000000000
51456  -37.885  -16.015  35.725 0.0000000000
51457  -38.288  -16.028  35.568 0.0000000000
38152  -23.282  -30.090  45.605 0.0000000000
37345  -23.806  -31.260  46.413 0.0000000000
36548  -26.684  -32.221  46.024 0.0000000000
36404  -12.282  -32.732  53.018 0.0000000000
36417  -12.639  -33.314  52.453 0.0000000000
34809  -12.228  -34.275  52.910 0.0000000000
33964  -12.895  -35.399  53.010 0.0000000000
36471  -15.868  -32.496  49.675 0.0000000000
35670  -15.590  -33.410  49.913 0.0000000000
33977  -15.574  -35.658  51.295 0.0000000000
33895  -4.863  -35.276  57.668 0.0000000000
34735  -5.560  -34.340  56.789 0.0000000000
35539  -5.233  -33.446  56.912 0.0000000000
40086  -39.777  -28.812  42.976 0.0000000000
39041  -21.699  -29.350  46.524 0.0000000000
38132  -21.802  -29.897  46.624 0.0000000000
40084  -38.101  -28.841  43.019 0.0000000000
41015  -21.322  -27.503  46.310 0.0000000000
39040  -21.333  -28.764  46.610 0.0000000000
52276  -39.977  -15.220  36.267 0.0000000000
59223  -40.841  -8.089  31.785 0.0000000000
59230  -41.065  -8.324  31.341 0.0000000000
52227  -34.721  -15.510  41.363 0.0000000000
38156  -30.084  -29.902  45.745 0.0000000000
38978  -16.161  -28.980  51.769 0.0000000000
38070  -16.282  -29.773  50.933 0.0000000000
59272  -46.663  -6.869  28.007 0.0000000000
60891  -46.554  -5.608  28.246 0.0000000000
42935  -42.018  -25.711  42.867 0.0000000000
39062  -33.942  -29.098  45.082 0.0000000000
40996  -18.979  -27.930  48.645 0.0000000000
40979  -19.344  -27.191  48.966 0.0000000000
40978  -18.748  -27.796  49.342 0.0000000000
41106  -35.125  -26.855  40.893 0.0000000000
42056  -35.145  -26.466  40.901 0.0000000000
42952  -34.941  -26.024  41.223 0.0000000000
41019  -27.563  -27.341  46.594 0.0000000000
41039  -27.645  -27.485  45.580 0.0000000000
43736  -31.182  -24.321  45.466 0.0000000000
42892  -31.306  -25.373  44.083 0.0000000000
42942  -34.460  -26.054  41.837 0.0000000000
42045  -33.966  -26.574  41.907 0.0000000000
41093  -34.868  -27.172  41.189 0.0000000000
48790  -36.788  -19.440  35.467 0.0000000000
47828  -37.597  -19.918  35.182 0.0000000000
50690  -39.822  -17.391  33.096 0.0000000000
50705  -40.399  -17.081  32.593 0.0000000000
55679  -39.536  -11.985  34.380 0.0000000000
54842  -39.424  -12.796  34.041 0.0000000000
55689  -39.438  -11.814  33.547 0.0000000000
54017  -41.276  -13.579  31.658 0.0000000000
53168  -42.462  -14.504  31.354 0.0000000000
35579  -11.301  -33.643  53.514 0.0000000000
46732  -36.733  -21.324  41.572 0.0000000000
49632  -33.164  -18.621  41.409 0.0000000000
48679  -33.591  -19.487  41.482 0.0000000000
48694  -34.426  -19.328  40.816 0.0000000000
49694  -34.890  -18.022  38.617 0.0000000000
48744  -35.652  -19.184  37.496 0.0000000000
38190  -25.645  -30.145  44.097 0.0000000000
38176  -25.933  -30.665  44.315 0.0000000000
34835  -13.930  -34.327  51.388 0.0000000000
33966  -14.440  -35.699  52.144 0.0000000000
34871  -17.513  -34.272  49.591 0.0000000000
33988  -17.644  -35.148  50.652 0.0000000000
36389  -9.810  -32.829  55.765 0.0000000000
36388  -9.064  -33.087  56.098 0.0000000000
41084  -41.640  -27.583  42.888 0.0000000000
37306  -21.412  -31.030  48.344 0.0000000000
38104  -22.284  -31.051  48.533 0.0000000000
37327  -22.837  -31.315  48.226 0.0000000000
37328  -23.552  -31.640  47.501 0.0000000000
39085  -35.448  -29.465  44.582 0.0000000000
43698  -22.216  -25.008  47.557 0.0000000000
43697  -21.663  -25.201  47.719 0.0000000000
41014  -20.731  -27.536  46.822 0.0000000000
40998  -20.089  -27.530  47.343 0.0000000000
38117  -21.097  -30.192  47.160 0.0000000000
37305  -20.645  -31.681  48.407 0.0000000000
43751  -33.024  -25.123  44.170 0.0000000000
42894  -34.660  -25.819  44.070 0.0000000000
42929  -34.006  -25.903  42.525 0.0000000000
51470  -37.793  -16.958  34.796 0.0000000000
51472  -38.588  -16.317  34.549 0.0000000000
52287  -38.620  -16.344  34.305 0.0000000000
52297  -38.753  -16.337  34.024 0.0000000000
57497  -39.694  -10.166  33.197 0.0000000000
57498  -40.029  -9.690  32.616 0.0000000000
56627  -40.296  -10.643  32.097 0.0000000000
55708  -42.426  -11.852  31.254 0.0000000000
56629  -42.138  -10.741  31.227 0.0000000000
56638  -42.475  -10.220  31.101 0.0000000000
57518  -42.359  -9.573  30.794 0.0000000000
45641  -37.527  -23.220  42.457 0.0000000000
45628  -35.718  -21.921  43.331 0.0000000000
51422  -33.614  -17.229  40.943 0.0000000000
50624  -33.782  -17.571  40.506 0.0000000000
52239  -34.649  -16.196  39.763 0.0000000000
52248  -34.697  -16.415  39.336 0.0000000000
51440  -34.670  -16.782  39.071 0.0000000000
52249  -34.988  -15.942  38.812 0.0000000000
53090  -35.914  -14.395  38.795 0.0000000000
37382  -27.906  -31.197  44.858 0.0000000000
38154  -28.624  -30.773  44.922 0.0000000000
37272  -15.039  -31.247  50.784 0.0000000000
37258  -14.645  -30.734  51.743 0.0000000000
36449  -14.477  -33.152  50.568 0.0000000000
33920  -8.031  -35.238  55.895 0.0000000000
33909  -7.273  -35.205  56.360 0.0000000000
44675  -41.890  -23.894  42.840 0.0000000000
45644  -41.873  -23.341  42.904 0.0000000000
45643  -41.300  -22.581  42.623 0.0000000000
40031  -31.586  -28.187  46.150 0.0000000000
39046  -31.945  -28.952  46.758 0.0000000000
39982  -18.128  -28.397  49.727 0.0000000000
40945  -18.538  -27.261  50.932 0.0000000000
39981  -17.599  -28.539  50.320 0.0000000000
39964  -17.478  -28.307  51.065 0.0000000000
38081  -16.905  -29.749  50.163 0.0000000000
37302  -17.392  -31.418  48.729 0.0000000000
36496  -17.710  -32.404  48.592 0.0000000000
36473  -17.372  -32.891  48.985 0.0000000000
35688  -17.758  -33.165  48.920 0.0000000000
38115  -19.521  -30.317  47.612 0.0000000000
37323  -19.158  -31.331  47.888 0.0000000000
36520  -19.347  -31.892  48.015 0.0000000000
35675  -20.145  -33.084  49.273 0.0000000000
35674  -19.275  -33.856  49.550 0.0000000000
40118  -37.988  -28.131  41.658 0.0000000000
41095  -36.578  -27.609  41.071 0.0000000000
42057  -35.916  -26.236  40.673 0.0000000000
42931  -36.226  -25.598  42.272 0.0000000000
43778  -37.643  -24.819  42.369 0.0000000000
42003  -22.818  -27.037  45.234 0.0000000000
41053  -22.998  -27.675  45.029 0.0000000000
42004  -23.443  -27.019  45.011 0.0000000000
41055  -24.460  -28.003  44.613 0.0000000000
40059  -25.065  -28.735  44.055 0.0000000000
40062  -27.392  -28.083  44.606 0.0000000000
40078  -27.173  -28.655  43.933 0.0000000000
40077  -26.460  -28.854  43.830 0.0000000000
39103  -27.639  -29.075  43.859 0.0000000000
41060  -28.866  -27.498  44.846 0.0000000000
43719  -30.927  -24.122  46.407 0.0000000000
43703  -30.663  -24.197  47.352 0.0000000000
43718  -29.975  -24.271  46.585 0.0000000000
43717  -29.322  -24.703  46.851 0.0000000000
43734  -29.303  -24.686  46.043 0.0000000000
42877  -29.381  -25.220  45.347 0.0000000000
42006  -30.370  -25.848  44.782 0.0000000000
41989  -29.768  -26.116  45.068 0.0000000000
40048  -31.096  -27.928  46.061 0.0000000000
40049  -32.676  -28.335  44.961 0.0000000000
42910  -32.633  -25.702  43.067 0.0000000000
42927  -32.785  -25.962  42.723 0.0000000000
40098  -33.521  -27.670  42.445 0.0000000000
40081  -33.592  -28.319  43.203 0.0000000000
40116  -35.975  -28.197  41.654 0.0000000000
42875  -23.586  -25.925  46.105 0.0000000000
42856  -23.231  -25.630  46.490 0.0000000000
41983  -22.296  -26.775  45.658 0.0000000000
48747  -38.312  -20.368  37.593 0.0000000000
47830  -39.370  -20.498  35.591 0.0000000000
47811  -39.592  -20.618  36.346 0.0000000000
48814  -38.315  -19.181  34.409 0.0000000000
49755  -38.971  -18.440  33.889 0.0000000000
53131  -39.773  -14.613  35.171 0.0000000000
53986  -39.559  -13.765  34.544 0.0000000000
53155  -39.553  -14.744  32.913 0.0000000000
55705  -39.929  -11.629  32.424 0.0000000000
55704  -39.535  -12.015  32.911 0.0000000000
53166  -40.778  -14.513  31.931 0.0000000000
52308  -40.382  -15.482  32.231 0.0000000000
51506  -41.503  -15.941  31.842 0.0000000000
51493  -42.433  -16.782  31.973 0.0000000000
54885  -43.510  -12.660  31.099 0.0000000000
58371  -44.319  -8.880  29.823 0.0000000000
58385  -45.401  -8.394  29.152 0.0000000000
59254  -45.176  -7.811  29.000 0.0000000000
60067  -44.821  -6.041  29.327 0.0000000000
36395  -10.856  -33.009  54.479 0.0000000000
35553  -10.469  -33.128  54.683 0.0000000000
35552  -9.921  -33.296  54.949 0.0000000000
34767  -9.842  -34.656  54.368 0.0000000000
33035  -10.980  -36.479  54.771 0.0000000000
33946  -10.816  -35.025  53.724 0.0000000000
33034  -9.934  -36.116  54.951 0.0000000000
33033  -9.415  -35.909  55.104 0.0000000000
33933  -9.061  -35.170  54.963 0.0000000000
33922  -9.182  -35.765  55.177 0.0000000000
32995  -8.343  -36.566  56.643 0.0000000000
41097  -38.596  -27.201  41.174 0.0000000000
42061  -39.028  -26.227  40.899 0.0000000000
42945  -39.675  -25.833  41.142 0.0000000000
44694  -38.959  -23.610  40.789 0.0000000000
43799  -39.950  -24.078  41.116 0.0000000000
44695  -39.634  -23.592  41.016 0.0000000000
44684  -40.429  -23.664  41.525 0.0000000000
46735  -39.344  -21.707  41.532 0.0000000000
46736  -39.954  -22.005  41.769 0.0000000000
47761  -38.765  -21.188  41.717 0.0000000000
47728  -33.801  -20.366  44.070 0.0000000000
47729  -34.235  -20.641  44.324 0.0000000000
46719  -35.217  -21.666  42.607 0.0000000000
46717  -33.961  -20.851  43.177 0.0000000000
49603  -32.673  -18.539  42.996 0.0000000000
48652  -32.698  -19.105  42.903 0.0000000000
47756  -34.269  -20.541  41.957 0.0000000000
47755  -33.661  -20.202  42.322 0.0000000000
46730  -34.857  -21.222  42.008 0.0000000000
47747  -39.127  -20.714  42.355 0.0000000000
47745  -37.491  -19.962  41.843 0.0000000000
49670  -34.061  -18.051  40.041 0.0000000000
49697  -37.234  -19.318  39.076 0.0000000000
48726  -37.731  -19.868  38.281 0.0000000000
48766  -35.843  -19.274  36.825 0.0000000000
49726  -35.907  -18.684  36.048 0.0000000000
52262  -35.381  -15.812  37.589 0.0000000000
52271  -35.463  -16.301  37.030 0.0000000000
53122  -36.733  -15.024  36.722 0.0000000000
52281  -36.225  -16.328  36.016 0.0000000000
52282  -36.630  -16.187  35.822 0.0000000000
51461  -36.313  -16.822  35.704 0.0000000000
51462  -37.371  -16.520  35.313 0.0000000000
52274  -38.274  -15.660  36.101 0.0000000000
39058  -23.095  -29.276  45.192 0.0000000000
38151  -22.744  -29.682  45.719 0.0000000000
39059  -23.522  -29.711  45.144 0.0000000000
37346  -24.753  -31.977  46.601 0.0000000000
37329  -24.375  -32.288  47.619 0.0000000000
36538  -24.980  -32.541  47.284 0.0000000000
36549  -27.362  -31.985  45.822 0.0000000000
38121  -31.374  -30.271  47.113 0.0000000000
36397  -12.705  -31.791  54.029 0.0000000000
36420  -14.041  -31.039  52.295 0.0000000000
36406  -13.591  -30.998  53.251 0.0000000000
35599  -12.967  -33.906  52.179 0.0000000000
35598  -12.324  -33.756  52.701 0.0000000000
34787  -12.458  -35.139  53.068 0.0000000000
34856  -15.747  -34.534  50.243 0.0000000000
34837  -15.467  -35.136  50.793 0.0000000000
33907  -4.746  -34.971  56.924 0.0000000000
38118  -21.691  -30.309  47.014 0.0000000000
42854  -21.663  -25.983  46.633 0.0000000000
42853  -21.079  -26.400  46.890 0.0000000000
41966  -21.145  -26.802  46.599 0.0000000000
39026  -20.929  -29.214  47.066 0.0000000000
42895  -35.848  -26.269  44.327 0.0000000000
58350  -40.382  -8.743  32.190 0.0000000000
57508  -41.499  -9.642  31.235 0.0000000000
58360  -41.329  -8.704  31.045 0.0000000000
59238  -42.186  -7.858  30.442 0.0000000000
60039  -41.901  -6.782  31.668 0.0000000000
45619  -36.161  -21.941  44.148 0.0000000000
51420  -34.090  -16.210  41.415 0.0000000000
51423  -34.054  -16.719  40.531 0.0000000000
38155  -29.252  -30.511  45.219 0.0000000000
38135  -29.984  -30.550  46.026 0.0000000000
37351  -30.265  -30.952  46.537 0.0000000000
59263  -46.325  -7.338  28.283 0.0000000000
32994  -7.256  -35.900  56.695 0.0000000000
43780  -41.818  -24.613  42.720 0.0000000000
44674  -41.365  -23.803  42.359 0.0000000000
39047  -32.703  -28.994  46.600 0.0000000000
40033  -33.008  -28.820  46.137 0.0000000000
41939  -20.201  -26.226  48.653 0.0000000000
41927  -20.100  -26.229  49.259 0.0000000000
41926  -19.719  -26.588  49.656 0.0000000000
41909  -19.515  -26.693  50.348 0.0000000000
39003  -18.077  -29.125  49.106 0.0000000000
39013  -17.824  -29.797  48.980 0.0000000000
37304  -20.041  -31.722  47.943 0.0000000000
36498  -19.817  -32.225  48.155 0.0000000000
35691  -20.112  -32.692  48.622 0.0000000000
41107  -35.459  -26.880  40.808 0.0000000000
41036  -24.722  -27.379  45.030 0.0000000000
40044  -26.392  -28.138  45.433 0.0000000000
41058  -27.565  -27.734  45.100 0.0000000000
43720  -31.969  -24.274  46.295 0.0000000000
42007  -30.983  -26.194  44.513 0.0000000000
42034  -33.343  -26.540  42.321 0.0000000000
41081  -33.589  -27.065  42.083 0.0000000000
40114  -34.261  -27.642  41.857 0.0000000000
47809  -37.488  -20.449  36.181 0.0000000000
47829  -38.427  -20.343  35.419 0.0000000000
47842  -38.405  -19.849  34.737 0.0000000000
49769  -39.455  -17.947  33.477 0.0000000000
52321  -41.907  -15.281  31.569 0.0000000000
52322  -42.743  -15.330  31.390 0.0000000000
60064  -43.258  -7.106  29.857 0.0000000000
58383  -43.753  -8.179  29.701 0.0000000000
59252  -43.613  -7.615  29.695 0.0000000000
60065  -43.646  -6.697  29.710 0.0000000000
59261  -44.859  -7.071  29.076 0.0000000000
60066  -44.568  -6.567  29.299 0.0000000000
60882  -44.366  -5.849  29.627 0.0000000000
36396  -11.616  -32.407  54.248 0.0000000000
42059  -37.651  -26.232  40.573 0.0000000000
42956  -38.243  -25.629  40.542 0.0000000000
45654  -37.564  -22.412  41.170 0.0000000000
49631  -32.871  -18.616  41.851 0.0000000000
48665  -32.882  -19.154  42.091 0.0000000000
48667  -37.280  -19.797  41.591 0.0000000000
48696  -36.038  -19.398  41.221 0.0000000000
49713  -35.434  -18.595  37.034 0.0000000000
53111  -35.970  -14.678  37.667 0.0000000000
53121  -36.149  -15.182  36.991 0.0000000000
38174  -24.406  -30.280  44.792 0.0000000000
38173  -23.817  -30.002  45.106 0.0000000000
37378  -24.870  -30.746  44.817 0.0000000000
37365  -25.737  -31.849  45.619 0.0000000000
36432  -13.584  -33.343  51.450 0.0000000000
35621  -13.460  -33.865  51.595 0.0000000000
33965  -13.515  -35.529  52.562 0.0000000000
36472  -16.833  -32.507  49.124 0.0000000000
35671  -16.321  -33.337  49.501 0.0000000000
34870  -16.612  -34.089  49.679 0.0000000000
33987  -16.736  -35.312  50.638 0.0000000000
42036  -41.470  -26.539  42.504 0.0000000000
42035  -40.773  -26.242  42.013 0.0000000000
37287  -21.041  -31.974  49.525 0.0000000000
37275  -21.633  -31.909  49.958 0.0000000000
38082  -21.920  -31.298  49.602 0.0000000000
38083  -22.087  -31.374  49.674 0.0000000000
39084  -34.492  -29.146  44.435 0.0000000000
39063  -34.594  -29.529  45.378 0.0000000000
43681  -21.118  -25.057  48.471 0.0000000000
42838  -20.926  -26.107  47.318 0.0000000000
42821  -20.855  -25.521  48.211 0.0000000000
40997  -19.475  -27.552  48.069 0.0000000000
37324  -20.024  -31.152  47.657 0.0000000000
43750  -32.269  -24.783  44.418 0.0000000000
43764  -31.786  -24.944  43.961 0.0000000000
43766  -33.017  -25.368  43.524 0.0000000000
42893  -33.706  -25.501  43.773 0.0000000000
42911  -33.456  -25.664  43.074 0.0000000000
50680  -36.981  -17.894  34.746 0.0000000000
49753  -37.264  -18.479  34.687 0.0000000000
50681  -37.682  -17.643  34.445 0.0000000000
51481  -39.467  -16.589  33.200 0.0000000000
56615  -39.553  -10.881  33.360 0.0000000000
54869  -41.849  -12.692  31.388 0.0000000000
54870  -42.857  -12.803  31.208 0.0000000000
55718  -43.361  -11.941  31.123 0.0000000000
57509  -42.131  -10.007  31.161 0.0000000000
58370  -43.694  -8.643  29.925 0.0000000000
59239  -42.984  -7.787  30.057 0.0000000000
60051  -42.486  -7.385  30.332 0.0000000000
34786  -11.903  -34.679  53.189 0.0000000000
33936  -11.557  -35.986  54.085 0.0000000000
51409  -33.697  -16.314  42.901 0.0000000000
50601  -32.799  -18.058  42.014 0.0000000000
49649  -33.643  -18.503  40.780 0.0000000000
50634  -34.072  -17.569  40.030 0.0000000000
50635  -34.379  -17.453  39.570 0.0000000000
53089  -35.423  -15.046  38.772 0.0000000000
53967  -36.246  -14.153  38.313 0.0000000000
38177  -26.839  -30.712  44.240 0.0000000000
37381  -27.297  -31.254  44.732 0.0000000000
37367  -27.667  -31.581  45.291 0.0000000000
37348  -28.076  -31.868  45.928 0.0000000000
37369  -29.054  -31.182  45.615 0.0000000000
37349  -28.827  -31.588  46.043 0.0000000000
36433  -13.985  -32.854  51.162 0.0000000000
34836  -14.661  -34.754  51.060 0.0000000000
33980  -18.444  -35.244  51.307 0.0000000000
35550  -8.243  -34.228  55.825 0.0000000000
35541  -7.828  -33.807  56.298 0.0000000000
36378  -7.321  -33.048  57.027 0.0000000000
55661  -40.419  -12.515  35.286 0.0000000000
55672  -39.993  -12.157  35.062 0.0000000000
56601  -39.888  -11.377  34.718 0.0000000000
46722  -40.856  -21.995  42.695 0.0000000000
39045  -31.108  -28.907  46.397 0.0000000000
39943  -17.985  -27.847  51.679 0.0000000000
38071  -16.772  -29.315  50.729 0.0000000000
38090  -16.783  -30.972  49.495 0.0000000000
37286  -16.942  -31.248  49.214 0.0000000000
37301  -16.926  -31.761  49.057 0.0000000000
38102  -18.701  -30.439  48.013 0.0000000000
34872  -18.378  -34.336  49.728 0.0000000000
34859  -18.614  -34.660  50.244 0.0000000000
40103  -38.459  -28.540  42.307 0.0000000000
41109  -37.104  -26.927  40.693 0.0000000000
43777  -37.053  -25.328  42.196 0.0000000000
44654  -38.157  -23.418  43.822 0.0000000000
40041  -22.076  -27.902  45.640 0.0000000000
40026  -22.043  -28.811  45.979 0.0000000000
40042  -22.457  -28.396  45.443 0.0000000000
39077  -23.547  -28.986  44.724 0.0000000000
41054  -23.727  -27.817  44.754 0.0000000000
39079  -24.811  -29.527  44.205 0.0000000000
39100  -25.590  -29.558  43.906 0.0000000000
41037  -25.452  -27.811  45.510 0.0000000000
41057  -25.866  -28.248  44.867 0.0000000000
40060  -25.810  -28.586  44.188 0.0000000000
39101  -26.375  -29.479  43.782 0.0000000000
38192  -27.074  -30.019  43.868 0.0000000000
38193  -27.668  -29.652  43.921 0.0000000000
39082  -29.043  -28.882  44.417 0.0000000000
41987  -28.425  -26.089  46.119 0.0000000000
41021  -31.730  -27.891  45.794 0.0000000000
41044  -32.059  -27.882  45.528 0.0000000000
40066  -33.705  -28.803  44.312 0.0000000000
42909  -31.886  -25.490  43.547 0.0000000000
41070  -32.346  -27.160  43.317 0.0000000000
42033  -32.665  -26.354  42.706 0.0000000000
40097  -32.931  -27.438  42.812 0.0000000000
40067  -34.338  -28.960  44.001 0.0000000000
39104  -34.649  -28.998  43.884 0.0000000000
39118  -35.865  -28.863  43.120 0.0000000000
40100  -35.316  -28.591  42.599 0.0000000000
39119  -36.645  -28.863  43.096 0.0000000000
42840  -22.771  -25.283  46.993 0.0000000000
43715  -22.178  -25.405  46.933 0.0000000000
42872  -22.006  -26.376  46.057 0.0000000000
41034  -21.870  -27.439  45.811 0.0000000000
48813  -37.580  -19.189  34.731 0.0000000000
47843  -39.230  -20.154  34.857 0.0000000000
54866  -39.711  -12.628  32.645 0.0000000000
54003  -39.883  -13.965  32.542 0.0000000000
50706  -41.071  -17.407  32.418 0.0000000000
58398  -46.009  -8.045  28.730 0.0000000000
59262  -45.329  -7.381  28.849 0.0000000000
61642  -45.914  -4.847  29.412 0.0000000000
35563  -9.130  -34.143  55.019 0.0000000000
34785  -11.086  -34.571  53.554 0.0000000000
34768  -10.535  -34.607  53.905 0.0000000000
34766  -9.069  -34.649  54.939 0.0000000000
32975  -7.467  -36.578  57.446 0.0000000000
40104  -39.430  -28.311  42.249 0.0000000000
42047  -38.896  -26.559  40.986 0.0000000000
42933  -40.735  -25.750  41.942 0.0000000000
42958  -39.843  -24.795  41.083 0.0000000000
42947  -40.846  -25.010  41.987 0.0000000000
43790  -40.765  -24.407  41.854 0.0000000000
44685  -40.859  -23.778  41.950 0.0000000000
45669  -39.516  -22.726  41.084 0.0000000000
45656  -40.356  -22.577  41.782 0.0000000000
46721  -40.291  -21.534  42.439 0.0000000000
47716  -34.372  -20.312  44.907 0.0000000000
46692  -34.521  -20.801  44.469 0.0000000000
46705  -34.999  -21.523  43.553 0.0000000000
47742  -33.552  -20.398  43.106 0.0000000000
47760  -38.235  -20.827  41.769 0.0000000000
47748  -39.781  -20.963  42.609 0.0000000000
48768  -37.001  -20.341  36.544 0.0000000000
49727  -36.384  -19.171  35.740 0.0000000000
49742  -36.560  -18.571  35.229 0.0000000000
51460  -35.762  -17.135  36.112 0.0000000000
50672  -35.878  -17.675  35.723 0.0000000000
52275  -39.030  -15.577  36.044 0.0000000000
38134  -23.147  -30.706  46.406 0.0000000000
37363  -23.743  -30.737  45.815 0.0000000000
38120  -23.243  -31.141  46.922 0.0000000000
37380  -26.333  -31.298  44.760 0.0000000000
36540  -26.565  -32.678  46.726 0.0000000000
36524  -26.320  -33.070  47.536 0.0000000000
36539  -25.648  -32.574  46.885 0.0000000000
36523  -25.429  -32.896  47.678 0.0000000000
35580  -11.895  -33.412  53.114 0.0000000000
33949  -13.453  -35.887  53.322 0.0000000000
37284  -15.537  -31.695  50.062 0.0000000000
35647  -14.966  -33.601  50.331 0.0000000000
34855  -14.923  -34.190  50.548 0.0000000000
33976  -14.831  -35.579  51.541 0.0000000000
33979  -17.524  -35.589  51.336 0.0000000000
33967  -15.413  -35.872  52.103 0.0000000000
60090  -46.914  -6.386  27.837 0.0000000000
36377  -6.138  -32.884  57.229 0.0000000000
35538  -4.332  -33.189  56.391 0.0000000000
33989  -18.290  -34.927  50.633 0.0000000000
36499  -20.270  -32.266  48.531 0.0000000000
36547  -26.030  -32.329  46.292 0.0000000000
37308  -23.267  -31.714  48.587 0.0000000000
38153  -23.962  -30.450  45.335 0.0000000000
39080  -25.306  -29.902  44.126 0.0000000000
39099  -25.195  -29.211  43.897 0.0000000000
40075  -25.402  -29.093  43.793 0.0000000000
40083  -35.119  -28.807  43.216 0.0000000000
40113  -33.871  -27.376  42.003 0.0000000000
40927  -18.436  -27.336  51.581 0.0000000000
41022  -31.997  -27.969  46.003 0.0000000000
41938  -19.842  -26.625  48.991 0.0000000000
42839  -21.361  -25.556  47.496 0.0000000000
42855  -22.559  -25.686  46.461 0.0000000000
42874  -23.150  -25.952  45.933 0.0000000000
43666  -20.976  -24.930  48.880 0.0000000000
43733  -28.906  -25.003  46.473 0.0000000000
44696  -40.027  -23.623  41.184 0.0000000000
46744  -38.583  -22.148  40.969 0.0000000000
47790  -37.992  -20.620  36.815 0.0000000000
47827  -37.149  -19.712  35.377 0.0000000000
48791  -37.209  -19.477  35.149 0.0000000000
49618  -32.718  -18.578  42.438 0.0000000000
50613  -32.984  -18.259  41.645 0.0000000000
59251  -43.137  -7.326  29.948 0.0000000000
