#!ascii label  , from subject sub-01 vox2ras=TkReg
997
36373  -14.307  -31.800  57.686 0.0000000000
41993  -36.568  -27.175  45.493 0.0000000000
46684  -36.065  -21.117  46.023 0.0000000000
38983  -28.455  -27.404  51.582 0.0000000000
52276  -39.977  -15.220  36.267 0.0000000000
52228  -35.543  -14.944  41.405 0.0000000000
39973  -38.447  -27.392  50.592 0.0000000000
41916  -33.830  -25.855  50.788 0.0000000000
53129  -45.061  -13.486  37.254 0.0000000000
57469  -46.522  -9.650  36.062 0.0000000000
60018  -47.596  -6.658  34.880 0.0000000000
50533  -37.734  -16.712  48.470 0.0000000000
49588  -33.885  -17.736  45.050 0.0000000000
53035  -39.232  -14.346  45.600 0.0000000000
53885  -41.156  -12.602  42.655 0.0000000000
44589  -23.431  -23.741  50.349 0.0000000000
35511  -11.560  -32.358  61.510 0.0000000000
44656  -38.630  -24.121  44.969 0.0000000000
47664  -38.796  -20.406  50.122 0.0000000000
41016  -24.941  -26.799  47.319 0.0000000000
41020  -28.073  -26.698  46.502 0.0000000000
60874  -43.718  -5.823  30.013 0.0000000000
62381  -48.354  -3.745  33.222 0.0000000000
53091  -37.792  -13.871  37.859 0.0000000000
53938  -43.146  -13.747  39.497 0.0000000000
38045  -14.931  -29.606  55.237 0.0000000000
36366  -6.977  -32.530  57.775 0.0000000000
56584  -45.944  -11.528  36.561 0.0000000000
51396  -37.845  -15.594  47.337 0.0000000000
42804  -20.450  -25.573  49.247 0.0000000000
36351  -13.058  -32.264  59.381 0.0000000000
42932  -37.142  -25.488  42.665 0.0000000000
42010  -37.583  -26.277  44.742 0.0000000000
39016  -25.810  -27.347  48.824 0.0000000000
40028  -26.754  -27.796  46.712 0.0000000000
40982  -27.759  -27.643  48.474 0.0000000000
41955  -35.103  -26.278  47.656 0.0000000000
43705  -32.863  -24.440  47.281 0.0000000000
42859  -33.763  -25.387  45.715 0.0000000000
38966  -27.035  -27.514  52.293 0.0000000000
40947  -24.847  -27.137  50.779 0.0000000000
58341  -40.340  -8.704  33.220 0.0000000000
60040  -42.615  -6.255  31.812 0.0000000000
61614  -48.292  -5.105  34.186 0.0000000000
51410  -34.025  -16.123  43.579 0.0000000000
53931  -36.787  -13.749  39.485 0.0000000000
53900  -42.896  -12.876  41.138 0.0000000000
41879  -19.452  -26.613  52.748 0.0000000000
39887  -18.156  -26.985  54.737 0.0000000000
39857  -17.498  -27.158  56.369 0.0000000000
38053  -15.227  -28.975  53.083 0.0000000000
36379  -8.566  -32.976  56.770 0.0000000000
40987  -37.436  -26.957  47.880 0.0000000000
41027  -38.979  -26.739  46.953 0.0000000000
40971  -39.812  -26.374  49.318 0.0000000000
39907  -31.113  -27.621  53.969 0.0000000000
40950  -30.267  -26.618  51.158 0.0000000000
40922  -33.868  -26.838  52.692 0.0000000000
40953  -35.929  -26.872  50.686 0.0000000000
53125  -42.080  -14.380  36.311 0.0000000000
54828  -42.468  -12.690  35.411 0.0000000000
57465  -42.740  -10.252  35.008 0.0000000000
59203  -43.308  -7.695  34.435 0.0000000000
59218  -44.544  -7.050  34.355 0.0000000000
58336  -46.454  -7.900  35.291 0.0000000000
48611  -36.507  -19.373  47.648 0.0000000000
48631  -34.407  -19.631  45.586 0.0000000000
50543  -35.445  -17.454  46.383 0.0000000000
51400  -35.989  -15.607  45.903 0.0000000000
52216  -37.200  -14.545  44.026 0.0000000000
53061  -37.957  -13.644  42.015 0.0000000000
53864  -39.781  -13.658  43.918 0.0000000000
44570  -22.458  -23.408  52.583 0.0000000000
42777  -20.063  -26.269  50.982 0.0000000000
63191  -47.221  -3.079  29.677 0.0000000000
36333  -9.023  -31.840  62.480 0.0000000000
44664  -38.066  -23.912  42.957 0.0000000000
45609  -37.624  -22.435  45.665 0.0000000000
43723  -39.211  -24.590  47.077 0.0000000000
45589  -38.220  -22.304  48.000 0.0000000000
46664  -37.146  -21.058  47.813 0.0000000000
49529  -37.701  -18.810  49.182 0.0000000000
42807  -29.991  -25.182  49.476 0.0000000000
43639  -24.933  -24.782  52.424 0.0000000000
43685  -24.068  -24.993  48.561 0.0000000000
60859  -45.145  -5.736  33.162 0.0000000000
61633  -45.461  -4.647  31.909 0.0000000000
62395  -46.683  -3.645  31.475 0.0000000000
63176  -49.202  -2.610  32.163 0.0000000000
37234  -12.579  -31.416  55.072 0.0000000000
37221  -11.904  -31.547  56.700 0.0000000000
52264  -38.827  -15.187  36.691 0.0000000000
53914  -39.379  -12.969  40.342 0.0000000000
53075  -40.995  -13.855  38.613 0.0000000000
52251  -41.841  -14.961  37.781 0.0000000000
53098  -44.328  -14.170  38.125 0.0000000000
37225  -14.868  -31.208  56.794 0.0000000000
36358  -10.402  -32.168  58.692 0.0000000000
37200  -8.712  -31.374  59.711 0.0000000000
38017  -6.735  -30.533  60.332 0.0000000000
36362  -14.117  -32.089  58.450 0.0000000000
42895  -35.848  -26.269  44.327 0.0000000000
42896  -36.614  -26.330  44.131 0.0000000000
41994  -37.395  -27.046  45.318 0.0000000000
39006  -26.609  -27.591  49.565 0.0000000000
39018  -26.956  -27.749  48.411 0.0000000000
39008  -27.614  -27.648  49.496 0.0000000000
41971  -35.424  -26.998  46.466 0.0000000000
42860  -34.446  -25.882  46.361 0.0000000000
42880  -34.849  -26.046  45.245 0.0000000000
42894  -34.660  -25.819  44.070 0.0000000000
38968  -28.492  -27.817  52.654 0.0000000000
38948  -28.236  -28.183  53.645 0.0000000000
38982  -27.625  -27.500  51.559 0.0000000000
39005  -25.875  -27.455  50.041 0.0000000000
60039  -41.901  -6.782  31.668 0.0000000000
46694  -36.525  -21.826  45.087 0.0000000000
45619  -36.161  -21.941  44.148 0.0000000000
52222  -35.209  -15.145  42.584 0.0000000000
52227  -34.721  -15.510  41.363 0.0000000000
53058  -36.129  -14.540  40.926 0.0000000000
39942  -17.477  -28.085  51.754 0.0000000000
40900  -18.758  -26.643  54.178 0.0000000000
39900  -17.460  -27.534  53.167 0.0000000000
39885  -16.524  -27.553  53.902 0.0000000000
38978  -16.161  -28.980  51.769 0.0000000000
40002  -37.719  -26.818  48.701 0.0000000000
40988  -38.643  -26.790  48.855 0.0000000000
39990  -38.843  -27.001  49.748 0.0000000000
39909  -33.564  -27.399  54.209 0.0000000000
39928  -32.613  -26.963  53.606 0.0000000000
39910  -34.580  -27.631  53.932 0.0000000000
39954  -37.625  -27.513  51.810 0.0000000000
39970  -36.109  -27.278  51.404 0.0000000000
39987  -37.193  -26.963  50.091 0.0000000000
40968  -36.796  -26.607  49.388 0.0000000000
53973  -43.152  -13.766  36.293 0.0000000000
53981  -42.334  -13.631  35.761 0.0000000000
53983  -43.659  -12.853  35.861 0.0000000000
56597  -46.094  -10.398  36.311 0.0000000000
56595  -44.422  -10.889  35.604 0.0000000000
57467  -44.679  -10.036  35.553 0.0000000000
57479  -43.518  -9.170  34.894 0.0000000000
58323  -44.844  -9.164  35.367 0.0000000000
58334  -44.950  -8.270  35.160 0.0000000000
58325  -46.663  -8.640  35.578 0.0000000000
49551  -36.886  -18.405  47.921 0.0000000000
49564  -36.088  -18.416  47.023 0.0000000000
49565  -36.626  -17.413  47.505 0.0000000000
52203  -38.862  -14.833  46.243 0.0000000000
51401  -36.634  -15.394  46.355 0.0000000000
52201  -37.209  -15.035  45.856 0.0000000000
52208  -36.458  -14.988  44.820 0.0000000000
52217  -37.906  -14.545  44.404 0.0000000000
53048  -38.322  -14.043  43.629 0.0000000000
53042  -39.388  -14.008  44.657 0.0000000000
45534  -24.768  -22.937  53.208 0.0000000000
45502  -24.317  -22.369  54.218 0.0000000000
45547  -23.076  -23.313  51.955 0.0000000000
42787  -20.411  -25.548  50.256 0.0000000000
63189  -48.185  -2.134  29.917 0.0000000000
63961  -48.861  -1.713  29.360 0.0000000000
36329  -10.304  -32.553  62.477 0.0000000000
42916  -38.239  -25.242  43.886 0.0000000000
43777  -37.053  -25.328  42.196 0.0000000000
43768  -38.368  -24.648  43.704 0.0000000000
44654  -38.157  -23.418  43.822 0.0000000000
44644  -38.634  -23.711  45.079 0.0000000000
42830  -39.697  -25.168  48.393 0.0000000000
41975  -39.036  -25.501  47.156 0.0000000000
43691  -39.759  -24.660  48.356 0.0000000000
45568  -38.758  -21.806  49.614 0.0000000000
45579  -39.038  -22.731  48.821 0.0000000000
45578  -38.503  -22.011  49.175 0.0000000000
46665  -37.627  -21.710  47.715 0.0000000000
47682  -37.666  -20.813  48.716 0.0000000000
47671  -37.603  -19.876  48.984 0.0000000000
48594  -38.170  -19.458  49.650 0.0000000000
40029  -27.273  -27.649  46.080 0.0000000000
41899  -32.099  -26.101  51.590 0.0000000000
42789  -30.043  -25.788  50.229 0.0000000000
42791  -31.795  -25.339  50.310 0.0000000000
43719  -30.927  -24.122  46.407 0.0000000000
42765  -25.682  -25.820  53.836 0.0000000000
40980  -25.050  -26.889  48.836 0.0000000000
41928  -24.566  -26.489  49.509 0.0000000000
41953  -24.673  -26.322  47.656 0.0000000000
42857  -23.865  -25.875  46.526 0.0000000000
60016  -45.463  -6.827  34.352 0.0000000000
60032  -44.623  -6.430  33.719 0.0000000000
60034  -46.326  -6.104  33.996 0.0000000000
61627  -47.934  -4.575  33.720 0.0000000000
61626  -46.843  -4.506  33.070 0.0000000000
62380  -47.532  -3.924  33.032 0.0000000000
61637  -46.048  -4.057  30.927 0.0000000000
62390  -47.838  -3.391  32.445 0.0000000000
63174  -47.790  -3.129  31.901 0.0000000000
62391  -48.761  -3.201  32.671 0.0000000000
49575  -34.219  -18.513  45.666 0.0000000000
47715  -33.924  -20.093  44.504 0.0000000000
52274  -38.274  -15.660  36.101 0.0000000000
53113  -38.375  -14.554  37.237 0.0000000000
53883  -39.563  -13.249  42.209 0.0000000000
53896  -38.415  -13.115  41.249 0.0000000000
53898  -40.450  -12.883  41.368 0.0000000000
53918  -43.535  -13.359  40.236 0.0000000000
53936  -41.221  -13.385  39.430 0.0000000000
53076  -41.847  -14.117  38.754 0.0000000000
53095  -41.496  -14.618  38.161 0.0000000000
53077  -42.739  -14.178  38.776 0.0000000000
53097  -43.250  -14.505  38.041 0.0000000000
53078  -43.747  -14.090  38.712 0.0000000000
38904  -15.862  -29.002  55.695 0.0000000000
38038  -15.712  -29.823  56.374 0.0000000000
38034  -15.632  -30.116  57.254 0.0000000000
37231  -14.613  -30.540  56.081 0.0000000000
37236  -13.664  -30.516  55.020 0.0000000000
36399  -13.487  -30.783  54.103 0.0000000000
36389  -9.810  -32.829  55.765 0.0000000000
37212  -11.408  -31.699  57.317 0.0000000000
36380  -9.736  -32.591  56.738 0.0000000000
36378  -7.321  -33.048  57.027 0.0000000000
36367  -8.143  -32.485  57.731 0.0000000000
36356  -7.640  -32.148  58.426 0.0000000000
37195  -8.099  -30.817  60.192 0.0000000000
38028  -6.857  -31.144  58.788 0.0000000000
39912  -36.183  -27.886  53.778 0.0000000000
54816  -46.363  -12.901  37.660 0.0000000000
54821  -45.034  -12.514  36.537 0.0000000000
55658  -46.898  -11.888  37.188 0.0000000000
51390  -38.124  -15.976  47.954 0.0000000000
43683  -22.545  -24.324  48.162 0.0000000000
44602  -21.996  -23.624  49.969 0.0000000000
35514  -13.462  -31.512  61.276 0.0000000000
36338  -12.225  -32.099  60.761 0.0000000000
42914  -36.724  -25.989  43.443 0.0000000000
42022  -37.477  -25.975  43.926 0.0000000000
42898  -38.402  -25.108  44.527 0.0000000000
48581  -38.789  -19.524  50.223 0.0000000000
40013  -25.479  -27.403  47.661 0.0000000000
40027  -25.887  -27.882  46.534 0.0000000000
39028  -26.125  -27.676  47.661 0.0000000000
40014  -26.997  -27.739  47.533 0.0000000000
41003  -28.055  -26.986  47.394 0.0000000000
42811  -34.294  -25.272  49.112 0.0000000000
42810  -33.103  -24.773  49.160 0.0000000000
42828  -33.724  -24.959  48.040 0.0000000000
42845  -33.709  -25.180  46.807 0.0000000000
42893  -33.706  -25.501  43.773 0.0000000000
39902  -26.114  -27.245  53.359 0.0000000000
40918  -25.243  -27.008  51.912 0.0000000000
39966  -25.191  -27.352  51.056 0.0000000000
39997  -25.239  -27.127  49.316 0.0000000000
57484  -39.761  -10.334  33.884 0.0000000000
60046  -43.149  -6.011  31.407 0.0000000000
60008  -49.649  -6.692  35.303 0.0000000000
60845  -46.853  -6.070  34.223 0.0000000000
50572  -34.009  -16.683  44.696 0.0000000000
53090  -35.914  -14.395  38.795 0.0000000000
53953  -37.192  -13.554  38.658 0.0000000000
54743  -42.789  -12.496  43.390 0.0000000000
54771  -41.724  -12.395  42.195 0.0000000000
54759  -43.490  -12.789  42.666 0.0000000000
42763  -20.622  -25.387  53.768 0.0000000000
41873  -19.993  -25.870  54.288 0.0000000000
40877  -18.985  -26.328  56.094 0.0000000000
39874  -17.446  -27.379  55.308 0.0000000000
38925  -15.736  -28.148  54.691 0.0000000000
38046  -15.086  -28.977  54.522 0.0000000000
36407  -13.918  -30.603  52.928 0.0000000000
37249  -14.323  -30.325  52.695 0.0000000000
41024  -37.002  -27.414  46.442 0.0000000000
41046  -37.731  -27.316  45.980 0.0000000000
41007  -38.371  -27.074  47.737 0.0000000000
40990  -39.215  -26.269  48.297 0.0000000000
39925  -29.741  -27.901  52.969 0.0000000000
39969  -29.197  -27.232  51.515 0.0000000000
39949  -30.367  -27.329  52.571 0.0000000000
40933  -31.718  -26.596  52.269 0.0000000000
41900  -33.200  -26.015  51.551 0.0000000000
39951  -35.066  -27.459  52.384 0.0000000000
40936  -34.870  -27.011  51.799 0.0000000000
41917  -34.787  -25.979  50.341 0.0000000000
40984  -35.721  -26.101  49.321 0.0000000000
41004  -36.153  -26.816  47.705 0.0000000000
38951  -30.901  -28.034  54.453 0.0000000000
52277  -40.964  -14.933  36.410 0.0000000000
53131  -39.773  -14.613  35.171 0.0000000000
53979  -40.710  -13.759  35.441 0.0000000000
54826  -40.831  -12.960  35.448 0.0000000000
55673  -40.277  -11.611  35.060 0.0000000000
55665  -43.427  -11.762  35.364 0.0000000000
56593  -42.682  -11.077  35.133 0.0000000000
56603  -41.283  -10.439  34.901 0.0000000000
57477  -41.676  -9.688  34.764 0.0000000000
58331  -41.862  -8.640  34.498 0.0000000000
59202  -42.207  -7.722  34.171 0.0000000000
59216  -42.788  -7.014  33.685 0.0000000000
59204  -44.271  -7.633  34.686 0.0000000000
59205  -45.135  -7.435  34.751 0.0000000000
59207  -46.938  -7.365  35.162 0.0000000000
58326  -47.564  -8.437  35.935 0.0000000000
60006  -48.062  -7.242  35.375 0.0000000000
47698  -35.891  -20.247  46.757 0.0000000000
46683  -35.451  -20.916  45.553 0.0000000000
48621  -35.288  -19.492  46.517 0.0000000000
49563  -34.980  -18.501  46.269 0.0000000000
49576  -34.816  -17.717  45.912 0.0000000000
50545  -36.822  -16.492  47.521 0.0000000000
50558  -35.599  -16.592  46.302 0.0000000000
50573  -34.537  -16.629  45.228 0.0000000000
51412  -35.334  -15.410  44.310 0.0000000000
52215  -36.068  -15.048  43.838 0.0000000000
52223  -36.278  -14.675  42.616 0.0000000000
53053  -36.852  -14.275  42.006 0.0000000000
53047  -37.533  -14.216  43.239 0.0000000000
53872  -39.494  -13.529  43.205 0.0000000000
53873  -40.447  -13.217  43.367 0.0000000000
53866  -41.494  -12.944  44.587 0.0000000000
54730  -42.035  -12.516  43.882 0.0000000000
44558  -21.950  -23.794  53.764 0.0000000000
43655  -21.365  -24.135  50.406 0.0000000000
43637  -21.461  -24.218  52.439 0.0000000000
43628  -21.031  -24.828  52.978 0.0000000000
41886  -19.544  -26.678  51.911 0.0000000000
45620  -37.419  -22.618  44.491 0.0000000000
46695  -37.178  -22.195  45.260 0.0000000000
41995  -38.260  -26.611  45.884 0.0000000000
41996  -38.503  -25.684  45.866 0.0000000000
43739  -38.808  -24.607  45.913 0.0000000000
44624  -39.278  -23.833  47.127 0.0000000000
45611  -38.767  -23.684  45.769 0.0000000000
45600  -38.099  -22.574  46.686 0.0000000000
45599  -37.579  -22.083  46.223 0.0000000000
46673  -36.637  -20.939  47.134 0.0000000000
47689  -36.796  -20.472  47.712 0.0000000000
48612  -36.863  -19.065  48.000 0.0000000000
50523  -37.509  -17.582  48.544 0.0000000000
49530  -38.283  -18.294  49.758 0.0000000000
50513  -38.299  -17.141  49.873 0.0000000000
41911  -29.042  -26.898  50.498 0.0000000000
41941  -28.489  -26.245  48.794 0.0000000000
42843  -28.695  -25.505  47.474 0.0000000000
43672  -31.655  -24.596  49.001 0.0000000000
43702  -29.833  -24.473  47.433 0.0000000000
44560  -25.490  -23.618  53.426 0.0000000000
43638  -24.448  -24.221  51.887 0.0000000000
42780  -24.856  -25.775  51.797 0.0000000000
43647  -24.280  -24.924  51.051 0.0000000000
43656  -23.797  -24.276  49.770 0.0000000000
43699  -23.033  -24.835  47.581 0.0000000000
60031  -43.500  -6.450  33.251 0.0000000000
60041  -43.376  -6.043  32.301 0.0000000000
60866  -44.283  -5.458  32.246 0.0000000000
60860  -46.356  -5.427  33.520 0.0000000000
60867  -45.458  -5.003  32.529 0.0000000000
60872  -44.941  -4.867  31.678 0.0000000000
61636  -45.477  -4.551  31.269 0.0000000000
61639  -45.540  -4.590  30.279 0.0000000000
61640  -46.172  -4.074  29.916 0.0000000000
63187  -46.995  -3.150  29.998 0.0000000000
63183  -48.518  -2.252  31.153 0.0000000000
37223  -13.550  -31.487  56.932 0.0000000000
37215  -13.376  -31.641  57.301 0.0000000000
37227  -12.013  -31.477  55.968 0.0000000000
47717  -34.876  -20.664  45.191 0.0000000000
52265  -39.709  -15.141  36.811 0.0000000000
53066  -36.943  -13.873  40.934 0.0000000000
53912  -37.370  -13.267  40.361 0.0000000000
53933  -38.257  -13.017  39.368 0.0000000000
53915  -40.371  -12.976  40.355 0.0000000000
53935  -40.245  -13.275  39.423 0.0000000000
53955  -39.078  -13.567  38.582 0.0000000000
53093  -39.737  -14.243  37.948 0.0000000000
53115  -40.231  -14.813  37.476 0.0000000000
52266  -40.596  -15.043  37.007 0.0000000000
52268  -42.106  -14.915  37.355 0.0000000000
53116  -43.257  -14.440  37.429 0.0000000000
53118  -44.736  -13.998  37.733 0.0000000000
37209  -15.100  -31.019  58.542 0.0000000000
38030  -15.280  -31.035  57.928 0.0000000000
37217  -14.846  -31.568  57.446 0.0000000000
37229  -13.413  -31.089  56.137 0.0000000000
36397  -12.705  -31.791  54.029 0.0000000000
36371  -12.765  -31.849  57.972 0.0000000000
36350  -12.196  -32.146  59.387 0.0000000000
36349  -11.279  -32.094  59.512 0.0000000000
36368  -9.434  -32.406  57.733 0.0000000000
36348  -10.274  -32.075  59.751 0.0000000000
36341  -10.291  -32.107  60.774 0.0000000000
37191  -9.109  -31.850  61.390 0.0000000000
37190  -8.571  -31.344  61.611 0.0000000000
36365  -6.012  -32.171  57.844 0.0000000000
38027  -6.080  -30.909  58.836 0.0000000000
36363  -14.633  -31.745  58.232 0.0000000000
42008  -36.078  -26.730  44.991 0.0000000000
42009  -36.740  -26.672  44.681 0.0000000000
38994  -27.450  -27.603  50.392 0.0000000000
39007  -27.239  -27.695  49.271 0.0000000000
38995  -27.886  -27.572  50.154 0.0000000000
41991  -35.047  -26.438  46.126 0.0000000000
41992  -35.674  -26.719  45.642 0.0000000000
42881  -35.635  -26.422  45.051 0.0000000000
60029  -41.762  -6.892  32.430 0.0000000000
52221  -34.894  -15.303  41.948 0.0000000000
53064  -35.868  -14.628  40.414 0.0000000000
39921  -17.855  -27.813  52.393 0.0000000000
39920  -17.177  -28.033  52.312 0.0000000000
38965  -16.381  -28.353  52.336 0.0000000000
39988  -37.783  -27.023  49.834 0.0000000000
39989  -38.380  -26.966  49.503 0.0000000000
39974  -39.020  -27.259  50.284 0.0000000000
38954  -34.281  -28.012  54.716 0.0000000000
39972  -37.711  -27.368  50.813 0.0000000000
53128  -44.581  -13.744  37.203 0.0000000000
53974  -44.015  -13.293  36.382 0.0000000000
57468  -45.553  -9.854  35.808 0.0000000000
58324  -45.752  -8.978  35.423 0.0000000000
50532  -37.305  -16.982  47.942 0.0000000000
52202  -38.291  -14.872  45.821 0.0000000000
52210  -38.021  -14.735  45.060 0.0000000000
53034  -38.683  -14.450  45.115 0.0000000000
53041  -38.562  -14.301  44.471 0.0000000000
44572  -23.958  -23.521  52.105 0.0000000000
44571  -23.530  -23.408  52.008 0.0000000000
44580  -23.329  -23.446  51.547 0.0000000000
63950  -49.318  -1.739  31.018 0.0000000000
63957  -48.971  -1.678  30.308 0.0000000000
35512  -12.009  -32.272  61.447 0.0000000000
35506  -11.410  -32.702  62.099 0.0000000000
35505  -10.845  -32.823  62.361 0.0000000000
36330  -10.771  -32.587  62.019 0.0000000000
43752  -38.527  -24.612  44.363 0.0000000000
44655  -38.530  -24.051  44.362 0.0000000000
43674  -40.022  -24.721  48.976 0.0000000000
46645  -38.652  -21.356  49.740 0.0000000000
46655  -37.759  -21.313  48.596 0.0000000000
47672  -37.967  -20.555  49.185 0.0000000000
41968  -24.758  -26.670  46.102 0.0000000000
41986  -24.896  -27.057  45.708 0.0000000000
41915  -32.501  -25.708  50.906 0.0000000000
41914  -31.450  -25.904  50.874 0.0000000000
42792  -32.823  -25.260  50.178 0.0000000000
40999  -25.009  -26.831  48.001 0.0000000000
41940  -24.720  -26.378  48.542 0.0000000000
41967  -24.573  -26.377  46.705 0.0000000000
60875  -44.280  -5.341  30.309 0.0000000000
60017  -46.401  -6.667  34.468 0.0000000000
60033  -45.712  -6.201  33.866 0.0000000000
61628  -49.003  -4.184  33.793 0.0000000000
62389  -46.987  -3.775  32.365 0.0000000000
62382  -49.289  -3.591  33.299 0.0000000000
49574  -33.871  -18.733  45.291 0.0000000000
49587  -33.601  -18.543  44.904 0.0000000000
53112  -37.259  -14.359  37.216 0.0000000000
53092  -38.796  -14.041  37.868 0.0000000000
53884  -40.432  -13.009  42.406 0.0000000000
53937  -42.160  -13.615  39.503 0.0000000000
53939  -44.165  -13.725  39.342 0.0000000000
38042  -15.546  -29.352  55.688 0.0000000000
38886  -15.994  -29.015  55.987 0.0000000000
38041  -15.142  -30.053  55.923 0.0000000000
37237  -14.306  -30.021  55.038 0.0000000000
37205  -7.115  -31.874  58.894 0.0000000000
36355  -6.700  -32.182  58.316 0.0000000000
51391  -38.747  -15.688  48.434 0.0000000000
43682  -21.563  -24.775  48.334 0.0000000000
35523  -13.575  -32.094  59.900 0.0000000000
35517  -13.609  -31.667  60.279 0.0000000000
35516  -13.234  -32.101  60.039 0.0000000000
35513  -12.793  -31.959  61.014 0.0000000000
36344  -12.601  -32.146  60.115 0.0000000000
42913  -35.444  -25.962  43.242 0.0000000000
42021  -37.045  -26.301  44.142 0.0000000000
42897  -38.008  -25.652  44.204 0.0000000000
42011  -38.198  -25.762  45.061 0.0000000000
39999  -27.461  -27.709  48.675 0.0000000000
39030  -26.826  -27.748  48.122 0.0000000000
41002  -27.491  -27.599  47.798 0.0000000000
41018  -27.163  -27.655  47.260 0.0000000000
40983  -28.155  -27.189  48.701 0.0000000000
42812  -34.982  -25.576  48.843 0.0000000000
42829  -34.700  -25.631  48.228 0.0000000000
43738  -32.984  -24.949  45.052 0.0000000000
42879  -33.821  -25.446  44.677 0.0000000000
38967  -27.529  -27.673  52.683 0.0000000000
39905  -27.920  -28.135  53.878 0.0000000000
39904  -27.418  -27.809  53.547 0.0000000000
39888  -26.871  -27.602  53.999 0.0000000000
39923  -26.715  -27.465  52.567 0.0000000000
39945  -25.690  -27.338  51.682 0.0000000000
38980  -26.191  -27.515  51.519 0.0000000000
39004  -25.453  -27.381  49.994 0.0000000000
39998  -25.330  -27.141  48.486 0.0000000000
57485  -40.076  -9.573  33.618 0.0000000000
51404  -34.437  -16.000  44.232 0.0000000000
50589  -33.530  -16.767  44.052 0.0000000000
53073  -36.196  -14.257  39.604 0.0000000000
53952  -36.504  -13.970  38.828 0.0000000000
54744  -43.559  -12.665  43.464 0.0000000000
54758  -42.698  -12.511  42.667 0.0000000000
53901  -43.890  -13.147  41.033 0.0000000000
41880  -19.998  -26.067  53.240 0.0000000000
41872  -19.372  -26.392  53.713 0.0000000000
39901  -18.112  -27.115  53.703 0.0000000000
40890  -18.785  -26.378  55.194 0.0000000000
39875  -18.271  -26.801  55.759 0.0000000000
38946  -15.689  -28.149  53.340 0.0000000000
39873  -16.595  -27.777  54.948 0.0000000000
38047  -15.334  -28.370  54.162 0.0000000000
38054  -15.235  -28.603  53.788 0.0000000000
37243  -14.608  -29.611  53.440 0.0000000000
37250  -14.892  -29.858  52.300 0.0000000000
41005  -36.888  -27.072  47.400 0.0000000000
41006  -37.571  -27.260  47.344 0.0000000000
40970  -39.278  -26.847  49.673 0.0000000000
40989  -39.073  -26.616  48.510 0.0000000000
39926  -30.262  -27.766  53.167 0.0000000000
39927  -31.303  -27.234  53.325 0.0000000000
40921  -32.804  -26.697  52.924 0.0000000000
40934  -32.948  -26.309  52.268 0.0000000000
40935  -33.993  -26.516  51.979 0.0000000000
39932  -36.435  -27.575  52.851 0.0000000000
39931  -35.522  -27.658  52.907 0.0000000000
40937  -35.517  -27.083  51.391 0.0000000000
40952  -34.952  -26.541  50.954 0.0000000000
40966  -35.421  -26.347  50.094 0.0000000000
40967  -36.126  -26.499  49.741 0.0000000000
40986  -36.975  -26.703  48.360 0.0000000000
40985  -36.163  -26.375  48.644 0.0000000000
41023  -36.125  -27.174  46.908 0.0000000000
38952  -31.996  -27.826  54.793 0.0000000000
39906  -30.339  -28.004  53.725 0.0000000000
38970  -29.935  -28.110  53.286 0.0000000000
53124  -41.529  -14.682  36.349 0.0000000000
52285  -40.771  -14.821  35.904 0.0000000000
53133  -41.266  -14.449  35.867 0.0000000000
54827  -41.595  -12.834  35.446 0.0000000000
55662  -40.788  -12.040  35.330 0.0000000000
55663  -41.709  -11.992  35.396 0.0000000000
55656  -45.665  -11.924  36.486 0.0000000000
54831  -44.539  -12.048  36.084 0.0000000000
55667  -44.879  -11.664  36.094 0.0000000000
56594  -43.556  -10.952  35.248 0.0000000000
57464  -42.017  -10.500  34.987 0.0000000000
58332  -42.936  -8.517  34.630 0.0000000000
58335  -45.819  -8.104  35.181 0.0000000000
59206  -46.023  -7.401  34.847 0.0000000000
59194  -48.676  -7.600  35.744 0.0000000000
48622  -35.948  -19.401  46.982 0.0000000000
51389  -37.387  -16.057  47.651 0.0000000000
51395  -37.030  -15.475  46.984 0.0000000000
51394  -36.366  -15.728  46.624 0.0000000000
50557  -35.082  -16.655  45.726 0.0000000000
51399  -35.372  -15.922  45.334 0.0000000000
51405  -34.920  -16.029  44.775 0.0000000000
51406  -35.636  -15.425  44.847 0.0000000000
52214  -35.617  -15.062  43.213 0.0000000000
52224  -36.863  -14.513  43.255 0.0000000000
53049  -39.091  -13.878  43.994 0.0000000000
53867  -42.085  -12.755  45.078 0.0000000000
54731  -42.604  -12.526  44.287 0.0000000000
45514  -23.626  -22.856  53.360 0.0000000000
45500  -22.962  -22.917  53.903 0.0000000000
45487  -23.031  -22.777  54.917 0.0000000000
44559  -22.400  -23.374  53.436 0.0000000000
43667  -21.426  -24.260  49.364 0.0000000000
43654  -20.834  -24.803  49.821 0.0000000000
42786  -20.024  -26.256  50.494 0.0000000000
43645  -20.887  -24.889  50.865 0.0000000000
43636  -20.972  -24.935  51.942 0.0000000000
42778  -20.330  -25.894  51.352 0.0000000000
42771  -20.507  -25.584  52.594 0.0000000000
41895  -19.935  -26.398  51.667 0.0000000000
37186  -8.635  -31.260  62.557 0.0000000000
43778  -37.643  -24.819  42.369 0.0000000000
45621  -38.338  -23.321  44.599 0.0000000000
41026  -38.718  -26.970  46.697 0.0000000000
41047  -38.236  -27.145  46.261 0.0000000000
41973  -38.576  -26.653  46.505 0.0000000000
42862  -39.099  -25.078  47.079 0.0000000000
42861  -38.900  -25.175  46.492 0.0000000000
43722  -38.987  -24.602  46.482 0.0000000000
45590  -39.057  -23.172  47.586 0.0000000000
45601  -38.832  -23.422  46.480 0.0000000000
46675  -37.873  -22.010  47.283 0.0000000000
46674  -37.277  -21.665  46.832 0.0000000000
46663  -36.858  -20.835  47.549 0.0000000000
48593  -37.648  -19.388  49.081 0.0000000000
48602  -37.151  -19.340  48.474 0.0000000000
49540  -37.367  -18.416  48.701 0.0000000000
49541  -37.854  -17.879  49.185 0.0000000000
49519  -38.882  -18.673  50.358 0.0000000000
40043  -25.879  -28.125  45.682 0.0000000000
40949  -29.592  -26.971  51.220 0.0000000000
40948  -28.960  -27.206  50.858 0.0000000000
41930  -29.416  -25.855  49.886 0.0000000000
42806  -28.998  -25.666  49.173 0.0000000000
42825  -28.727  -25.653  48.314 0.0000000000
42826  -29.325  -25.132  48.475 0.0000000000
42827  -33.137  -24.550  48.444 0.0000000000
43673  -32.314  -24.609  49.081 0.0000000000
43689  -32.396  -24.393  48.354 0.0000000000
43630  -25.547  -24.569  53.413 0.0000000000
44573  -24.887  -23.622  52.822 0.0000000000
41888  -25.109  -26.837  51.873 0.0000000000
41897  -24.984  -26.524  51.831 0.0000000000
41896  -24.780  -26.660  51.353 0.0000000000
42805  -24.365  -25.740  49.053 0.0000000000
42788  -24.212  -25.701  50.112 0.0000000000
43669  -24.119  -24.946  49.428 0.0000000000
43657  -24.059  -24.798  50.159 0.0000000000
43668  -23.755  -24.344  49.000 0.0000000000
43684  -23.396  -24.410  48.319 0.0000000000
42823  -23.759  -25.147  47.780 0.0000000000
59217  -43.815  -6.989  34.079 0.0000000000
60858  -44.525  -5.917  33.009 0.0000000000
60042  -44.073  -6.072  32.894 0.0000000000
60846  -47.684  -5.555  34.217 0.0000000000
60868  -46.161  -4.787  32.825 0.0000000000
60876  -44.899  -4.895  30.699 0.0000000000
62398  -46.723  -3.454  30.476 0.0000000000
63175  -48.285  -2.902  31.970 0.0000000000
63182  -47.747  -2.932  31.386 0.0000000000
37228  -12.718  -31.259  56.046 0.0000000000
37233  -12.049  -31.602  55.263 0.0000000000
47706  -35.142  -20.367  45.810 0.0000000000
47705  -34.626  -20.119  45.442 0.0000000000
52275  -39.030  -15.577  36.044 0.0000000000
53054  -37.274  -14.148  42.482 0.0000000000
53060  -37.352  -13.701  41.456 0.0000000000
53897  -39.479  -13.068  41.295 0.0000000000
53895  -37.828  -13.111  40.881 0.0000000000
53913  -38.402  -12.922  40.279 0.0000000000
53934  -39.268  -13.160  39.409 0.0000000000
53899  -41.588  -12.578  41.491 0.0000000000
53916  -41.400  -12.955  40.349 0.0000000000
53074  -40.039  -13.732  38.616 0.0000000000
53094  -40.654  -14.422  38.038 0.0000000000
52250  -41.091  -14.880  37.646 0.0000000000
52267  -41.420  -14.960  37.224 0.0000000000
52253  -42.917  -14.649  37.685 0.0000000000
53117  -44.010  -14.145  37.602 0.0000000000
38037  -15.300  -30.592  56.634 0.0000000000
38033  -15.264  -31.046  57.464 0.0000000000
37224  -14.303  -31.492  57.080 0.0000000000
37230  -14.061  -30.854  56.171 0.0000000000
36398  -13.278  -31.209  54.036 0.0000000000
37235  -13.192  -30.979  55.054 0.0000000000
37214  -12.800  -31.626  57.362 0.0000000000
37213  -12.091  -31.612  57.409 0.0000000000
36369  -10.737  -31.994  57.651 0.0000000000
36370  -11.883  -31.714  57.977 0.0000000000
36359  -11.547  -32.002  58.636 0.0000000000
36357  -8.963  -31.928  58.895 0.0000000000
36347  -9.507  -31.773  60.179 0.0000000000
36340  -9.564  -32.018  61.137 0.0000000000
37196  -8.947  -31.557  60.728 0.0000000000
38018  -7.295  -30.596  59.860 0.0000000000
37189  -7.519  -30.618  61.011 0.0000000000
37211  -5.863  -31.683  58.028 0.0000000000
36361  -13.349  -32.153  58.583 0.0000000000
39017  -26.566  -27.613  48.557 0.0000000000
39985  -27.529  -27.683  49.209 0.0000000000
40000  -27.827  -27.630  48.807 0.0000000000
42846  -34.466  -25.731  47.324 0.0000000000
41970  -34.906  -26.475  46.876 0.0000000000
38949  -29.210  -28.424  53.636 0.0000000000
38981  -26.787  -27.521  51.715 0.0000000000
38992  -26.097  -27.607  51.010 0.0000000000
38993  -26.748  -27.613  50.645 0.0000000000
45630  -37.506  -22.971  43.202 0.0000000000
51417  -34.601  -15.610  43.091 0.0000000000
51409  -33.697  -16.314  42.901 0.0000000000
51416  -34.319  -15.828  42.401 0.0000000000
53065  -36.614  -14.073  40.399 0.0000000000
40916  -18.332  -27.373  52.320 0.0000000000
40910  -18.763  -26.979  53.108 0.0000000000
40909  -18.123  -27.374  52.909 0.0000000000
39886  -17.374  -27.333  54.286 0.0000000000
39899  -16.655  -27.812  52.969 0.0000000000
38964  -15.699  -28.684  52.506 0.0000000000
38060  -15.557  -29.396  51.913 0.0000000000
40016  -37.829  -27.050  47.964 0.0000000000
40003  -38.132  -26.930  48.415 0.0000000000
40969  -38.768  -26.858  49.453 0.0000000000
39908  -32.300  -27.331  54.225 0.0000000000
39929  -33.790  -27.101  53.435 0.0000000000
39930  -34.724  -27.444  53.009 0.0000000000
39953  -36.669  -27.442  51.940 0.0000000000
39971  -36.824  -27.256  50.967 0.0000000000
40954  -36.601  -26.839  50.197 0.0000000000
40001  -37.354  -26.714  49.265 0.0000000000
38953  -33.209  -27.841  54.897 0.0000000000
53972  -42.625  -14.046  36.275 0.0000000000
53134  -41.797  -14.061  35.861 0.0000000000
53982  -43.208  -13.176  35.735 0.0000000000
54829  -43.272  -12.489  35.507 0.0000000000
56596  -45.421  -10.929  36.196 0.0000000000
57466  -43.701  -10.008  35.162 0.0000000000
57478  -42.749  -9.367  34.803 0.0000000000
58322  -44.146  -9.382  35.181 0.0000000000
58333  -43.978  -8.535  34.952 0.0000000000
49550  -36.460  -18.755  47.558 0.0000000000
52194  -38.177  -15.175  46.699 0.0000000000
52193  -37.687  -15.102  46.342 0.0000000000
52200  -36.717  -15.003  45.390 0.0000000000
52209  -37.285  -14.790  44.907 0.0000000000
46599  -25.237  -22.475  54.173 0.0000000000
45515  -24.482  -22.601  53.724 0.0000000000
45531  -22.875  -23.289  52.371 0.0000000000
40946  -19.059  -27.010  50.646 0.0000000000
63192  -47.646  -2.818  29.311 0.0000000000
63193  -48.257  -2.304  28.948 0.0000000000
36334  -9.416  -32.158  61.968 0.0000000000
42915  -37.788  -25.372  43.344 0.0000000000
43767  -38.093  -24.722  43.018 0.0000000000
44665  -38.359  -23.997  43.668 0.0000000000
45610  -38.383  -23.045  45.481 0.0000000000
41958  -39.150  -25.857  47.818 0.0000000000
41974  -38.845  -26.286  46.824 0.0000000000
42847  -39.297  -25.104  47.575 0.0000000000
43706  -39.577  -24.618  47.854 0.0000000000
46654  -37.382  -20.983  48.264 0.0000000000
47681  -37.286  -20.524  48.364 0.0000000000
50505  -39.492  -17.573  50.939 0.0000000000
41898  -31.077  -26.406  51.427 0.0000000000
41913  -30.536  -26.137  50.752 0.0000000000
42790  -30.806  -25.516  50.271 0.0000000000
42808  -31.166  -24.983  49.641 0.0000000000
43704  -31.690  -24.186  47.327 0.0000000000
42772  -25.306  -25.683  52.831 0.0000000000
40964  -24.830  -27.035  49.875 0.0000000000
41910  -24.523  -26.602  50.462 0.0000000000
42824  -24.335  -25.731  48.123 0.0000000000
42842  -24.122  -25.788  47.295 0.0000000000
60015  -44.933  -6.901  34.337 0.0000000000
60861  -47.203  -5.035  33.604 0.0000000000
61634  -46.100  -4.339  32.071 0.0000000000
62396  -47.336  -3.308  31.798 0.0000000000
62399  -47.156  -3.188  31.117 0.0000000000
62392  -49.714  -3.098  32.808 0.0000000000
36396  -11.616  -32.407  54.248 0.0000000000
48630  -33.871  -19.133  45.245 0.0000000000
48641  -33.602  -19.587  44.559 0.0000000000
53123  -37.854  -15.057  36.603 0.0000000000
53114  -39.327  -14.747  37.353 0.0000000000
53882  -38.711  -13.396  42.072 0.0000000000
53917  -42.481  -13.161  40.334 0.0000000000
53096  -42.279  -14.675  38.214 0.0000000000
52252  -42.498  -14.794  37.769 0.0000000000
53079  -44.692  -14.013  38.630 0.0000000000
39855  -16.182  -28.609  55.960 0.0000000000
39837  -16.248  -28.567  56.310 0.0000000000
38875  -16.070  -29.077  56.935 0.0000000000
36381  -10.816  -31.926  56.493 0.0000000000
37220  -11.545  -31.617  56.989 0.0000000000
37207  -8.390  -31.473  59.190 0.0000000000
37199  -8.154  -30.951  59.173 0.0000000000
38024  -7.459  -30.750  59.243 0.0000000000
38023  -6.706  -30.719  59.399 0.0000000000
39911  -35.323  -27.853  53.702 0.0000000000
53976  -45.423  -13.192  37.193 0.0000000000
54820  -44.515  -12.867  36.457 0.0000000000
54822  -46.094  -12.652  37.139 0.0000000000
55657  -46.334  -11.982  36.790 0.0000000000
51379  -38.192  -16.179  48.779 0.0000000000
52183  -38.484  -15.397  47.312 0.0000000000
52195  -39.041  -15.058  46.847 0.0000000000
44603  -22.774  -23.624  49.642 0.0000000000
44588  -22.684  -23.471  50.695 0.0000000000
44613  -22.160  -23.875  48.952 0.0000000000
43681  -21.118  -25.057  48.471 0.0000000000
36337  -11.669  -32.122  60.992 0.0000000000
42931  -36.226  -25.598  42.272 0.0000000000
43753  -38.599  -24.592  45.014 0.0000000000
41000  -25.169  -27.123  47.561 0.0000000000
41017  -25.150  -27.203  46.634 0.0000000000
39043  -26.256  -27.825  47.058 0.0000000000
39044  -26.426  -27.770  47.317 0.0000000000
41019  -27.563  -27.341  46.594 0.0000000000
41931  -34.344  -25.625  49.957 0.0000000000
42793  -33.674  -25.333  49.878 0.0000000000
43721  -32.941  -24.703  46.069 0.0000000000
41874  -25.912  -26.591  54.111 0.0000000000
40919  -25.468  -26.962  52.296 0.0000000000
40930  -25.374  -27.085  51.830 0.0000000000
39967  -25.516  -27.478  50.690 0.0000000000
39983  -25.171  -27.338  50.211 0.0000000000
40981  -25.225  -27.123  48.096 0.0000000000
60870  -43.701  -5.545  31.066 0.0000000000
60019  -48.658  -6.220  34.890 0.0000000000
61629  -49.909  -3.967  33.793 0.0000000000
50571  -33.385  -17.524  44.382 0.0000000000
53954  -38.106  -13.457  38.569 0.0000000000
54757  -41.878  -12.305  42.744 0.0000000000
54772  -42.381  -12.492  41.996 0.0000000000
53886  -43.288  -12.793  41.895 0.0000000000
53919  -44.529  -13.385  40.077 0.0000000000
40901  -19.370  -26.078  54.731 0.0000000000
39856  -16.502  -27.999  55.866 0.0000000000
38905  -16.037  -28.570  55.550 0.0000000000
38924  -15.686  -28.876  55.401 0.0000000000
37238  -14.521  -29.638  54.436 0.0000000000
37242  -14.058  -30.173  53.698 0.0000000000
36377  -6.138  -32.884  57.229 0.0000000000
41972  -36.117  -27.199  46.157 0.0000000000
41045  -37.178  -27.381  45.742 0.0000000000
41025  -37.959  -27.308  46.714 0.0000000000
41008  -38.979  -26.657  47.461 0.0000000000
41009  -39.006  -26.372  47.765 0.0000000000
41944  -39.782  -25.885  48.783 0.0000000000
40956  -40.213  -26.803  50.334 0.0000000000
38984  -29.049  -27.487  52.225 0.0000000000
39947  -28.925  -27.318  51.814 0.0000000000
39948  -29.447  -27.456  52.323 0.0000000000
40931  -29.768  -27.170  51.962 0.0000000000
40932  -30.525  -26.899  51.909 0.0000000000
40920  -31.854  -26.835  52.983 0.0000000000
39950  -31.120  -27.039  52.597 0.0000000000
41901  -33.847  -26.176  51.472 0.0000000000
39952  -35.693  -27.493  52.045 0.0000000000
40923  -34.567  -27.092  52.380 0.0000000000
40951  -34.322  -26.418  51.421 0.0000000000
41932  -35.095  -25.753  49.512 0.0000000000
41942  -35.459  -25.949  48.505 0.0000000000
41943  -35.608  -26.545  47.874 0.0000000000
41956  -35.371  -27.001  47.298 0.0000000000
38929  -30.678  -28.437  54.883 0.0000000000
38950  -30.063  -28.372  53.846 0.0000000000
38969  -29.360  -27.906  52.839 0.0000000000
52284  -40.215  -14.999  35.830 0.0000000000
53132  -40.482  -14.493  35.553 0.0000000000
53980  -41.438  -13.649  35.602 0.0000000000
54825  -40.214  -12.999  35.232 0.0000000000
54830  -44.079  -12.424  35.986 0.0000000000
55664  -42.560  -11.855  35.332 0.0000000000
55666  -44.180  -11.640  35.664 0.0000000000
56592  -41.715  -11.161  35.198 0.0000000000
56602  -40.641  -11.043  35.000 0.0000000000
57475  -39.976  -10.712  34.466 0.0000000000
57476  -40.521  -10.031  34.468 0.0000000000
58330  -40.802  -8.995  34.189 0.0000000000
59201  -41.088  -7.995  33.827 0.0000000000
59215  -41.650  -7.184  33.174 0.0000000000
59208  -47.572  -7.254  35.267 0.0000000000
57470  -47.421  -9.171  36.233 0.0000000000
59193  -47.744  -7.721  35.648 0.0000000000
60007  -48.740  -7.027  35.246 0.0000000000
47707  -35.668  -20.618  46.219 0.0000000000
47697  -35.407  -20.056  46.389 0.0000000000
48632  -34.852  -19.648  46.021 0.0000000000
48620  -34.627  -19.092  46.120 0.0000000000
49562  -34.588  -18.709  46.037 0.0000000000
50556  -34.360  -17.321  45.451 0.0000000000
50544  -36.123  -16.627  46.923 0.0000000000
51411  -34.983  -15.491  43.724 0.0000000000
52229  -35.867  -14.788  42.025 0.0000000000
53055  -38.078  -13.806  42.731 0.0000000000
53871  -38.823  -13.580  42.793 0.0000000000
53043  -39.972  -13.902  45.138 0.0000000000
53865  -40.444  -13.460  44.364 0.0000000000
53858  -41.456  -13.118  45.534 0.0000000000
53857  -40.704  -13.530  45.252 0.0000000000
53874  -41.347  -12.777  43.578 0.0000000000
54742  -42.138  -12.337  43.298 0.0000000000
44587  -21.975  -23.638  51.041 0.0000000000
44578  -21.942  -23.665  52.030 0.0000000000
43646  -21.424  -24.193  51.447 0.0000000000
44569  -21.929  -23.718  52.924 0.0000000000
43629  -21.537  -24.231  53.350 0.0000000000
40928  -19.051  -26.985  51.418 0.0000000000
40917  -18.988  -27.070  52.200 0.0000000000
63958  -49.735  -1.360  30.573 0.0000000000
42012  -38.374  -25.278  45.231 0.0000000000
42899  -38.479  -24.981  45.077 0.0000000000
44645  -38.723  -24.137  45.524 0.0000000000
45591  -39.540  -23.788  47.759 0.0000000000
44635  -39.052  -24.118  46.407 0.0000000000
46685  -37.070  -21.871  45.834 0.0000000000
48601  -36.914  -20.037  48.071 0.0000000000
50504  -38.779  -17.733  50.277 0.0000000000
50524  -37.864  -16.935  49.108 0.0000000000
39968  -28.629  -27.356  50.978 0.0000000000
40965  -28.511  -27.171  50.061 0.0000000000
41912  -29.611  -26.381  50.552 0.0000000000
41929  -28.768  -26.474  49.725 0.0000000000
41954  -28.342  -26.300  47.938 0.0000000000
41969  -28.264  -26.153  46.989 0.0000000000
42809  -32.135  -24.867  49.635 0.0000000000
43671  -30.715  -24.665  48.876 0.0000000000
43688  -31.245  -24.312  48.209 0.0000000000
43670  -29.990  -24.781  48.623 0.0000000000
43701  -29.205  -25.006  47.579 0.0000000000
42858  -28.606  -25.509  46.642 0.0000000000
45517  -25.839  -22.906  54.052 0.0000000000
44581  -23.982  -23.886  51.183 0.0000000000
41881  -25.605  -26.474  53.169 0.0000000000
42779  -24.421  -26.001  50.981 0.0000000000
43648  -24.622  -24.904  51.787 0.0000000000
44590  -23.949  -24.250  50.473 0.0000000000
44614  -22.974  -23.821  48.773 0.0000000000
42841  -23.465  -25.385  47.084 0.0000000000
60030  -42.443  -6.522  32.671 0.0000000000
60865  -43.593  -5.686  31.780 0.0000000000
60871  -44.333  -5.103  31.209 0.0000000000
60883  -45.054  -5.366  29.569 0.0000000000
62401  -46.891  -3.601  29.476 0.0000000000
63188  -47.476  -2.817  30.389 0.0000000000
63184  -49.598  -2.080  31.648 0.0000000000
63185  -50.189  -1.969  31.709 0.0000000000
36384  -14.076  -31.699  57.312 0.0000000000
36383  -13.842  -31.731  57.433 0.0000000000
37222  -12.759  -31.457  56.758 0.0000000000
36382  -11.318  -31.741  55.870 0.0000000000
36391  -11.488  -31.861  55.238 0.0000000000
46693  -35.220  -21.169  44.796 0.0000000000
49604  -32.932  -18.510  43.759 0.0000000000
53059  -36.452  -14.388  41.474 0.0000000000
53911  -36.985  -13.529  39.928 0.0000000000
53932  -37.382  -13.265  39.379 0.0000000000
52278  -41.759  -14.823  36.774 0.0000000000
52269  -42.678  -14.701  37.359 0.0000000000
53126  -42.865  -14.349  36.781 0.0000000000
53127  -43.697  -14.007  36.945 0.0000000000
37208  -15.064  -31.373  58.019 0.0000000000
36374  -14.731  -31.715  57.736 0.0000000000
37216  -14.646  -31.697  57.547 0.0000000000
36406  -13.591  -30.998  53.251 0.0000000000
36372  -13.571  -31.890  57.818 0.0000000000
36360  -12.520  -32.029  58.635 0.0000000000
36343  -11.889  -32.092  60.204 0.0000000000
36342  -11.105  -32.065  60.450 0.0000000000
36388  -9.064  -33.087  56.098 0.0000000000
36336  -11.026  -32.268  61.401 0.0000000000
36335  -10.223  -32.327  61.645 0.0000000000
36354  -6.320  -32.075  58.236 0.0000000000
37204  -6.267  -31.770  58.478 0.0000000000
35518  -13.707  -31.213  60.708 0.0000000000
35522  -13.453  -32.221  59.690 0.0000000000
36352  -13.834  -32.066  59.514 0.0000000000
37194  -7.434  -30.585  60.335 0.0000000000
37206  -7.989  -31.510  58.808 0.0000000000
37241  -13.765  -30.422  54.198 0.0000000000
38029  -7.513  -31.180  58.841 0.0000000000
38887  -16.121  -28.640  55.777 0.0000000000
38926  -28.447  -28.341  54.224 0.0000000000
38945  -15.496  -28.586  52.968 0.0000000000
38947  -27.760  -27.945  53.294 0.0000000000
39015  -25.473  -27.293  49.665 0.0000000000
39029  -26.699  -27.726  47.803 0.0000000000
39889  -27.286  -27.679  54.347 0.0000000000
39890  -28.069  -28.124  54.406 0.0000000000
39903  -26.458  -27.363  53.547 0.0000000000
39922  -26.013  -27.250  52.870 0.0000000000
39924  -27.241  -27.631  52.940 0.0000000000
39944  -25.292  -27.247  51.393 0.0000000000
39946  -26.321  -27.440  51.833 0.0000000000
39984  -25.457  -27.415  50.230 0.0000000000
39986  -27.943  -27.581  49.487 0.0000000000
40015  -27.066  -27.769  48.059 0.0000000000
40017  -38.072  -27.056  48.004 0.0000000000
40912  -26.294  -27.245  53.849 0.0000000000
40929  -25.172  -27.091  51.574 0.0000000000
41001  -27.221  -27.670  47.540 0.0000000000
41887  -20.007  -26.272  52.261 0.0000000000
41889  -25.252  -26.439  52.280 0.0000000000
41894  -19.712  -26.548  51.110 0.0000000000
41957  -38.976  -26.360  47.451 0.0000000000
42803  -20.162  -26.051  49.777 0.0000000000
42844  -28.971  -25.308  47.959 0.0000000000
42882  -38.578  -25.030  45.607 0.0000000000
43686  -29.732  -24.758  48.046 0.0000000000
43687  -30.346  -24.468  48.109 0.0000000000
43690  -33.078  -24.473  48.055 0.0000000000
43700  -28.940  -25.209  47.365 0.0000000000
43716  -28.919  -25.129  47.057 0.0000000000
44561  -26.005  -23.614  54.012 0.0000000000
44579  -22.656  -23.391  51.791 0.0000000000
44604  -23.373  -23.890  49.354 0.0000000000
44615  -23.408  -24.024  48.815 0.0000000000
44625  -39.518  -24.169  47.503 0.0000000000
44636  -39.278  -24.158  47.046 0.0000000000
45504  -26.115  -22.784  54.588 0.0000000000
45513  -22.942  -23.137  52.996 0.0000000000
45532  -23.375  -23.274  52.385 0.0000000000
45533  -24.196  -23.064  52.911 0.0000000000
45546  -22.969  -23.288  52.141 0.0000000000
46582  -24.725  -22.300  54.399 0.0000000000
46583  -25.447  -22.291  54.738 0.0000000000
46598  -24.973  -22.487  53.946 0.0000000000
47680  -37.022  -20.351  48.027 0.0000000000
47690  -37.080  -20.695  47.956 0.0000000000
48642  -34.065  -19.662  45.067 0.0000000000
52279  -42.331  -14.721  36.910 0.0000000000
53975  -44.824  -13.222  36.851 0.0000000000
56591  -41.187  -11.519  35.270 0.0000000000
