#!ascii label  , from subject sub-01 vox2ras=TkReg
1095
73898  -44.143  11.696  29.652 0.0000000000
69620  -52.223  5.673  19.674 0.0000000000
77186  -51.572  14.671  32.635 0.0000000000
67908  -50.420  3.359  27.646 0.0000000000
69464  -48.961  6.720  35.507 0.0000000000
73193  -46.853  10.201  25.244 0.0000000000
78153  -54.836  15.956  22.261 0.0000000000
79996  -50.196  19.968  28.091 0.0000000000
67806  -42.524  4.090  35.296 0.0000000000
69506  -45.541  5.605  29.961 0.0000000000
69550  -47.553  5.690  25.310 0.0000000000
71715  -48.268  8.612  28.406 0.0000000000
78032  -54.786  15.924  34.584 0.0000000000
74701  -55.618  11.939  27.531 0.0000000000
77228  -55.620  15.028  30.241 0.0000000000
78122  -52.318  16.783  25.757 0.0000000000
79986  -54.985  19.234  29.321 0.0000000000
70359  -49.675  6.855  18.369 0.0000000000
76314  -43.117  14.856  31.311 0.0000000000
77240  -46.953  14.982  28.865 0.0000000000
69515  -56.579  5.707  28.094 0.0000000000
67840  -50.350  3.631  32.073 0.0000000000
71702  -45.501  8.225  32.862 0.0000000000
70232  -43.787  6.760  34.996 0.0000000000
71062  -50.176  8.136  21.199 0.0000000000
73225  -47.320  11.305  20.211 0.0000000000
73919  -50.814  10.929  27.480 0.0000000000
75581  -50.738  13.642  23.426 0.0000000000
78209  -48.900  16.482  17.493 0.0000000000
78185  -48.060  17.427  19.979 0.0000000000
77310  -46.870  16.134  23.643 0.0000000000
71711  -45.549  8.302  29.633 0.0000000000
70994  -46.461  7.129  28.792 0.0000000000
73162  -46.024  10.465  28.663 0.0000000000
79376  -56.272  18.075  33.619 0.0000000000
77196  -55.967  14.925  32.004 0.0000000000
78787  -56.715  17.321  31.975 0.0000000000
78799  -55.148  17.259  30.269 0.0000000000
70353  -51.083  6.696  18.750 0.0000000000
77162  -42.688  15.371  33.756 0.0000000000
78045  -44.893  16.056  32.866 0.0000000000
68673  -48.869  5.378  33.787 0.0000000000
69493  -47.694  5.961  33.275 0.0000000000
70978  -47.766  7.997  33.984 0.0000000000
69460  -43.562  5.507  35.564 0.0000000000
71687  -40.046  9.145  33.402 0.0000000000
73883  -40.009  11.566  33.019 0.0000000000
73139  -38.757  10.822  34.063 0.0000000000
68785  -51.648  4.802  24.661 0.0000000000
71029  -46.204  7.773  25.066 0.0000000000
70303  -48.524  6.807  23.543 0.0000000000
71764  -47.551  8.738  22.651 0.0000000000
72486  -48.551  9.627  20.459 0.0000000000
73971  -46.568  11.473  22.539 0.0000000000
77204  -49.614  15.509  30.607 0.0000000000
76368  -49.483  13.525  28.071 0.0000000000
76335  -51.668  14.559  29.447 0.0000000000
75570  -55.465  13.631  24.906 0.0000000000
74719  -53.723  12.180  25.452 0.0000000000
76407  -53.567  14.384  22.718 0.0000000000
77332  -50.134  15.089  20.399 0.0000000000
78189  -51.909  16.834  19.124 0.0000000000
78876  -49.768  17.632  18.396 0.0000000000
78164  -52.401  17.161  21.335 0.0000000000
79434  -51.003  18.531  27.714 0.0000000000
78129  -50.215  17.556  25.033 0.0000000000
78836  -48.545  18.157  26.109 0.0000000000
77270  -46.374  16.562  25.885 0.0000000000
79430  -47.582  18.868  26.889 0.0000000000
67874  -47.440  3.384  29.380 0.0000000000
67926  -49.199  4.003  26.548 0.0000000000
68732  -46.577  5.033  27.401 0.0000000000
71001  -46.300  6.919  27.073 0.0000000000
72451  -46.767  8.625  26.498 0.0000000000
77172  -53.026  14.639  34.238 0.0000000000
76325  -53.508  13.567  30.991 0.0000000000
75485  -55.493  13.144  31.557 0.0000000000
75502  -56.436  12.760  29.022 0.0000000000
76379  -54.965  14.690  26.484 0.0000000000
77300  -53.750  16.380  24.252 0.0000000000
77258  -53.888  15.607  27.706 0.0000000000
78808  -52.248  17.600  29.137 0.0000000000
80597  -52.626  20.186  29.196 0.0000000000
71791  -48.599  8.136  18.388 0.0000000000
75490  -43.240  13.479  30.205 0.0000000000
75511  -45.763  13.439  28.549 0.0000000000
77202  -45.224  15.830  30.354 0.0000000000
78055  -46.846  16.145  31.818 0.0000000000
77183  -48.599  15.204  33.071 0.0000000000
77151  -48.323  14.815  35.389 0.0000000000
77153  -50.216  15.089  34.976 0.0000000000
67912  -53.972  4.059  27.796 0.0000000000
67868  -53.901  4.136  30.262 0.0000000000
67051  -50.449  2.827  29.397 0.0000000000
67848  -46.927  3.771  31.112 0.0000000000
70244  -45.387  6.694  31.635 0.0000000000
69422  -48.729  5.935  37.929 0.0000000000
68650  -45.766  4.517  35.660 0.0000000000
69436  -45.958  5.837  36.596 0.0000000000
70956  -46.644  7.630  35.962 0.0000000000
70976  -44.936  7.988  34.118 0.0000000000
73154  -43.080  11.181  30.833 0.0000000000
70338  -54.140  7.222  21.014 0.0000000000
69567  -50.349  5.403  24.076 0.0000000000
70320  -51.156  6.912  22.009 0.0000000000
71065  -52.611  7.641  20.009 0.0000000000
71793  -50.625  8.449  19.078 0.0000000000
72502  -49.497  9.758  18.140 0.0000000000
73238  -47.611  11.356  18.353 0.0000000000
73906  -47.720  11.168  28.271 0.0000000000
73166  -49.433  9.949  27.924 0.0000000000
73195  -49.134  10.351  25.904 0.0000000000
74699  -53.810  12.037  27.552 0.0000000000
73945  -50.958  11.098  25.636 0.0000000000
74729  -48.431  12.477  24.136 0.0000000000
76415  -47.874  13.996  21.572 0.0000000000
76428  -47.787  13.833  19.006 0.0000000000
73244  -46.822  13.060  17.782 0.0000000000
78149  -50.849  17.385  23.034 0.0000000000
78160  -47.673  16.417  22.939 0.0000000000
77318  -44.208  16.318  22.187 0.0000000000
77295  -43.907  15.555  23.980 0.0000000000
77267  -43.703  15.848  26.292 0.0000000000
72429  -44.709  10.214  29.977 0.0000000000
72431  -45.820  8.772  29.278 0.0000000000
73161  -45.342  10.917  28.883 0.0000000000
78781  -56.425  17.307  33.084 0.0000000000
79393  -57.293  18.764  31.267 0.0000000000
69629  -51.766  5.933  19.244 0.0000000000
69474  -48.832  6.482  34.673 0.0000000000
70238  -48.340  7.128  34.266 0.0000000000
70233  -48.588  7.112  34.886 0.0000000000
71680  -39.832  8.580  33.874 0.0000000000
72411  -39.610  9.802  33.504 0.0000000000
67943  -52.904  3.711  26.274 0.0000000000
67941  -51.078  3.914  26.044 0.0000000000
72467  -46.367  9.354  24.670 0.0000000000
71041  -47.174  7.934  23.804 0.0000000000
72472  -46.592  9.674  23.580 0.0000000000
72478  -46.850  9.749  22.600 0.0000000000
73208  -46.524  10.566  23.087 0.0000000000
77205  -50.450  14.993  30.888 0.0000000000
77224  -50.242  15.184  29.862 0.0000000000
77206  -51.288  14.719  31.049 0.0000000000
76396  -55.401  14.390  23.997 0.0000000000
75585  -54.789  13.778  23.762 0.0000000000
76422  -55.001  14.864  22.261 0.0000000000
77321  -53.056  15.587  21.341 0.0000000000
78165  -53.544  16.553  21.339 0.0000000000
78870  -52.020  17.253  19.538 0.0000000000
78151  -53.380  16.936  22.339 0.0000000000
80009  -50.327  19.407  27.900 0.0000000000
79440  -49.884  18.573  26.799 0.0000000000
79432  -49.493  18.962  27.189 0.0000000000
79438  -48.249  18.522  26.540 0.0000000000
80007  -49.062  19.588  27.500 0.0000000000
67872  -45.920  4.283  29.728 0.0000000000
67884  -46.634  4.099  28.326 0.0000000000
68709  -45.843  4.725  29.162 0.0000000000
70995  -46.810  7.362  28.369 0.0000000000
70257  -46.531  6.870  28.149 0.0000000000
71002  -46.601  7.305  27.464 0.0000000000
71733  -46.436  7.973  26.571 0.0000000000
71735  -47.945  8.227  27.439 0.0000000000
76291  -53.993  14.646  34.389 0.0000000000
75477  -54.527  13.765  32.777 0.0000000000
76301  -55.413  14.794  33.992 0.0000000000
77208  -55.915  15.187  31.152 0.0000000000
76326  -56.273  14.074  31.260 0.0000000000
76339  -56.128  14.075  30.200 0.0000000000
76371  -56.140  13.984  27.275 0.0000000000
76370  -55.255  14.706  27.785 0.0000000000
77273  -54.544  15.177  27.350 0.0000000000
77247  -54.534  15.507  28.885 0.0000000000
79415  -55.518  18.771  29.665 0.0000000000
79402  -54.265  17.824  29.913 0.0000000000
79985  -53.804  19.253  29.515 0.0000000000
79984  -52.361  19.336  29.378 0.0000000000
80598  -53.425  20.066  29.250 0.0000000000
71086  -49.084  7.692  18.340 0.0000000000
76321  -43.316  14.417  30.643 0.0000000000
76333  -44.276  14.410  29.746 0.0000000000
77200  -43.867  14.987  30.599 0.0000000000
78038  -46.458  15.244  33.459 0.0000000000
78054  -45.954  16.177  31.853 0.0000000000
78047  -46.806  15.587  32.841 0.0000000000
78049  -48.087  15.657  32.324 0.0000000000
77182  -47.721  14.948  33.495 0.0000000000
78025  -47.984  15.808  35.836 0.0000000000
77152  -49.247  15.059  35.082 0.0000000000
78027  -49.806  15.713  35.179 0.0000000000
78028  -50.770  15.670  35.083 0.0000000000
78768  -50.274  16.518  34.937 0.0000000000
68757  -55.176  5.144  27.132 0.0000000000
68735  -55.688  5.358  27.844 0.0000000000
67854  -53.285  3.935  30.988 0.0000000000
67853  -52.244  3.473  31.034 0.0000000000
67866  -51.906  3.252  30.225 0.0000000000
67851  -50.014  3.326  31.287 0.0000000000
67863  -48.627  3.259  30.520 0.0000000000
67850  -48.951  3.429  31.447 0.0000000000
70241  -46.916  6.940  33.106 0.0000000000
69492  -46.403  5.516  32.280 0.0000000000
70981  -45.501  7.662  32.160 0.0000000000
68660  -44.204  4.145  35.125 0.0000000000
69461  -44.546  5.555  35.664 0.0000000000
70221  -45.277  6.396  35.939 0.0000000000
70222  -46.001  6.917  36.287 0.0000000000
70955  -45.611  7.259  35.644 0.0000000000
70967  -46.021  8.012  35.058 0.0000000000
70966  -44.819  7.396  34.799 0.0000000000
73893  -42.471  11.773  30.921 0.0000000000
73148  -41.397  11.157  31.807 0.0000000000
68754  -48.172  4.662  26.270 0.0000000000
68770  -50.043  4.475  25.387 0.0000000000
68782  -48.933  5.331  25.009 0.0000000000
70318  -48.897  7.292  22.830 0.0000000000
70319  -49.699  6.927  22.418 0.0000000000
70335  -50.699  7.498  21.578 0.0000000000
70336  -51.852  7.570  21.252 0.0000000000
71063  -51.256  7.949  20.817 0.0000000000
71785  -51.535  8.118  19.630 0.0000000000
71072  -50.777  8.242  20.346 0.0000000000
73220  -47.701  10.461  20.434 0.0000000000
72493  -49.031  9.847  19.569 0.0000000000
73232  -48.698  10.641  18.709 0.0000000000
72509  -48.531  10.132  17.896 0.0000000000
76350  -46.327  14.281  28.627 0.0000000000
74681  -46.193  12.420  28.334 0.0000000000
76351  -47.380  14.161  28.464 0.0000000000
74696  -50.558  11.790  27.870 0.0000000000
73917  -49.378  11.473  28.082 0.0000000000
73174  -49.839  10.204  27.299 0.0000000000
72454  -49.436  9.483  27.011 0.0000000000
73185  -49.844  10.215  26.542 0.0000000000
75500  -55.032  12.506  29.829 0.0000000000
75518  -54.087  12.901  28.900 0.0000000000
74700  -54.790  11.949  27.557 0.0000000000
74733  -52.305  12.993  24.803 0.0000000000
73947  -52.785  11.676  25.841 0.0000000000
74731  -50.753  12.523  24.767 0.0000000000
74715  -49.979  11.759  25.313 0.0000000000
75563  -49.335  13.020  24.047 0.0000000000
75578  -48.040  13.207  23.025 0.0000000000
75595  -49.267  13.751  22.898 0.0000000000
77351  -50.042  16.129  19.246 0.0000000000
77342  -48.708  14.916  19.908 0.0000000000
99809  -48.528  15.035  18.338 0.0000000000
99800  -47.711  14.112  17.641 0.0000000000
99810  -47.907  14.873  16.933 0.0000000000
73243  -46.032  12.635  17.869 0.0000000000
78889  -47.796  15.873  16.654 0.0000000000
78867  -48.981  17.809  19.060 0.0000000000
78865  -46.788  17.203  18.362 0.0000000000
77285  -53.057  16.304  25.054 0.0000000000
78139  -51.696  17.112  23.923 0.0000000000
78136  -48.572  16.995  24.556 0.0000000000
78147  -48.678  16.840  23.636 0.0000000000
77320  -46.469  16.211  22.484 0.0000000000
77309  -45.762  15.883  23.303 0.0000000000
77308  -44.600  15.890  23.063 0.0000000000
77297  -46.196  15.942  24.417 0.0000000000
78119  -46.283  16.907  26.270 0.0000000000
77268  -44.910  16.055  26.062 0.0000000000
78117  -44.428  16.530  26.705 0.0000000000
77256  -43.418  16.269  26.895 0.0000000000
70987  -45.401  7.492  30.135 0.0000000000
70249  -45.681  6.523  29.625 0.0000000000
70990  -46.018  7.364  29.298 0.0000000000
71712  -46.322  8.196  29.141 0.0000000000
71714  -47.346  8.153  28.686 0.0000000000
77175  -55.767  15.330  33.944 0.0000000000
78050  -56.090  16.281  33.469 0.0000000000
78059  -56.261  16.120  32.285 0.0000000000
78076  -55.960  16.506  30.986 0.0000000000
77207  -55.463  15.760  30.425 0.0000000000
78800  -56.375  17.569  30.904 0.0000000000
79404  -56.966  18.325  30.525 0.0000000000
70360  -50.607  6.992  18.529 0.0000000000
77178  -42.784  15.332  32.645 0.0000000000
77180  -44.326  15.955  31.862 0.0000000000
77179  -43.787  15.769  32.462 0.0000000000
68685  -49.523  4.353  32.988 0.0000000000
67839  -49.281  3.815  32.353 0.0000000000
69494  -48.217  5.726  33.536 0.0000000000
70242  -47.662  6.892  33.504 0.0000000000
70977  -46.992  7.866  33.444 0.0000000000
68647  -42.940  4.778  35.607 0.0000000000
70218  -42.271  6.126  35.411 0.0000000000
71697  -41.021  9.481  32.643 0.0000000000
73145  -40.897  10.839  32.230 0.0000000000
72414  -39.986  10.317  33.047 0.0000000000
73141  -39.275  10.808  33.650 0.0000000000
70286  -46.823  6.714  25.018 0.0000000000
69564  -47.851  6.062  24.689 0.0000000000
71031  -47.383  7.426  23.938 0.0000000000
71042  -47.797  7.744  23.378 0.0000000000
71765  -48.357  8.419  22.337 0.0000000000
71775  -49.509  8.511  21.076 0.0000000000
71773  -47.865  9.255  21.825 0.0000000000
72484  -47.104  10.084  21.740 0.0000000000
73977  -46.702  11.520  21.490 0.0000000000
77222  -48.522  15.558  29.499 0.0000000000
76352  -48.600  14.007  28.254 0.0000000000
77243  -49.992  15.047  28.913 0.0000000000
76354  -50.526  14.361  28.565 0.0000000000
75532  -51.081  12.827  28.097 0.0000000000
74710  -56.580  12.443  26.718 0.0000000000
74708  -54.986  11.948  26.438 0.0000000000
74735  -54.642  12.695  25.059 0.0000000000
75584  -53.866  13.756  23.625 0.0000000000
76406  -52.458  14.393  22.647 0.0000000000
76418  -50.808  14.584  21.903 0.0000000000
76419  -52.097  14.967  21.589 0.0000000000
77345  -51.421  16.146  19.629 0.0000000000
78196  -50.759  16.803  18.533 0.0000000000
78885  -49.325  17.320  17.611 0.0000000000
78877  -50.879  17.281  18.802 0.0000000000
78868  -50.306  17.591  19.591 0.0000000000
78860  -50.449  17.541  20.350 0.0000000000
78121  -51.630  17.400  26.448 0.0000000000
78130  -51.373  17.376  25.215 0.0000000000
78845  -50.718  17.826  25.776 0.0000000000
78128  -49.237  17.455  25.078 0.0000000000
78127  -48.339  17.317  25.215 0.0000000000
77284  -47.261  16.580  25.138 0.0000000000
78126  -47.436  17.055  25.583 0.0000000000
78120  -46.917  17.248  26.081 0.0000000000
78827  -46.186  18.100  26.878 0.0000000000
67907  -49.344  3.486  27.588 0.0000000000
67927  -50.244  3.700  26.750 0.0000000000
67906  -48.276  3.783  27.545 0.0000000000
67924  -47.634  4.591  26.819 0.0000000000
68753  -47.292  5.113  26.402 0.0000000000
69514  -45.971  5.873  28.078 0.0000000000
69519  -46.146  5.824  27.276 0.0000000000
70267  -46.298  6.165  26.333 0.0000000000
71020  -46.140  7.484  25.738 0.0000000000
72459  -46.185  8.567  25.637 0.0000000000
72460  -46.486  9.018  25.873 0.0000000000
76297  -52.299  14.460  32.976 0.0000000000
76306  -52.239  14.531  32.150 0.0000000000
76307  -52.986  14.215  32.534 0.0000000000
75491  -54.439  13.168  31.358 0.0000000000
74666  -55.849  12.426  30.220 0.0000000000
76318  -56.068  14.231  32.172 0.0000000000
74667  -56.427  12.704  30.462 0.0000000000
74687  -56.387  12.603  28.720 0.0000000000
75537  -56.797  12.630  27.238 0.0000000000
76380  -56.056  13.801  26.070 0.0000000000
76395  -55.293  14.713  24.312 0.0000000000
78141  -54.181  16.691  23.198 0.0000000000
76386  -54.411  14.969  25.550 0.0000000000
77272  -53.936  15.438  26.619 0.0000000000
78113  -52.391  16.653  26.961 0.0000000000
78074  -53.991  16.714  29.720 0.0000000000
78091  -52.933  16.780  29.105 0.0000000000
78101  -52.111  17.116  28.247 0.0000000000
78818  -52.003  17.519  28.567 0.0000000000
79998  -51.477  19.489  28.877 0.0000000000
80611  -51.843  20.423  28.879 0.0000000000
73897  -43.720  12.225  29.838 0.0000000000
74679  -44.570  12.566  29.130 0.0000000000
75498  -44.329  13.435  29.323 0.0000000000
76349  -45.304  14.455  29.114 0.0000000000
77220  -46.599  15.522  29.473 0.0000000000
78068  -45.147  16.048  30.991 0.0000000000
78069  -45.985  16.167  30.743 0.0000000000
78088  -47.270  15.939  30.116 0.0000000000
78071  -47.924  16.186  30.928 0.0000000000
77192  -49.158  15.412  32.330 0.0000000000
77184  -49.727  15.123  33.168 0.0000000000
77167  -47.665  14.539  34.484 0.0000000000
77168  -48.543  14.751  34.402 0.0000000000
77169  -49.495  14.916  34.281 0.0000000000
77170  -50.553  14.876  34.179 0.0000000000
77154  -51.274  15.054  34.827 0.0000000000
77155  -52.418  15.107  34.666 0.0000000000
78039  -53.690  16.419  34.680 0.0000000000
67931  -53.649  3.939  26.999 0.0000000000
67910  -52.284  3.436  27.724 0.0000000000
67869  -54.841  4.613  30.257 0.0000000000
67881  -54.602  4.351  29.457 0.0000000000
67880  -53.665  3.774  29.456 0.0000000000
67890  -52.476  3.361  28.544 0.0000000000
67888  -50.710  3.028  28.442 0.0000000000
67875  -48.478  3.186  29.538 0.0000000000
67862  -47.640  3.414  30.395 0.0000000000
68694  -45.853  4.505  31.018 0.0000000000
68683  -47.496  4.692  32.421 0.0000000000
69500  -45.962  4.935  31.587 0.0000000000
70247  -45.351  6.556  30.616 0.0000000000
70984  -45.203  7.623  31.134 0.0000000000
67810  -47.517  3.846  35.662 0.0000000000
68649  -44.791  4.790  35.507 0.0000000000
69463  -46.149  5.166  36.314 0.0000000000
68625  -47.157  5.519  36.940 0.0000000000
69438  -47.430  6.015  37.403 0.0000000000
70202  -47.865  6.776  37.155 0.0000000000
70958  -48.293  7.502  35.538 0.0000000000
71685  -47.352  8.296  34.897 0.0000000000
71694  -46.845  8.290  33.951 0.0000000000
71693  -45.959  8.142  33.714 0.0000000000
73155  -43.629  10.985  30.560 0.0000000000
73894  -43.391  11.813  30.288 0.0000000000
74664  -42.154  12.728  31.034 0.0000000000
75483  -42.194  13.628  31.214 0.0000000000
76312  -41.642  14.170  32.054 0.0000000000
69600  -54.746  6.230  21.268 0.0000000000
69613  -54.238  6.417  20.764 0.0000000000
70347  -53.514  6.828  20.444 0.0000000000
68771  -50.923  4.378  25.353 0.0000000000
68784  -50.681  4.876  24.719 0.0000000000
69581  -49.127  6.090  23.750 0.0000000000
69596  -50.650  6.289  22.646 0.0000000000
69597  -51.663  6.529  22.652 0.0000000000
70321  -52.392  7.170  21.838 0.0000000000
70337  -53.021  7.480  20.759 0.0000000000
70346  -52.725  7.113  19.813 0.0000000000
70354  -51.688  7.008  19.029 0.0000000000
70361  -50.965  7.536  18.820 0.0000000000
71088  -50.493  7.982  18.619 0.0000000000
71783  -49.820  8.817  19.990 0.0000000000
71792  -50.015  9.118  18.676 0.0000000000
71802  -49.765  8.879  18.155 0.0000000000
71801  -48.837  8.795  17.898 0.0000000000
71800  -47.650  9.546  17.909 0.0000000000
72508  -47.236  10.462  17.623 0.0000000000
73904  -45.704  11.546  28.551 0.0000000000
73905  -46.633  11.339  28.293 0.0000000000
72435  -47.750  9.213  28.652 0.0000000000
75514  -48.631  12.953  28.061 0.0000000000
73907  -48.879  11.005  28.260 0.0000000000
71716  -48.669  8.734  28.240 0.0000000000
72453  -48.733  8.794  27.130 0.0000000000
73183  -48.087  9.305  26.393 0.0000000000
73194  -47.976  10.155  25.851 0.0000000000
76336  -52.529  14.232  29.671 0.0000000000
75517  -52.813  13.340  28.458 0.0000000000
74698  -52.681  11.889  27.515 0.0000000000
73934  -54.013  11.692  26.517 0.0000000000
73932  -51.867  11.131  26.191 0.0000000000
73176  -51.337  10.781  26.394 0.0000000000
73196  -50.017  10.688  25.967 0.0000000000
73942  -48.418  10.982  25.385 0.0000000000
73955  -46.973  11.268  24.421 0.0000000000
74727  -46.916  11.761  23.757 0.0000000000
74755  -46.851  12.214  20.921 0.0000000000
76430  -49.228  14.705  20.952 0.0000000000
76429  -48.047  14.370  20.624 0.0000000000
99793  -47.405  12.252  19.354 0.0000000000
99795  -47.515  12.677  18.753 0.0000000000
78874  -47.549  17.231  17.672 0.0000000000
78163  -51.150  17.453  21.714 0.0000000000
78162  -49.930  17.280  22.162 0.0000000000
78138  -50.556  17.364  24.164 0.0000000000
78148  -49.702  17.175  23.330 0.0000000000
78174  -47.224  16.712  21.368 0.0000000000
78173  -45.616  16.802  20.933 0.0000000000
78158  -44.547  16.483  21.599 0.0000000000
77317  -43.588  16.112  21.905 0.0000000000
77282  -45.542  15.879  25.244 0.0000000000
77281  -44.406  15.614  25.174 0.0000000000
81264  -51.523  21.403  28.366 0.0000000000
81262  -49.784  21.349  27.974 0.0000000000
80625  -48.736  20.383  27.763 0.0000000000
80005  -47.147  19.710  27.406 0.0000000000
79428  -45.697  18.810  27.139 0.0000000000
73158  -44.837  10.710  29.468 0.0000000000
69630  -52.338  6.086  19.604 0.0000000000
69475  -50.662  5.264  34.877 0.0000000000
70234  -48.831  6.853  35.339 0.0000000000
71679  -38.875  8.504  34.564 0.0000000000
67929  -52.139  3.462  26.905 0.0000000000
67942  -52.009  3.695  26.082 0.0000000000
67928  -51.219  3.578  26.841 0.0000000000
73203  -46.612  10.435  24.110 0.0000000000
77194  -50.884  14.863  31.867 0.0000000000
77195  -51.594  14.704  31.799 0.0000000000
77312  -55.457  15.071  23.331 0.0000000000
76423  -55.300  14.960  22.484 0.0000000000
77324  -55.089  15.369  22.277 0.0000000000
77322  -53.967  15.633  21.314 0.0000000000
78166  -54.478  16.027  21.729 0.0000000000
78152  -54.349  16.572  22.205 0.0000000000
80008  -49.868  19.486  27.632 0.0000000000
80626  -49.528  20.170  27.873 0.0000000000
71723  -47.371  7.792  27.882 0.0000000000
71724  -48.141  8.145  28.114 0.0000000000
77157  -54.583  15.257  34.590 0.0000000000
76300  -54.716  14.622  34.100 0.0000000000
77174  -55.234  15.062  34.340 0.0000000000
76359  -55.867  13.955  28.732 0.0000000000
76338  -55.528  14.663  29.550 0.0000000000
76358  -55.107  14.939  28.791 0.0000000000
77227  -54.940  15.561  29.596 0.0000000000
79414  -54.535  18.567  29.709 0.0000000000
80599  -54.544  19.866  28.974 0.0000000000
70358  -49.004  6.877  18.541 0.0000000000
77181  -47.071  14.868  33.709 0.0000000000
78767  -49.319  16.794  34.963 0.0000000000
69521  -56.389  5.794  27.847 0.0000000000
67852  -51.119  3.332  31.110 0.0000000000
70982  -46.163  7.641  32.978 0.0000000000
70240  -45.874  6.759  32.478 0.0000000000
67826  -43.275  3.642  35.009 0.0000000000
70220  -44.318  6.378  35.430 0.0000000000
70954  -45.026  6.847  35.450 0.0000000000
72421  -41.682  10.444  31.877 0.0000000000
73149  -41.835  10.878  31.579 0.0000000000
73146  -41.430  10.653  31.940 0.0000000000
69599  -53.475  6.962  22.368 0.0000000000
68768  -48.141  5.210  25.555 0.0000000000
68781  -48.454  5.508  25.010 0.0000000000
71053  -49.661  7.781  21.923 0.0000000000
70334  -50.036  7.559  21.776 0.0000000000
73226  -47.683  10.983  19.757 0.0000000000
72500  -48.708  10.455  19.089 0.0000000000
73231  -48.284  10.789  18.964 0.0000000000
73983  -47.384  11.781  19.513 0.0000000000
75512  -46.746  13.324  28.310 0.0000000000
74685  -55.169  12.246  28.431 0.0000000000
75565  -51.175  13.240  24.189 0.0000000000
74732  -51.672  12.741  24.792 0.0000000000
75564  -50.210  13.143  24.189 0.0000000000
75580  -49.748  13.558  23.388 0.0000000000
76403  -49.702  13.929  22.832 0.0000000000
78195  -49.513  16.302  18.491 0.0000000000
78194  -48.840  15.812  18.493 0.0000000000
78202  -48.727  16.060  17.896 0.0000000000
99812  -48.270  15.011  17.360 0.0000000000
78208  -48.425  16.016  17.231 0.0000000000
78207  -48.017  15.503  16.671 0.0000000000
78891  -48.820  16.685  17.325 0.0000000000
78186  -49.451  17.487  20.160 0.0000000000
78131  -52.409  16.805  24.683 0.0000000000
78146  -47.806  16.546  24.062 0.0000000000
78833  -45.960  17.405  26.679 0.0000000000
78118  -45.368  16.816  26.591 0.0000000000
72433  -45.733  9.848  29.024 0.0000000000
72434  -46.417  9.249  28.906 0.0000000000
78779  -55.867  17.290  33.850 0.0000000000
79405  -57.432  18.899  30.606 0.0000000000
79974  -56.453  18.745  29.804 0.0000000000
68832  -50.926  5.121  19.110 0.0000000000
69628  -50.855  6.088  18.666 0.0000000000
77163  -43.842  15.526  33.821 0.0000000000
68674  -49.481  4.699  33.450 0.0000000000
70979  -48.143  7.559  34.126 0.0000000000
70237  -48.008  7.183  33.856 0.0000000000
70236  -47.503  7.454  33.587 0.0000000000
70972  -41.165  7.874  33.478 0.0000000000
71688  -40.703  8.875  33.119 0.0000000000
72412  -40.174  9.413  33.183 0.0000000000
72415  -40.456  9.915  32.784 0.0000000000
72410  -39.086  10.299  33.892 0.0000000000
71021  -46.389  7.222  25.200 0.0000000000
70287  -47.536  6.767  24.307 0.0000000000
71030  -46.745  7.594  24.456 0.0000000000
71756  -47.315  8.275  23.432 0.0000000000
71051  -48.230  8.088  22.776 0.0000000000
73214  -46.656  10.668  22.059 0.0000000000
73219  -47.190  10.795  20.933 0.0000000000
77203  -49.030  15.799  30.082 0.0000000000
77223  -49.420  15.463  29.566 0.0000000000
77244  -50.818  14.785  29.228 0.0000000000
76355  -51.354  14.251  28.744 0.0000000000
75515  -51.000  13.732  28.401 0.0000000000
75516  -51.797  13.547  28.356 0.0000000000
74721  -56.085  12.588  26.154 0.0000000000
75554  -55.671  12.931  25.428 0.0000000000
76408  -54.536  14.377  22.839 0.0000000000
75583  -52.789  13.858  23.563 0.0000000000
77335  -52.531  15.951  20.758 0.0000000000
77346  -52.103  16.371  19.967 0.0000000000
78188  -51.377  16.599  19.019 0.0000000000
78197  -51.432  17.077  18.813 0.0000000000
78862  -51.931  17.391  20.314 0.0000000000
78861  -51.033  17.566  20.513 0.0000000000
78855  -51.154  17.525  21.127 0.0000000000
78830  -51.203  18.122  27.332 0.0000000000
78839  -51.084  17.932  26.367 0.0000000000
78829  -50.734  18.419  27.092 0.0000000000
78837  -49.453  18.245  26.197 0.0000000000
78844  -49.845  17.919  25.671 0.0000000000
78843  -48.922  17.813  25.631 0.0000000000
78842  -48.127  17.719  25.679 0.0000000000
78835  -47.537  17.945  26.224 0.0000000000
78828  -46.899  18.282  26.686 0.0000000000
67886  -48.385  3.344  28.504 0.0000000000
67885  -47.346  3.668  28.389 0.0000000000
67904  -46.653  4.451  27.878 0.0000000000
67905  -47.277  4.256  27.504 0.0000000000
68733  -47.188  4.725  27.034 0.0000000000
69511  -45.758  5.733  28.949 0.0000000000
70252  -46.136  6.578  28.656 0.0000000000
70256  -46.274  6.513  27.620 0.0000000000
70266  -46.211  6.526  26.681 0.0000000000
69534  -46.257  5.931  26.654 0.0000000000
70276  -46.339  6.574  25.824 0.0000000000
70275  -46.153  6.989  26.188 0.0000000000
71743  -46.514  8.404  26.382 0.0000000000
71742  -46.174  8.193  26.038 0.0000000000
76298  -52.960  14.365  33.450 0.0000000000
75478  -55.123  13.750  32.558 0.0000000000
75484  -54.541  13.584  32.194 0.0000000000
75492  -55.169  12.574  30.808 0.0000000000
74659  -55.917  12.577  30.917 0.0000000000
77187  -56.104  15.184  32.922 0.0000000000
75493  -56.625  13.160  30.421 0.0000000000
74668  -56.653  12.797  30.113 0.0000000000
74674  -56.576  12.763  29.691 0.0000000000
75521  -56.526  12.560  28.096 0.0000000000
76387  -55.013  14.598  25.135 0.0000000000
77287  -54.507  15.236  24.943 0.0000000000
77271  -53.053  16.046  26.147 0.0000000000
77257  -53.126  15.992  27.338 0.0000000000
78075  -54.665  16.470  29.967 0.0000000000
79401  -53.445  17.565  29.751 0.0000000000
78810  -53.354  16.953  29.560 0.0000000000
78809  -52.822  17.256  29.385 0.0000000000
78102  -52.625  16.697  28.429 0.0000000000
79412  -52.171  18.087  29.274 0.0000000000
71790  -47.804  8.412  18.666 0.0000000000
74670  -43.436  12.719  29.944 0.0000000000
74671  -43.962  12.684  29.555 0.0000000000
75497  -43.767  13.469  29.738 0.0000000000
77218  -44.750  15.060  29.755 0.0000000000
76334  -44.924  14.868  29.516 0.0000000000
77238  -45.574  14.996  29.235 0.0000000000
77219  -45.467  15.444  29.643 0.0000000000
77191  -44.482  15.877  31.177 0.0000000000
78053  -45.085  16.144  31.893 0.0000000000
78070  -47.023  16.219  30.894 0.0000000000
78087  -46.451  15.948  30.105 0.0000000000
78056  -47.682  16.095  31.786 0.0000000000
77140  -47.811  14.878  35.893 0.0000000000
77171  -51.839  14.655  33.869 0.0000000000
78029  -51.795  15.708  34.845 0.0000000000
78030  -52.982  15.862  34.748 0.0000000000
78770  -52.204  16.501  34.591 0.0000000000
69553  -55.330  5.236  26.407 0.0000000000
68734  -54.825  4.681  27.821 0.0000000000
68756  -54.379  4.520  27.018 0.0000000000
67911  -53.146  3.591  27.770 0.0000000000
67855  -54.300  4.580  31.026 0.0000000000
68711  -55.578  4.874  29.466 0.0000000000
67878  -51.737  3.126  29.311 0.0000000000
67879  -52.702  3.343  29.412 0.0000000000
67889  -51.596  3.228  28.462 0.0000000000
67877  -51.010  2.927  29.098 0.0000000000
67055  -50.252  2.787  28.930 0.0000000000
67050  -49.885  2.811  29.414 0.0000000000
67861  -46.728  3.640  30.232 0.0000000000
67847  -46.272  3.931  30.899 0.0000000000
67838  -48.385  4.029  32.297 0.0000000000
69491  -45.704  6.091  31.968 0.0000000000
69499  -45.564  5.519  31.217 0.0000000000
70191  -49.029  6.330  37.590 0.0000000000
67808  -45.829  3.778  35.141 0.0000000000
67809  -46.539  3.896  35.410 0.0000000000
69459  -42.625  5.459  35.643 0.0000000000
68648  -43.758  4.689  35.419 0.0000000000
69462  -45.584  5.539  36.195 0.0000000000
69437  -46.445  5.741  36.763 0.0000000000
70941  -46.925  7.269  36.409 0.0000000000
70942  -47.318  7.318  36.432 0.0000000000
70943  -47.994  7.380  36.394 0.0000000000
70957  -47.573  7.865  35.706 0.0000000000
71675  -47.492  8.167  35.184 0.0000000000
71674  -47.099  8.179  35.329 0.0000000000
71682  -45.534  8.086  34.236 0.0000000000
71683  -46.265  8.274  34.322 0.0000000000
71692  -44.990  8.309  33.484 0.0000000000
73151  -43.352  10.550  31.124 0.0000000000
72424  -43.899  9.807  31.551 0.0000000000
73152  -43.973  10.431  30.850 0.0000000000
73892  -42.028  12.117  31.109 0.0000000000
73144  -40.240  10.833  32.770 0.0000000000
73884  -40.498  11.682  32.468 0.0000000000
75476  -41.307  13.857  32.199 0.0000000000
75482  -41.687  13.642  31.688 0.0000000000
76305  -42.097  14.896  32.467 0.0000000000
69614  -54.972  6.663  21.066 0.0000000000
69622  -53.547  6.357  20.387 0.0000000000
67940  -50.184  4.019  25.943 0.0000000000
67939  -49.625  4.224  25.871 0.0000000000
68783  -49.769  5.056  24.886 0.0000000000
70288  -48.121  6.374  24.251 0.0000000000
69565  -48.577  5.911  24.445 0.0000000000
71064  -52.164  7.864  20.395 0.0000000000
71075  -52.479  7.502  19.726 0.0000000000
70345  -52.291  7.366  19.536 0.0000000000
71794  -51.296  8.096  19.343 0.0000000000
71082  -51.113  7.882  18.961 0.0000000000
71081  -50.596  8.196  18.802 0.0000000000
71782  -49.031  9.305  20.356 0.0000000000
72501  -49.066  10.357  18.575 0.0000000000
72494  -49.587  9.714  18.902 0.0000000000
72510  -49.243  9.473  17.829 0.0000000000
74680  -45.325  12.514  28.686 0.0000000000
74682  -47.190  12.273  28.179 0.0000000000
73163  -47.144  10.227  28.508 0.0000000000
76367  -48.994  13.360  28.047 0.0000000000
73908  -49.331  10.394  28.143 0.0000000000
73165  -49.019  9.946  28.284 0.0000000000
72436  -48.659  9.193  28.374 0.0000000000
72437  -49.156  9.359  28.095 0.0000000000
72444  -48.950  8.785  27.985 0.0000000000
72445  -49.290  9.354  27.617 0.0000000000
73184  -48.946  9.583  26.433 0.0000000000
76316  -52.875  14.165  31.596 0.0000000000
76324  -52.717  14.166  30.628 0.0000000000
76337  -53.375  13.641  29.917 0.0000000000
75535  -53.889  12.446  28.116 0.0000000000
75534  -53.262  12.583  28.007 0.0000000000
75533  -52.210  12.654  28.008 0.0000000000
73949  -54.539  11.834  26.299 0.0000000000
73948  -53.852  11.716  26.001 0.0000000000
73946  -51.796  11.407  25.687 0.0000000000
73187  -51.324  10.782  26.155 0.0000000000
73186  -50.812  10.647  26.135 0.0000000000
73197  -50.523  10.849  25.858 0.0000000000
73957  -48.868  11.687  24.985 0.0000000000
73943  -49.371  11.066  25.539 0.0000000000
73956  -47.860  11.604  24.701 0.0000000000
74728  -47.372  12.060  23.955 0.0000000000
75593  -47.788  13.586  22.231 0.0000000000
75577  -47.407  13.015  22.809 0.0000000000
75592  -47.105  13.084  22.076 0.0000000000
75602  -47.549  13.656  21.491 0.0000000000
76431  -50.339  14.796  21.109 0.0000000000
76417  -49.565  14.248  22.141 0.0000000000
99805  -48.353  14.673  19.282 0.0000000000
99794  -47.469  12.978  19.575 0.0000000000
73237  -46.321  11.429  17.633 0.0000000000
78884  -48.329  17.017  17.227 0.0000000000
78875  -48.613  17.801  17.937 0.0000000000
78140  -52.966  16.746  23.627 0.0000000000
78150  -52.077  17.081  22.658 0.0000000000
78137  -49.490  17.244  24.317 0.0000000000
78161  -48.719  16.847  22.458 0.0000000000
77319  -45.226  16.338  22.139 0.0000000000
78157  -44.086  16.381  21.711 0.0000000000
77307  -43.566  15.900  22.877 0.0000000000
77283  -46.595  16.363  25.373 0.0000000000
77280  -43.174  15.503  25.012 0.0000000000
81279  -49.495  21.760  27.795 0.0000000000
81261  -49.316  21.367  27.895 0.0000000000
81278  -48.651  21.415  27.704 0.0000000000
80624  -47.786  20.567  27.610 0.0000000000
80004  -46.154  19.720  27.381 0.0000000000
72430  -45.207  9.496  29.634 0.0000000000
73159  -45.422  10.287  29.116 0.0000000000
79384  -56.715  18.487  32.733 0.0000000000
79392  -57.006  18.182  31.569 0.0000000000
79385  -57.091  18.819  31.928 0.0000000000
68664  -49.008  5.597  34.051 0.0000000000
68663  -48.832  5.879  34.177 0.0000000000
69485  -48.660  6.054  34.136 0.0000000000
69473  -48.532  6.765  34.421 0.0000000000
70970  -48.226  7.642  34.562 0.0000000000
72408  -39.230  9.158  34.045 0.0000000000
68773  -52.820  4.176  25.507 0.0000000000
68772  -51.856  4.249  25.368 0.0000000000
71749  -46.275  8.401  24.753 0.0000000000
71755  -46.754  8.637  23.789 0.0000000000
71763  -46.851  9.183  23.142 0.0000000000
77225  -51.050  14.834  30.127 0.0000000000
75586  -55.302  13.867  24.014 0.0000000000
76421  -54.281  14.856  21.959 0.0000000000
76420  -53.284  14.942  21.837 0.0000000000
77336  -53.312  16.108  21.065 0.0000000000
78179  -53.019  16.470  20.914 0.0000000000
78178  -52.557  16.840  20.313 0.0000000000
79433  -50.515  18.782  27.483 0.0000000000
78838  -50.444  18.315  26.573 0.0000000000
79441  -50.286  18.519  26.934 0.0000000000
79439  -49.036  18.543  26.648 0.0000000000
79431  -48.589  18.988  27.054 0.0000000000
80006  -48.143  19.668  27.412 0.0000000000
67873  -46.403  3.858  29.257 0.0000000000
68710  -46.225  4.263  28.754 0.0000000000
68716  -45.979  5.205  28.257 0.0000000000
70253  -46.490  6.967  28.516 0.0000000000
71011  -46.286  7.383  26.564 0.0000000000
71012  -46.541  7.689  26.896 0.0000000000
71734  -46.903  8.130  27.019 0.0000000000
77173  -53.598  14.643  34.349 0.0000000000
76299  -53.806  14.315  33.893 0.0000000000
76309  -54.612  14.051  33.300 0.0000000000
75501  -56.540  13.197  29.438 0.0000000000
75520  -56.599  13.104  28.063 0.0000000000
77259  -54.565  15.336  28.175 0.0000000000
79403  -55.612  18.150  30.169 0.0000000000
79413  -53.265  18.281  29.701 0.0000000000
76332  -43.617  13.971  30.037 0.0000000000
76322  -43.986  14.790  30.321 0.0000000000
77201  -44.470  15.391  30.324 0.0000000000
78046  -45.878  15.973  32.826 0.0000000000
78048  -47.613  15.573  32.552 0.0000000000
78026  -48.881  15.759  35.383 0.0000000000
78769  -51.212  16.474  34.806 0.0000000000
69537  -56.004  5.777  27.300 0.0000000000
67867  -52.965  3.536  30.267 0.0000000000
67865  -50.744  3.052  30.110 0.0000000000
67046  -50.088  2.884  29.866 0.0000000000
67864  -49.634  3.107  30.419 0.0000000000
67849  -47.830  3.703  31.496 0.0000000000
70219  -43.239  6.158  35.384 0.0000000000
70200  -45.946  6.216  36.559 0.0000000000
70968  -46.638  8.130  35.306 0.0000000000
72418  -43.165  9.502  32.115 0.0000000000
72423  -42.899  10.089  31.649 0.0000000000
73150  -42.547  10.835  31.281 0.0000000000
73889  -42.146  11.285  31.283 0.0000000000
73888  -41.768  11.724  31.400 0.0000000000
70339  -55.031  7.186  21.049 0.0000000000
68755  -48.669  4.358  26.334 0.0000000000
68769  -49.069  4.618  25.711 0.0000000000
69566  -49.443  5.603  24.257 0.0000000000
70304  -49.287  6.394  23.238 0.0000000000
71074  -51.984  7.820  19.568 0.0000000000
71073  -51.547  8.150  20.068 0.0000000000
71784  -50.960  8.275  19.707 0.0000000000
72492  -48.243  10.287  19.890 0.0000000000
73239  -48.506  10.702  18.448 0.0000000000
75513  -47.774  13.174  28.210 0.0000000000
75531  -50.079  12.776  27.940 0.0000000000
75530  -49.311  12.800  27.973 0.0000000000
74695  -49.702  11.962  27.929 0.0000000000
73918  -49.807  10.889  27.946 0.0000000000
75499  -54.257  12.976  30.340 0.0000000000
74684  -54.369  12.286  28.091 0.0000000000
75552  -53.539  12.682  25.067 0.0000000000
74718  -52.517  12.368  25.270 0.0000000000
74717  -51.359  11.917  25.237 0.0000000000
73944  -50.156  11.234  25.613 0.0000000000
74716  -50.494  11.787  25.268 0.0000000000
74730  -49.684  12.300  24.805 0.0000000000
74743  -48.198  12.923  23.521 0.0000000000
75579  -48.783  13.253  23.398 0.0000000000
75594  -48.627  13.695  22.592 0.0000000000
77344  -50.552  15.675  19.759 0.0000000000
77343  -49.492  15.231  19.973 0.0000000000
77350  -48.992  15.530  19.152 0.0000000000
99807  -48.189  14.390  18.625 0.0000000000
99796  -47.913  13.955  18.078 0.0000000000
99797  -47.925  14.011  17.823 0.0000000000
99813  -47.528  15.250  16.848 0.0000000000
99811  -47.211  15.491  16.873 0.0000000000
78866  -47.664  17.675  18.721 0.0000000000
77299  -53.068  16.539  24.402 0.0000000000
77296  -45.096  15.606  24.203 0.0000000000
77269  -45.870  16.334  25.965 0.0000000000
78116  -43.790  16.473  26.907 0.0000000000
70991  -46.614  7.612  28.868 0.0000000000
77158  -55.210  15.587  34.396 0.0000000000
78041  -55.409  16.347  34.256 0.0000000000
79987  -56.040  19.193  29.215 0.0000000000
69635  -50.152  6.500  18.370 0.0000000000
77189  -43.114  15.183  31.809 0.0000000000
78044  -44.409  15.818  33.352 0.0000000000
68686  -50.599  3.921  32.532 0.0000000000
68684  -48.472  4.997  33.283 0.0000000000
69484  -48.385  6.183  33.913 0.0000000000
69483  -47.970  6.605  33.657 0.0000000000
71703  -46.304  7.983  33.468 0.0000000000
67807  -43.109  4.313  35.355 0.0000000000
68646  -42.091  4.670  35.608 0.0000000000
72416  -41.409  10.028  32.207 0.0000000000
73142  -39.741  10.797  33.204 0.0000000000
69549  -46.879  6.008  25.466 0.0000000000
69551  -48.115  5.646  24.997 0.0000000000
69563  -47.326  6.244  24.971 0.0000000000
70302  -47.789  7.163  23.780 0.0000000000
71043  -48.483  7.574  23.001 0.0000000000
71052  -48.965  7.949  22.371 0.0000000000
71061  -49.404  8.265  21.639 0.0000000000
71774  -48.674  8.865  21.397 0.0000000000
72485  -47.801  9.833  21.090 0.0000000000
72479  -47.412  9.528  22.004 0.0000000000
73982  -47.037  11.655  20.518 0.0000000000
77221  -47.559  15.507  29.433 0.0000000000
77241  -47.986  14.956  28.776 0.0000000000
77242  -49.024  15.055  28.726 0.0000000000
76353  -49.655  14.348  28.348 0.0000000000
76369  -50.300  13.626  28.188 0.0000000000
74697  -51.588  11.763  27.714 0.0000000000
74709  -55.651  11.997  26.771 0.0000000000
73924  -55.414  11.863  27.017 0.0000000000
74720  -54.900  12.278  25.748 0.0000000000
74734  -54.302  12.483  25.159 0.0000000000
75569  -55.052  13.178  24.778 0.0000000000
75568  -54.201  13.021  24.611 0.0000000000
75553  -53.979  12.504  25.035 0.0000000000
75567  -53.058  13.299  24.592 0.0000000000
75582  -51.743  13.784  23.458 0.0000000000
76404  -50.291  14.103  22.783 0.0000000000
76405  -51.331  14.289  22.672 0.0000000000
76432  -51.306  15.090  21.019 0.0000000000
76433  -51.894  15.445  20.949 0.0000000000
77333  -50.971  15.279  20.293 0.0000000000
77352  -50.940  16.329  19.179 0.0000000000
78203  -49.652  16.788  17.798 0.0000000000
78204  -50.203  16.882  18.174 0.0000000000
78886  -50.162  17.138  18.126 0.0000000000
78869  -51.407  17.462  19.563 0.0000000000
78187  -50.130  17.523  20.281 0.0000000000
78846  -51.217  17.668  25.931 0.0000000000
78135  -47.787  16.757  24.887 0.0000000000
77298  -47.115  16.333  24.607 0.0000000000
78125  -46.727  16.797  25.854 0.0000000000
78834  -46.626  17.624  26.472 0.0000000000
67925  -48.205  4.247  26.831 0.0000000000
69536  -47.127  5.524  25.804 0.0000000000
68731  -46.124  5.472  27.759 0.0000000000
69520  -46.447  5.580  26.863 0.0000000000
69535  -46.586  5.718  26.220 0.0000000000
71748  -46.109  8.214  25.404 0.0000000000
72466  -46.194  8.740  25.267 0.0000000000
76308  -53.844  13.887  32.930 0.0000000000
76317  -53.695  13.746  31.955 0.0000000000
74672  -55.684  12.425  29.297 0.0000000000
76310  -55.564  14.393  33.224 0.0000000000
75479  -55.764  13.764  32.152 0.0000000000
75486  -56.218  13.337  31.304 0.0000000000
74660  -56.148  12.793  31.128 0.0000000000
74673  -56.290  12.551  29.524 0.0000000000
74686  -56.082  12.275  28.509 0.0000000000
74702  -56.430  12.213  27.635 0.0000000000
74722  -56.587  12.794  26.359 0.0000000000
75536  -56.804  13.264  26.812 0.0000000000
75544  -56.626  13.122  26.276 0.0000000000
75555  -56.179  13.193  25.839 0.0000000000
76388  -55.587  13.997  24.996 0.0000000000
77302  -55.402  14.990  23.855 0.0000000000
77311  -55.171  15.601  22.837 0.0000000000
78142  -54.744  16.189  22.843 0.0000000000
77301  -54.798  15.582  23.957 0.0000000000
77286  -53.916  15.633  25.273 0.0000000000
76378  -54.174  15.082  25.999 0.0000000000
78093  -54.358  16.143  29.531 0.0000000000
77246  -53.885  15.838  28.612 0.0000000000
78798  -53.798  17.106  29.788 0.0000000000
78092  -53.588  16.534  29.323 0.0000000000
78103  -53.311  16.244  28.661 0.0000000000
78112  -51.926  17.221  27.672 0.0000000000
79422  -51.285  18.675  28.402 0.0000000000
79421  -50.838  18.981  28.083 0.0000000000
79997  -50.833  19.518  28.340 0.0000000000
80610  -50.794  20.602  28.364 0.0000000000
75510  -44.973  13.412  28.956 0.0000000000
76348  -44.680  13.960  29.218 0.0000000000
77239  -45.999  15.028  29.041 0.0000000000
77190  -43.711  15.395  31.180 0.0000000000
78089  -48.111  15.896  30.120 0.0000000000
78090  -48.615  15.860  30.110 0.0000000000
78072  -48.843  15.988  30.826 0.0000000000
78057  -48.500  15.802  31.868 0.0000000000
78058  -49.156  15.652  31.631 0.0000000000
78073  -49.378  15.621  31.229 0.0000000000
77193  -49.858  15.218  31.836 0.0000000000
77185  -50.722  14.891  32.971 0.0000000000
77156  -53.613  15.057  34.679 0.0000000000
78031  -54.050  15.836  34.797 0.0000000000
78771  -53.064  16.640  34.552 0.0000000000
68775  -54.698  4.859  26.462 0.0000000000
68774  -53.870  4.367  25.983 0.0000000000
67944  -53.366  3.852  26.541 0.0000000000
67930  -52.952  3.549  27.009 0.0000000000
67909  -51.395  3.386  27.672 0.0000000000
67892  -54.307  4.170  28.621 0.0000000000
67891  -53.407  3.621  28.599 0.0000000000
67887  -49.573  2.992  28.680 0.0000000000
67876  -49.308  3.027  29.745 0.0000000000
67860  -46.018  4.033  30.249 0.0000000000
68703  -45.738  4.742  30.235 0.0000000000
68696  -47.075  4.244  31.741 0.0000000000
68682  -46.809  4.696  32.038 0.0000000000
68695  -46.403  4.450  31.574 0.0000000000
71709  -45.033  8.682  30.562 0.0000000000
72427  -44.842  9.338  30.370 0.0000000000
73156  -44.216  10.733  30.167 0.0000000000
70224  -49.034  6.785  36.109 0.0000000000
68652  -48.015  4.486  36.524 0.0000000000
68651  -46.935  4.857  36.300 0.0000000000
68626  -47.752  5.300  37.109 0.0000000000
69439  -48.177  5.704  37.670 0.0000000000
69421  -48.181  6.190  37.737 0.0000000000
70201  -46.815  6.753  36.695 0.0000000000
70190  -48.548  6.404  37.545 0.0000000000
70203  -48.644  6.867  36.691 0.0000000000
70223  -48.727  7.049  35.697 0.0000000000
70969  -47.810  8.083  34.872 0.0000000000
71695  -47.365  8.285  34.449 0.0000000000
71684  -46.815  8.331  34.751 0.0000000000
70965  -43.611  7.310  34.467 0.0000000000
70975  -44.280  7.952  33.987 0.0000000000
71691  -43.925  8.576  33.301 0.0000000000
73895  -43.829  11.298  30.153 0.0000000000
74665  -42.848  12.666  30.453 0.0000000000
76320  -42.616  14.042  31.041 0.0000000000
73887  -41.130  11.766  31.926 0.0000000000
76313  -42.334  14.520  31.695 0.0000000000
77177  -42.052  15.155  32.988 0.0000000000
76304  -41.342  14.506  32.746 0.0000000000
77161  -41.680  15.151  33.688 0.0000000000
68818  -54.227  5.662  21.297 0.0000000000
68817  -53.410  5.252  21.111 0.0000000000
69612  -53.302  5.797  20.354 0.0000000000
69621  -52.877  6.253  19.973 0.0000000000
69583  -50.985  5.775  23.243 0.0000000000
69598  -52.781  6.772  22.503 0.0000000000
70355  -52.340  6.477  19.523 0.0000000000
71087  -49.753  7.913  18.344 0.0000000000
71803  -50.232  8.521  18.641 0.0000000000
73903  -44.940  11.648  28.994 0.0000000000
74683  -48.197  12.120  28.158 0.0000000000
74694  -49.015  12.064  28.047 0.0000000000
73164  -48.250  10.102  28.495 0.0000000000
71725  -48.592  8.497  28.139 0.0000000000
72452  -47.434  8.793  26.636 0.0000000000
72461  -47.266  9.561  26.065 0.0000000000
76315  -52.105  14.558  31.264 0.0000000000
76323  -51.905  14.608  30.353 0.0000000000
76357  -53.058  13.749  29.097 0.0000000000
76356  -52.258  14.100  28.851 0.0000000000
73923  -55.122  11.794  27.063 0.0000000000
73922  -54.349  11.698  27.022 0.0000000000
73921  -53.284  11.614  26.954 0.0000000000
73933  -52.927  11.570  26.395 0.0000000000
73920  -51.929  11.156  26.929 0.0000000000
73175  -50.802  10.550  26.781 0.0000000000
73941  -47.505  10.919  25.186 0.0000000000
73964  -46.679  11.330  23.523 0.0000000000
74742  -47.662  12.693  23.448 0.0000000000
76416  -48.460  14.160  21.740 0.0000000000
76438  -48.824  14.807  20.395 0.0000000000
75601  -47.321  13.098  20.728 0.0000000000
99792  -47.251  12.368  19.911 0.0000000000
78873  -46.936  16.354  17.627 0.0000000000
78856  -51.556  17.447  21.008 0.0000000000
78176  -50.258  17.438  20.970 0.0000000000
78175  -48.952  17.100  21.178 0.0000000000
77331  -45.965  16.474  21.652 0.0000000000
77330  -45.421  16.573  21.509 0.0000000000
78172  -44.748  16.639  20.997 0.0000000000
78171  -44.157  16.335  21.303 0.0000000000
77266  -42.439  15.583  26.043 0.0000000000
80600  -55.605  19.721  28.689 0.0000000000
80612  -53.143  20.722  28.741 0.0000000000
81879  -50.786  22.180  27.845 0.0000000000
81263  -50.534  21.570  28.098 0.0000000000
80609  -50.023  20.756  28.080 0.0000000000
79429  -46.595  18.923  27.028 0.0000000000
67045  -49.723  2.939  29.873 0.0000000000
67056  -50.630  2.819  28.935 0.0000000000
68662  -45.455  3.947  35.125 0.0000000000
68672  -48.604  5.526  33.719 0.0000000000
68717  -46.268  4.591  28.294 0.0000000000
68719  -56.197  5.392  28.504 0.0000000000
68752  -46.712  5.352  26.726 0.0000000000
68767  -47.523  5.361  25.766 0.0000000000
71089  -50.858  7.811  18.830 0.0000000000
71736  -48.564  8.404  27.796 0.0000000000
73931  -51.354  10.903  25.938 0.0000000000
73935  -54.885  11.828  26.707 0.0000000000
73936  -55.281  11.873  26.869 0.0000000000
73958  -49.596  11.610  25.282 0.0000000000
74663  -41.849  12.300  31.261 0.0000000000
75494  -56.686  12.824  29.904 0.0000000000
75519  -55.031  12.459  29.132 0.0000000000
75545  -56.791  12.825  26.524 0.0000000000
75556  -56.685  12.873  26.257 0.0000000000
75566  -52.096  13.369  24.273 0.0000000000
76292  -54.240  14.855  34.533 0.0000000000
76409  -55.241  14.560  23.089 0.0000000000
77226  -54.254  15.929  29.199 0.0000000000
77245  -53.312  16.015  28.162 0.0000000000
77323  -54.690  15.409  21.830 0.0000000000
77325  -55.398  15.110  22.706 0.0000000000
77334  -51.720  15.707  20.403 0.0000000000
78159  -45.066  16.612  21.413 0.0000000000
78167  -54.801  15.691  21.992 0.0000000000
78177  -50.904  17.535  21.126 0.0000000000
78201  -47.660  15.663  16.596 0.0000000000
78797  -53.313  17.316  29.685 0.0000000000
78819  -52.400  17.120  28.841 0.0000000000
78878  -51.637  17.215  19.081 0.0000000000
78883  -47.432  16.058  16.928 0.0000000000
78890  -48.116  16.196  16.954 0.0000000000
80608  -49.327  20.915  27.970 0.0000000000
99803  -46.860  15.178  17.350 0.0000000000
99808  -48.106  14.205  18.015 0.0000000000
