#!ascii label  , from subject sub-01 vox2ras=TkReg
881
80568  -56.582  20.071  32.759 0.0000000000
88873  -47.047  35.882  24.123 0.0000000000
84044  -48.841  26.471  30.638 0.0000000000
85580  -56.628  29.939  24.579 0.0000000000
88892  -51.677  35.324  22.661 0.0000000000
87781  -52.146  34.282  29.048 0.0000000000
87202  -51.265  32.924  26.654 0.0000000000
84589  -50.732  27.044  24.309 0.0000000000
78767  -49.319  16.794  34.963 0.0000000000
80563  -51.260  20.305  32.192 0.0000000000
91178  -46.958  39.975  25.555 0.0000000000
91216  -53.017  40.993  22.063 0.0000000000
88458  -56.260  34.675  17.850 0.0000000000
83500  -54.172  26.401  33.560 0.0000000000
87177  -47.429  32.431  29.691 0.0000000000
85008  -52.572  28.691  28.467 0.0000000000
82982  -56.236  24.246  27.931 0.0000000000
82469  -54.011  23.458  24.606 0.0000000000
81921  -47.753  22.542  25.193 0.0000000000
79975  -57.264  18.874  29.927 0.0000000000
87853  -52.104  33.816  21.735 0.0000000000
88378  -51.420  34.905  24.125 0.0000000000
87824  -50.060  33.424  23.701 0.0000000000
87232  -49.458  32.509  24.899 0.0000000000
79949  -49.993  18.946  33.269 0.0000000000
80561  -48.907  20.528  32.782 0.0000000000
90728  -44.748  39.242  28.089 0.0000000000
90807  -54.373  39.482  19.883 0.0000000000
82934  -51.765  25.425  33.778 0.0000000000
83528  -51.560  25.522  31.075 0.0000000000
88840  -44.690  35.544  26.191 0.0000000000
87787  -46.688  34.117  27.937 0.0000000000
87186  -54.503  33.291  28.705 0.0000000000
86590  -51.704  31.911  29.232 0.0000000000
85527  -54.549  29.685  27.854 0.0000000000
83563  -55.084  25.848  27.708 0.0000000000
84082  -55.439  26.176  25.349 0.0000000000
82471  -55.626  23.044  24.885 0.0000000000
84106  -54.822  25.661  23.108 0.0000000000
83015  -49.462  24.236  23.639 0.0000000000
88889  -49.511  35.836  23.296 0.0000000000
88361  -49.263  35.197  27.251 0.0000000000
88853  -51.092  35.957  25.744 0.0000000000
87790  -52.589  34.408  28.038 0.0000000000
86601  -53.131  32.164  27.279 0.0000000000
85038  -53.900  29.135  24.579 0.0000000000
85546  -50.867  30.139  25.926 0.0000000000
85562  -49.092  29.494  25.141 0.0000000000
78770  -52.204  16.501  34.591 0.0000000000
79373  -53.143  17.975  33.731 0.0000000000
80566  -54.717  20.588  32.844 0.0000000000
89817  -41.152  37.367  27.931 0.0000000000
90269  -43.826  38.564  25.372 0.0000000000
90288  -45.928  38.449  23.714 0.0000000000
90301  -48.746  38.503  21.369 0.0000000000
89403  -51.476  37.193  20.050 0.0000000000
88925  -53.450  34.752  20.348 0.0000000000
87292  -54.209  32.032  19.692 0.0000000000
86159  -55.205  30.099  16.921 0.0000000000
81836  -50.190  23.087  32.453 0.0000000000
81839  -53.537  23.505  32.684 0.0000000000
81855  -55.892  22.839  32.152 0.0000000000
85491  -47.689  29.534  29.940 0.0000000000
87767  -49.261  33.394  29.351 0.0000000000
86007  -49.320  30.671  29.409 0.0000000000
84553  -50.246  27.302  29.346 0.0000000000
83553  -52.949  25.759  29.026 0.0000000000
82960  -56.279  25.123  30.761 0.0000000000
81873  -56.809  21.792  30.189 0.0000000000
81285  -56.938  20.701  27.296 0.0000000000
81283  -55.114  21.424  26.822 0.0000000000
81896  -52.344  22.475  27.441 0.0000000000
83590  -51.545  25.081  22.690 0.0000000000
82466  -50.050  23.231  24.519 0.0000000000
81893  -49.097  22.288  27.384 0.0000000000
79957  -56.362  19.588  33.054 0.0000000000
79385  -57.091  18.819  31.928 0.0000000000
79967  -57.349  19.451  31.322 0.0000000000
87865  -51.771  33.291  21.056 0.0000000000
87839  -51.110  33.732  22.721 0.0000000000
87851  -50.194  33.295  21.796 0.0000000000
87837  -48.957  33.292  22.886 0.0000000000
83540  -50.051  25.869  30.645 0.0000000000
88859  -45.679  35.898  24.950 0.0000000000
87196  -56.402  32.419  27.302 0.0000000000
86018  -55.597  31.573  28.513 0.0000000000
85550  -56.583  29.661  26.473 0.0000000000
85027  -55.744  28.312  26.208 0.0000000000
85040  -56.430  28.443  25.042 0.0000000000
84089  -55.359  26.198  24.473 0.0000000000
84594  -55.501  27.478  24.125 0.0000000000
88907  -50.361  35.801  22.300 0.0000000000
88876  -50.264  35.698  23.976 0.0000000000
88877  -50.976  35.547  23.718 0.0000000000
87801  -51.181  33.597  25.695 0.0000000000
88371  -51.591  35.071  25.286 0.0000000000
87190  -52.137  33.697  27.416 0.0000000000
87191  -52.616  33.451  27.700 0.0000000000
86600  -52.205  32.236  27.269 0.0000000000
86053  -52.685  30.974  26.652 0.0000000000
86615  -50.762  31.784  26.394 0.0000000000
86073  -49.521  30.654  25.395 0.0000000000
79952  -50.428  19.492  32.762 0.0000000000
79379  -51.304  18.706  33.171 0.0000000000
79953  -51.762  19.443  32.633 0.0000000000
79955  -54.185  19.645  33.110 0.0000000000
80578  -53.153  20.909  32.248 0.0000000000
90738  -46.194  39.918  26.847 0.0000000000
90742  -43.699  39.260  26.209 0.0000000000
90744  -45.370  39.655  25.533 0.0000000000
90279  -44.761  38.547  24.710 0.0000000000
90752  -46.392  39.618  24.553 0.0000000000
91204  -51.043  40.715  22.740 0.0000000000
91202  -48.865  39.809  22.604 0.0000000000
90778  -50.788  39.731  21.354 0.0000000000
90307  -49.799  38.439  20.824 0.0000000000
90787  -52.370  39.505  20.735 0.0000000000
90339  -54.715  38.208  18.733 0.0000000000
89406  -54.539  36.516  19.293 0.0000000000
88941  -55.347  35.553  19.102 0.0000000000
87868  -54.519  33.559  19.983 0.0000000000
87293  -55.455  32.382  18.939 0.0000000000
86705  -54.253  30.600  18.508 0.0000000000
87318  -55.826  32.425  17.373 0.0000000000
83489  -49.714  25.636  34.314 0.0000000000
82923  -47.666  24.514  33.549 0.0000000000
82380  -49.229  24.077  33.226 0.0000000000
82384  -48.760  23.220  32.806 0.0000000000
82933  -50.664  24.698  33.543 0.0000000000
84017  -52.870  26.661  33.765 0.0000000000
82935  -52.691  25.238  33.698 0.0000000000
82389  -54.118  24.439  33.230 0.0000000000
81840  -54.524  23.558  32.740 0.0000000000
82938  -55.658  25.457  33.030 0.0000000000
87169  -46.073  31.812  30.612 0.0000000000
86002  -46.370  30.458  30.819 0.0000000000
86582  -47.235  31.035  30.224 0.0000000000
88351  -49.973  35.192  27.539 0.0000000000
88338  -49.472  34.575  28.263 0.0000000000
87768  -50.453  33.550  29.309 0.0000000000
85510  -52.137  29.793  28.958 0.0000000000
86013  -51.024  30.890  29.238 0.0000000000
85509  -50.949  29.690  29.105 0.0000000000
85005  -49.932  28.699  29.231 0.0000000000
84559  -51.051  27.532  28.971 0.0000000000
84056  -51.694  25.991  29.236 0.0000000000
84064  -53.358  26.658  28.307 0.0000000000
83564  -55.805  25.130  27.267 0.0000000000
83555  -55.050  25.642  28.794 0.0000000000
82973  -56.205  24.423  29.437 0.0000000000
82418  -56.454  23.518  29.671 0.0000000000
82426  -56.591  23.266  28.590 0.0000000000
81269  -57.550  20.812  28.347 0.0000000000
82427  -56.911  22.410  27.738 0.0000000000
82470  -54.907  22.921  24.722 0.0000000000
81923  -55.504  22.448  25.365 0.0000000000
81909  -54.342  22.779  25.860 0.0000000000
81282  -53.965  21.848  27.285 0.0000000000
82453  -53.552  23.311  25.666 0.0000000000
85045  -52.249  27.564  24.260 0.0000000000
84095  -53.028  26.476  23.219 0.0000000000
83584  -50.963  25.396  23.110 0.0000000000
82477  -48.049  22.905  24.360 0.0000000000
82478  -49.196  23.489  24.148 0.0000000000
82465  -49.087  22.952  24.828 0.0000000000
82450  -49.857  22.971  25.658 0.0000000000
82435  -48.246  22.557  26.536 0.0000000000
81277  -47.450  21.478  27.303 0.0000000000
78778  -54.959  17.303  34.220 0.0000000000
79988  -56.937  19.205  29.339 0.0000000000
88399  -51.926  34.798  22.482 0.0000000000
88379  -51.479  35.101  23.729 0.0000000000
88388  -51.510  34.641  23.596 0.0000000000
87825  -51.143  34.040  23.588 0.0000000000
87812  -51.159  33.950  24.522 0.0000000000
87217  -50.073  32.483  25.391 0.0000000000
87811  -49.893  32.963  24.605 0.0000000000
79370  -49.892  18.199  33.805 0.0000000000
79369  -48.906  18.505  33.931 0.0000000000
80562  -50.113  20.723  32.240 0.0000000000
91161  -47.978  40.397  27.583 0.0000000000
91235  -53.707  40.526  20.845 0.0000000000
89891  -54.965  37.302  17.713 0.0000000000
88972  -55.454  35.387  17.371 0.0000000000
82927  -51.783  26.092  34.190 0.0000000000
83512  -51.905  26.355  32.505 0.0000000000
82947  -52.852  26.027  31.741 0.0000000000
87765  -46.914  32.974  29.171 0.0000000000
87782  -53.027  34.122  28.935 0.0000000000
87181  -51.744  33.579  29.326 0.0000000000
86592  -53.750  32.334  29.139 0.0000000000
86016  -53.914  31.144  28.769 0.0000000000
85018  -53.588  28.697  27.968 0.0000000000
84073  -53.742  27.180  27.911 0.0000000000
84571  -54.748  27.515  26.881 0.0000000000
84081  -55.391  26.320  26.162 0.0000000000
83571  -55.696  25.246  26.073 0.0000000000
82455  -56.492  22.901  25.993 0.0000000000
83578  -55.553  25.123  24.927 0.0000000000
83021  -55.340  24.310  23.721 0.0000000000
83029  -54.147  24.178  22.880 0.0000000000
84092  -50.153  25.668  23.883 0.0000000000
84540  -47.019  27.655  30.852 0.0000000000
89364  -48.222  36.192  23.226 0.0000000000
88861  -47.742  35.654  24.882 0.0000000000
88862  -48.991  35.835  24.920 0.0000000000
88852  -49.959  35.949  25.851 0.0000000000
88352  -51.241  35.314  27.604 0.0000000000
88864  -51.103  35.567  24.612 0.0000000000
88363  -51.853  35.205  27.504 0.0000000000
88341  -52.218  34.725  28.464 0.0000000000
87791  -53.253  33.941  28.240 0.0000000000
87193  -53.982  33.344  27.789 0.0000000000
86056  -55.526  31.551  25.608 0.0000000000
85578  -55.143  29.501  24.336 0.0000000000
86075  -54.459  30.471  25.431 0.0000000000
85565  -52.484  29.290  25.450 0.0000000000
85564  -51.295  29.248  25.486 0.0000000000
86614  -49.990  31.512  25.790 0.0000000000
85563  -50.139  29.603  25.368 0.0000000000
79371  -50.947  17.996  33.733 0.0000000000
78776  -52.624  17.242  34.186 0.0000000000
78777  -53.778  17.213  34.363 0.0000000000
79374  -54.355  18.091  33.941 0.0000000000
79956  -55.412  19.710  33.227 0.0000000000
80567  -55.973  20.579  32.992 0.0000000000
88836  -41.768  36.089  27.171 0.0000000000
89825  -42.246  37.465  26.617 0.0000000000
89350  -42.797  36.664  26.247 0.0000000000
89354  -43.643  36.722  25.661 0.0000000000
89358  -44.918  37.004  24.628 0.0000000000
89362  -46.055  37.149  23.789 0.0000000000
91180  -48.711  40.932  24.962 0.0000000000
91193  -47.936  39.861  23.447 0.0000000000
90768  -47.471  39.181  22.648 0.0000000000
89369  -47.180  37.217  22.944 0.0000000000
89854  -48.706  36.969  21.807 0.0000000000
89381  -49.843  36.350  21.444 0.0000000000
88922  -51.170  35.751  21.177 0.0000000000
90319  -52.897  38.281  19.918 0.0000000000
88939  -52.602  35.789  20.035 0.0000000000
88910  -52.283  35.026  21.433 0.0000000000
87855  -53.083  34.076  21.105 0.0000000000
87866  -52.651  33.419  20.948 0.0000000000
86695  -52.697  31.105  19.411 0.0000000000
85638  -52.598  28.712  17.873 0.0000000000
87316  -54.717  32.336  16.781 0.0000000000
81225  -49.403  21.536  32.289 0.0000000000
81235  -50.911  21.891  31.994 0.0000000000
82398  -52.094  23.355  32.348 0.0000000000
81236  -51.838  21.927  31.949 0.0000000000
81238  -54.261  21.468  32.403 0.0000000000
81226  -54.996  21.120  32.723 0.0000000000
80580  -56.201  21.021  32.567 0.0000000000
84550  -47.943  27.774  30.021 0.0000000000
88349  -47.979  34.742  27.476 0.0000000000
87777  -47.523  33.813  28.587 0.0000000000
87178  -48.504  32.517  29.578 0.0000000000
87180  -51.010  32.886  29.459 0.0000000000
86587  -50.004  31.766  29.459 0.0000000000
86586  -48.893  31.650  29.548 0.0000000000
85492  -48.742  29.545  29.508 0.0000000000
84995  -49.209  28.417  29.434 0.0000000000
84053  -49.117  26.821  29.951 0.0000000000
83541  -50.700  25.644  30.271 0.0000000000
82970  -52.310  25.306  30.083 0.0000000000
83530  -53.886  25.917  31.477 0.0000000000
83554  -54.066  25.803  28.858 0.0000000000
83545  -54.963  25.598  29.950 0.0000000000
83516  -55.894  26.300  32.085 0.0000000000
82400  -56.343  23.986  31.836 0.0000000000
81856  -56.201  22.191  31.617 0.0000000000
80589  -56.898  20.707  31.519 0.0000000000
81255  -57.367  21.009  29.781 0.0000000000
80602  -57.316  19.935  29.312 0.0000000000
80615  -56.204  20.229  27.895 0.0000000000
82456  -56.629  22.076  26.244 0.0000000000
81294  -56.534  20.962  26.792 0.0000000000
80614  -55.250  20.257  28.232 0.0000000000
81266  -54.114  21.229  27.954 0.0000000000
81265  -52.776  21.600  28.141 0.0000000000
84593  -54.701  27.395  23.530 0.0000000000
83592  -53.780  25.098  22.379 0.0000000000
83017  -52.097  23.947  22.774 0.0000000000
83016  -50.292  24.211  22.804 0.0000000000
82480  -51.274  23.618  22.995 0.0000000000
82468  -52.802  23.849  24.631 0.0000000000
82439  -51.621  23.131  26.622 0.0000000000
81894  -50.137  22.287  27.553 0.0000000000
79384  -56.715  18.487  32.733 0.0000000000
79958  -56.981  19.504  32.277 0.0000000000
79959  -57.240  19.119  31.713 0.0000000000
79966  -57.128  19.859  31.881 0.0000000000
87864  -50.769  33.167  21.022 0.0000000000
83526  -49.820  26.100  31.272 0.0000000000
89360  -46.459  36.204  24.114 0.0000000000
88849  -46.098  35.441  25.472 0.0000000000
88860  -46.504  35.727  24.726 0.0000000000
86078  -56.783  31.075  25.477 0.0000000000
85530  -56.854  30.855  26.612 0.0000000000
85041  -56.832  29.509  25.403 0.0000000000
85050  -56.768  29.436  24.788 0.0000000000
85049  -56.284  29.034  24.392 0.0000000000
88891  -51.044  35.661  22.920 0.0000000000
87793  -51.950  34.218  27.127 0.0000000000
87203  -51.864  32.853  27.276 0.0000000000
86616  -51.476  32.149  26.874 0.0000000000
78773  -49.888  17.346  34.591 0.0000000000
80564  -52.417  20.216  32.331 0.0000000000
91169  -46.156  39.924  26.541 0.0000000000
90737  -45.562  39.820  26.607 0.0000000000
91177  -46.116  39.919  26.017 0.0000000000
90745  -46.027  39.710  25.255 0.0000000000
91206  -52.505  41.335  22.658 0.0000000000
91663  -52.030  41.415  23.051 0.0000000000
91205  -52.097  40.988  22.585 0.0000000000
91214  -50.506  40.048  21.892 0.0000000000
91215  -51.737  40.349  21.701 0.0000000000
90786  -51.372  39.456  20.905 0.0000000000
91233  -52.114  39.911  21.147 0.0000000000
89419  -55.754  36.472  18.219 0.0000000000
89407  -55.356  36.623  18.742 0.0000000000
88942  -55.904  34.992  18.774 0.0000000000
87876  -55.355  33.474  19.474 0.0000000000
87877  -56.097  33.504  18.835 0.0000000000
87294  -56.175  32.916  18.407 0.0000000000
87889  -56.336  33.591  17.935 0.0000000000
83478  -50.216  26.524  34.597 0.0000000000
82924  -48.884  24.688  33.636 0.0000000000
82925  -50.117  24.900  33.871 0.0000000000
82381  -49.820  24.273  33.343 0.0000000000
84019  -53.824  26.421  33.795 0.0000000000
82929  -53.902  25.952  34.145 0.0000000000
82937  -54.627  25.639  33.667 0.0000000000
82390  -55.101  24.591  33.011 0.0000000000
83501  -55.384  26.209  33.065 0.0000000000
87176  -46.342  32.339  30.069 0.0000000000
86581  -46.698  31.408  30.446 0.0000000000
86584  -47.072  32.001  30.148 0.0000000000
88339  -50.665  34.781  28.353 0.0000000000
87780  -51.142  34.287  28.979 0.0000000000
85007  -51.456  28.624  28.769 0.0000000000
84560  -51.821  27.622  28.620 0.0000000000
84561  -52.628  27.514  28.300 0.0000000000
83556  -55.740  25.162  28.470 0.0000000000
82441  -56.663  23.189  27.230 0.0000000000
82481  -54.464  23.452  24.000 0.0000000000
82454  -54.494  22.938  25.303 0.0000000000
84584  -50.991  27.614  24.654 0.0000000000
84590  -51.551  27.116  24.128 0.0000000000
82464  -48.450  22.710  25.125 0.0000000000
82449  -48.993  22.868  25.815 0.0000000000
82448  -48.328  22.673  25.931 0.0000000000
81908  -47.788  22.480  26.238 0.0000000000
81907  -47.108  22.385  25.805 0.0000000000
78779  -55.867  17.290  33.850 0.0000000000
87841  -52.089  34.362  22.033 0.0000000000
87840  -51.753  34.252  22.554 0.0000000000
87800  -50.445  32.970  25.195 0.0000000000
79947  -48.355  19.338  33.553 0.0000000000
79951  -49.647  20.023  32.725 0.0000000000
91160  -47.139  39.828  28.104 0.0000000000
90840  -54.518  39.189  18.400 0.0000000000
89890  -54.135  37.669  17.405 0.0000000000
90355  -53.754  38.628  17.424 0.0000000000
83527  -50.763  25.844  31.427 0.0000000000
83513  -52.867  26.474  32.546 0.0000000000
82946  -52.381  25.810  31.599 0.0000000000
88839  -44.014  35.610  26.323 0.0000000000
87185  -53.520  33.468  28.845 0.0000000000
87184  -52.221  33.167  29.250 0.0000000000
86032  -55.288  30.655  28.215 0.0000000000
86031  -54.460  30.580  28.407 0.0000000000
85512  -53.754  29.888  28.342 0.0000000000
84570  -54.021  27.714  27.580 0.0000000000
85019  -54.676  28.609  27.205 0.0000000000
84578  -55.411  26.917  25.634 0.0000000000
84577  -55.234  27.199  26.181 0.0000000000
83570  -55.424  25.839  26.825 0.0000000000
84098  -55.125  25.982  23.678 0.0000000000
83585  -55.342  25.086  24.049 0.0000000000
83594  -55.034  24.926  23.384 0.0000000000
83020  -55.200  23.947  23.490 0.0000000000
83593  -54.614  24.985  22.783 0.0000000000
89365  -48.939  35.972  23.194 0.0000000000
88874  -47.974  35.832  24.005 0.0000000000
88875  -49.176  35.796  23.941 0.0000000000
88863  -50.197  35.885  24.910 0.0000000000
88844  -50.751  35.813  26.703 0.0000000000
88834  -50.372  35.560  27.178 0.0000000000
88865  -51.258  35.251  23.940 0.0000000000
87794  -52.102  34.940  27.535 0.0000000000
88362  -51.677  35.263  26.705 0.0000000000
88353  -52.068  35.029  28.011 0.0000000000
87192  -53.209  33.254  27.844 0.0000000000
86602  -54.148  32.447  27.164 0.0000000000
87204  -55.671  32.643  26.591 0.0000000000
86618  -54.342  31.757  26.557 0.0000000000
86055  -54.754  31.232  25.872 0.0000000000
86617  -53.572  31.587  26.773 0.0000000000
85547  -51.917  30.046  26.162 0.0000000000
85548  -52.894  30.091  25.978 0.0000000000
86636  -49.430  31.616  25.345 0.0000000000
78774  -50.629  17.323  34.432 0.0000000000
79380  -52.444  18.709  33.170 0.0000000000
79372  -51.985  17.912  33.596 0.0000000000
89810  -40.492  37.217  28.714 0.0000000000
89338  -39.750  36.242  28.966 0.0000000000
89346  -40.808  36.573  28.025 0.0000000000
88829  -40.632  35.960  28.225 0.0000000000
89347  -41.401  36.644  27.439 0.0000000000
90727  -43.867  39.114  28.323 0.0000000000
90734  -43.020  39.007  27.428 0.0000000000
90268  -43.084  38.484  25.929 0.0000000000
90261  -42.545  38.387  26.650 0.0000000000
89826  -42.787  37.623  26.056 0.0000000000
89353  -43.119  37.142  25.839 0.0000000000
89351  -43.326  36.272  26.115 0.0000000000
89832  -43.374  37.662  25.555 0.0000000000
90280  -45.327  38.468  24.205 0.0000000000
89838  -44.884  37.622  24.483 0.0000000000
89839  -45.598  37.651  23.921 0.0000000000
89845  -46.236  37.663  23.471 0.0000000000
91187  -47.865  40.170  24.048 0.0000000000
91194  -48.680  40.111  23.256 0.0000000000
90770  -48.893  39.582  22.196 0.0000000000
90769  -48.294  39.516  22.522 0.0000000000
90774  -47.920  39.004  22.133 0.0000000000
90295  -47.619  38.391  22.261 0.0000000000
90300  -48.155  38.445  21.798 0.0000000000
89853  -48.163  37.492  21.991 0.0000000000
89859  -48.425  37.965  21.544 0.0000000000
89867  -51.092  37.713  20.215 0.0000000000
89866  -50.184  37.548  20.596 0.0000000000
89392  -50.935  36.530  20.541 0.0000000000
89382  -50.658  35.999  21.209 0.0000000000
89393  -51.680  36.177  20.283 0.0000000000
91236  -54.188  39.958  20.355 0.0000000000
90311  -53.598  38.922  20.307 0.0000000000
90312  -54.206  38.943  20.109 0.0000000000
88940  -53.836  35.348  19.801 0.0000000000
89405  -53.337  36.499  19.612 0.0000000000
88924  -52.853  35.030  20.613 0.0000000000
88424  -53.257  34.516  20.694 0.0000000000
88412  -52.777  34.463  21.166 0.0000000000
88413  -53.298  34.180  20.830 0.0000000000
87278  -54.411  32.862  19.977 0.0000000000
87277  -53.423  32.716  20.400 0.0000000000
87276  -52.383  32.664  20.472 0.0000000000
87291  -53.087  31.915  19.958 0.0000000000
86146  -54.663  29.703  17.475 0.0000000000
86145  -53.286  29.753  18.471 0.0000000000
85639  -53.477  28.985  17.448 0.0000000000
85106  -52.031  27.258  17.078 0.0000000000
85649  -53.799  28.791  16.647 0.0000000000
87907  -55.199  33.384  17.044 0.0000000000
82383  -48.150  22.930  32.794 0.0000000000
81835  -49.212  22.569  32.449 0.0000000000
81849  -49.872  22.267  32.226 0.0000000000
81234  -50.181  21.692  32.079 0.0000000000
81850  -50.577  22.498  32.176 0.0000000000
82388  -52.993  24.085  32.902 0.0000000000
82399  -52.389  23.595  32.524 0.0000000000
81852  -52.676  23.004  32.316 0.0000000000
81237  -52.950  21.795  32.120 0.0000000000
81853  -53.817  22.621  32.430 0.0000000000
81841  -55.328  23.628  32.565 0.0000000000
81854  -54.939  22.588  32.443 0.0000000000
81239  -55.507  21.437  32.475 0.0000000000
85479  -46.860  29.552  30.419 0.0000000000
84983  -47.077  28.169  30.502 0.0000000000
88842  -48.204  35.336  26.401 0.0000000000
88841  -47.668  35.217  26.291 0.0000000000
88360  -48.571  35.125  27.037 0.0000000000
87778  -48.789  33.945  28.810 0.0000000000
88337  -48.359  34.418  28.164 0.0000000000
87766  -48.073  33.221  29.273 0.0000000000
87183  -51.472  32.460  29.339 0.0000000000
85494  -50.514  30.250  29.253 0.0000000000
86006  -48.278  30.590  29.658 0.0000000000
84996  -49.848  28.011  29.324 0.0000000000
84552  -49.433  27.333  29.598 0.0000000000
84551  -48.632  27.415  29.855 0.0000000000
84054  -49.785  26.368  29.931 0.0000000000
84055  -51.025  26.396  29.320 0.0000000000
83543  -52.580  25.437  29.729 0.0000000000
82972  -53.214  25.457  30.555 0.0000000000
83544  -53.683  25.488  30.181 0.0000000000
84074  -54.295  26.729  27.708 0.0000000000
84065  -54.038  26.315  28.250 0.0000000000
83562  -54.482  26.036  28.212 0.0000000000
83546  -55.737  25.343  29.731 0.0000000000
83532  -55.784  25.738  30.943 0.0000000000
82948  -56.253  25.660  31.623 0.0000000000
82949  -56.385  25.295  31.959 0.0000000000
82410  -56.460  24.822  31.189 0.0000000000
81872  -56.515  22.771  30.176 0.0000000000
81865  -56.403  22.998  31.333 0.0000000000
81866  -56.472  22.091  30.997 0.0000000000
81241  -56.367  21.698  31.455 0.0000000000
81249  -56.757  21.210  31.093 0.0000000000
80590  -57.270  20.266  30.895 0.0000000000
80616  -56.971  20.241  28.107 0.0000000000
80628  -56.692  20.422  27.624 0.0000000000
81292  -55.583  21.627  26.124 0.0000000000
81293  -56.070  21.293  26.482 0.0000000000
81284  -56.085  20.725  27.178 0.0000000000
81267  -55.154  20.812  27.759 0.0000000000
81281  -53.223  22.128  27.402 0.0000000000
81881  -52.004  21.967  28.108 0.0000000000
81264  -51.523  21.403  28.366 0.0000000000
81880  -51.377  22.102  27.995 0.0000000000
85047  -54.244  28.524  24.138 0.0000000000
85048  -55.433  28.670  24.093 0.0000000000
84102  -52.173  25.534  22.806 0.0000000000
84104  -53.607  26.122  22.637 0.0000000000
83591  -52.639  25.212  22.504 0.0000000000
83028  -52.938  24.403  22.571 0.0000000000
83027  -51.865  24.436  22.601 0.0000000000
83582  -49.727  25.218  23.964 0.0000000000
82479  -50.212  23.527  23.305 0.0000000000
82467  -51.311  23.661  24.248 0.0000000000
82452  -52.138  23.556  25.602 0.0000000000
82451  -50.890  23.302  25.559 0.0000000000
82437  -49.556  22.764  26.688 0.0000000000
82438  -50.525  22.937  26.650 0.0000000000
81280  -49.992  21.747  27.895 0.0000000000
79383  -55.961  18.851  33.476 0.0000000000
79392  -57.006  18.182  31.569 0.0000000000
87852  -51.355  33.503  21.902 0.0000000000
87838  -50.095  33.460  22.798 0.0000000000
88848  -45.224  35.770  25.591 0.0000000000
88368  -45.772  35.349  25.900 0.0000000000
88358  -46.562  34.819  26.637 0.0000000000
87187  -55.454  33.053  28.653 0.0000000000
86593  -54.738  32.374  29.152 0.0000000000
86595  -55.957  32.161  28.297 0.0000000000
86033  -56.159  31.090  27.852 0.0000000000
85528  -55.844  29.604  27.299 0.0000000000
85549  -56.248  29.112  26.504 0.0000000000
85039  -55.906  27.920  25.400 0.0000000000
84586  -55.635  27.299  25.019 0.0000000000
84097  -54.881  26.495  23.265 0.0000000000
88890  -50.167  35.777  23.008 0.0000000000
87789  -52.310  34.171  27.542 0.0000000000
86030  -52.252  31.581  26.991 0.0000000000
86052  -51.533  31.186  26.666 0.0000000000
78769  -51.212  16.474  34.806 0.0000000000
79378  -50.479  18.683  33.337 0.0000000000
79381  -53.656  18.811  33.392 0.0000000000
79954  -52.965  19.508  32.837 0.0000000000
80565  -53.518  20.278  32.635 0.0000000000
90255  -41.197  37.815  28.568 0.0000000000
90729  -45.601  39.486  27.824 0.0000000000
90735  -43.784  39.336  27.247 0.0000000000
90736  -44.602  39.559  26.943 0.0000000000
90743  -44.518  39.449  25.759 0.0000000000
90278  -44.290  38.304  24.958 0.0000000000
90750  -44.856  39.189  25.127 0.0000000000
90751  -45.443  39.266  24.725 0.0000000000
90759  -45.837  39.075  24.117 0.0000000000
91652  -51.453  41.184  23.378 0.0000000000
91203  -49.644  40.035  22.452 0.0000000000
91213  -49.842  39.778  21.810 0.0000000000
90784  -49.711  39.091  21.125 0.0000000000
90302  -49.304  38.739  21.143 0.0000000000
90785  -50.364  39.159  20.975 0.0000000000
90308  -50.691  38.523  20.540 0.0000000000
89868  -51.664  37.984  20.054 0.0000000000
90321  -54.417  38.475  19.440 0.0000000000
89875  -54.840  37.491  19.014 0.0000000000
88438  -54.759  34.721  19.640 0.0000000000
88425  -53.944  34.325  20.257 0.0000000000
88426  -54.884  34.083  19.766 0.0000000000
87279  -54.969  33.053  19.622 0.0000000000
86696  -53.734  31.279  19.275 0.0000000000
86697  -54.666  31.430  18.892 0.0000000000
86706  -55.412  30.975  17.995 0.0000000000
86147  -55.296  30.393  17.288 0.0000000000
83998  -50.715  27.336  34.369 0.0000000000
83477  -49.273  26.226  34.547 0.0000000000
83488  -48.510  25.379  34.091 0.0000000000
82385  -49.835  23.810  32.949 0.0000000000
82386  -50.868  24.079  32.918 0.0000000000
83498  -52.716  26.495  33.932 0.0000000000
82928  -53.259  25.937  34.214 0.0000000000
82936  -53.619  25.277  33.752 0.0000000000
82391  -55.865  24.433  32.482 0.0000000000
86003  -47.007  30.525  30.384 0.0000000000
85480  -47.273  30.047  30.198 0.0000000000
88350  -48.933  34.885  27.637 0.0000000000
87779  -50.012  34.074  28.845 0.0000000000
86014  -51.901  30.905  29.189 0.0000000000
85493  -49.881  29.638  29.270 0.0000000000
85508  -50.294  29.100  29.110 0.0000000000
85006  -50.515  28.411  29.080 0.0000000000
84062  -51.457  26.983  28.887 0.0000000000
84063  -52.084  26.533  28.790 0.0000000000
82409  -56.478  24.088  30.786 0.0000000000
81882  -56.584  22.908  29.326 0.0000000000
81883  -56.833  21.991  28.908 0.0000000000
81899  -57.205  21.534  27.493 0.0000000000
81922  -55.285  22.583  25.139 0.0000000000
81910  -54.978  22.150  25.692 0.0000000000
81898  -54.527  21.972  26.583 0.0000000000
81897  -53.784  22.538  26.626 0.0000000000
82440  -52.721  23.117  26.493 0.0000000000
85046  -52.989  27.899  24.220 0.0000000000
84592  -53.665  27.230  23.617 0.0000000000
84591  -52.569  27.041  23.827 0.0000000000
84094  -51.886  26.065  23.301 0.0000000000
83014  -48.440  23.699  24.203 0.0000000000
82436  -48.722  22.656  26.649 0.0000000000
81892  -48.124  22.269  27.091 0.0000000000
81891  -47.225  22.122  26.647 0.0000000000
78041  -55.409  16.347  34.256 0.0000000000
88893  -52.046  35.057  22.129 0.0000000000
88878  -51.427  35.314  23.450 0.0000000000
88389  -51.703  34.908  23.306 0.0000000000
87826  -51.506  34.370  23.210 0.0000000000
87218  -50.740  32.817  25.960 0.0000000000
87823  -48.807  33.097  23.665 0.0000000000
79365  -49.319  17.740  34.402 0.0000000000
79948  -49.309  19.366  33.233 0.0000000000
90730  -46.311  39.794  27.503 0.0000000000
91170  -46.835  39.982  26.795 0.0000000000
91171  -47.771  40.563  26.370 0.0000000000
91234  -52.840  40.187  21.263 0.0000000000
90806  -54.328  39.869  19.482 0.0000000000
90827  -54.564  39.129  18.960 0.0000000000
90357  -54.691  38.459  18.210 0.0000000000
89884  -55.574  36.792  17.874 0.0000000000
88973  -55.936  35.378  17.623 0.0000000000
89431  -55.191  36.282  17.458 0.0000000000
89430  -54.490  36.696  17.387 0.0000000000
83497  -52.206  26.772  34.018 0.0000000000
83499  -53.371  26.608  33.466 0.0000000000
83514  -53.765  26.510  32.585 0.0000000000
86591  -52.694  32.172  29.189 0.0000000000
86015  -52.914  31.051  29.072 0.0000000000
85511  -53.077  29.944  28.746 0.0000000000
85009  -53.222  29.280  28.411 0.0000000000
85017  -52.978  28.124  28.137 0.0000000000
84569  -53.329  27.626  27.970 0.0000000000
84075  -54.987  26.551  26.886 0.0000000000
82990  -56.174  24.118  26.630 0.0000000000
82997  -55.862  24.044  25.443 0.0000000000
83008  -55.581  24.163  24.422 0.0000000000
82483  -55.370  23.741  24.028 0.0000000000
82488  -54.567  23.713  23.457 0.0000000000
83019  -53.972  23.735  23.507 0.0000000000
84088  -50.375  26.779  24.315 0.0000000000
84087  -49.877  26.346  24.427 0.0000000000
83577  -49.246  25.418  24.609 0.0000000000
83003  -48.724  24.560  24.393 0.0000000000
83013  -47.783  23.413  24.278 0.0000000000
81928  -47.156  22.810  24.465 0.0000000000
88851  -48.645  35.661  25.788 0.0000000000
88843  -49.557  35.536  26.778 0.0000000000
88833  -50.004  35.482  27.175 0.0000000000
88340  -51.699  34.831  28.491 0.0000000000
87194  -55.142  33.190  27.350 0.0000000000
86637  -56.428  31.827  25.527 0.0000000000
86077  -56.209  31.083  25.053 0.0000000000
85579  -56.077  29.911  24.337 0.0000000000
85568  -55.538  30.297  24.636 0.0000000000
85567  -54.759  30.054  24.798 0.0000000000
85577  -54.384  29.401  24.545 0.0000000000
86054  -53.765  30.764  26.117 0.0000000000
85566  -53.737  29.717  25.204 0.0000000000
85037  -53.223  28.782  24.732 0.0000000000
85036  -51.922  28.203  24.802 0.0000000000
85035  -50.661  28.406  25.058 0.0000000000
87201  -50.491  32.306  26.074 0.0000000000
86051  -50.288  30.803  25.956 0.0000000000
86050  -49.879  30.968  25.730 0.0000000000
86074  -50.024  30.295  25.576 0.0000000000
78775  -51.585  17.239  34.243 0.0000000000
78039  -53.690  16.419  34.680 0.0000000000
78040  -54.483  16.529  34.555 0.0000000000
79375  -55.493  18.138  33.927 0.0000000000
79382  -54.893  18.869  33.509 0.0000000000
90256  -41.787  38.271  28.033 0.0000000000
90741  -43.116  39.019  26.619 0.0000000000
90260  -42.079  38.043  27.148 0.0000000000
89818  -41.697  37.429  27.254 0.0000000000
89349  -41.997  36.687  26.851 0.0000000000
88837  -42.360  35.955  26.779 0.0000000000
88838  -43.248  35.690  26.528 0.0000000000
88846  -43.687  36.055  26.068 0.0000000000
88847  -44.304  36.047  25.801 0.0000000000
89833  -44.187  37.569  25.035 0.0000000000
89834  -44.634  37.191  24.774 0.0000000000
89355  -44.685  36.626  25.061 0.0000000000
89356  -45.258  36.211  24.948 0.0000000000
89359  -45.630  36.643  24.344 0.0000000000
91179  -48.166  40.708  25.225 0.0000000000
91186  -47.289  39.972  24.692 0.0000000000
90753  -47.039  39.720  24.063 0.0000000000
90760  -46.457  39.229  23.661 0.0000000000
90762  -47.927  39.642  23.060 0.0000000000
90767  -46.863  39.043  23.059 0.0000000000
90289  -46.497  38.439  23.237 0.0000000000
89846  -46.826  37.674  23.046 0.0000000000
89363  -46.851  36.663  23.463 0.0000000000
89370  -47.739  36.900  22.713 0.0000000000
89371  -48.948  36.350  22.405 0.0000000000
89865  -49.504  37.748  20.890 0.0000000000
89380  -49.057  36.750  21.703 0.0000000000
89372  -49.786  35.982  22.252 0.0000000000
88908  -50.949  35.725  21.942 0.0000000000
88909  -51.717  35.408  21.733 0.0000000000
90788  -53.326  39.629  20.685 0.0000000000
90310  -52.703  38.891  20.331 0.0000000000
89872  -52.062  37.630  19.841 0.0000000000
90320  -53.784  38.282  19.843 0.0000000000
89873  -53.023  37.457  19.645 0.0000000000
89404  -52.046  36.599  19.841 0.0000000000
88938  -51.985  35.998  20.139 0.0000000000
88923  -51.851  35.628  20.691 0.0000000000
88400  -52.240  34.624  21.824 0.0000000000
87854  -52.661  34.065  21.424 0.0000000000
87867  -53.504  33.644  20.657 0.0000000000
87275  -51.323  32.624  20.431 0.0000000000
86704  -53.388  30.641  18.963 0.0000000000
86144  -51.992  29.395  18.571 0.0000000000
88476  -55.945  34.309  17.221 0.0000000000
87317  -55.506  32.365  17.052 0.0000000000
86721  -55.365  31.117  16.913 0.0000000000
81224  -48.490  21.594  32.537 0.0000000000
80575  -50.510  21.346  31.969 0.0000000000
80576  -51.061  21.158  31.854 0.0000000000
82387  -51.890  24.028  32.751 0.0000000000
81837  -50.977  23.315  32.394 0.0000000000
81851  -51.532  22.852  32.163 0.0000000000
80577  -52.091  20.998  31.887 0.0000000000
80579  -53.885  20.806  32.519 0.0000000000
81227  -55.344  20.962  32.860 0.0000000000
84982  -46.461  28.497  30.827 0.0000000000
84541  -47.513  27.596  30.458 0.0000000000
84542  -48.094  27.165  30.299 0.0000000000
88850  -47.294  35.304  25.820 0.0000000000
88348  -47.060  34.536  27.293 0.0000000000
87788  -47.514  34.342  27.919 0.0000000000
87769  -51.367  33.769  29.295 0.0000000000
87179  -49.693  32.669  29.538 0.0000000000
86588  -50.899  31.803  29.295 0.0000000000
86585  -47.690  31.550  29.918 0.0000000000
86005  -47.526  30.560  30.052 0.0000000000
84994  -48.253  28.498  29.752 0.0000000000
84045  -49.557  26.098  30.570 0.0000000000
83542  -51.703  25.469  29.846 0.0000000000
82957  -52.264  25.375  30.649 0.0000000000
82958  -53.006  25.593  31.114 0.0000000000
83515  -54.800  26.464  32.394 0.0000000000
83531  -54.967  25.926  31.240 0.0000000000
83502  -56.074  25.961  32.715 0.0000000000
81240  -56.235  21.412  31.969 0.0000000000
81248  -56.647  20.908  31.735 0.0000000000
80581  -56.757  20.448  32.126 0.0000000000
80582  -57.194  20.005  31.600 0.0000000000
79976  -57.439  19.400  30.239 0.0000000000
79989  -57.316  19.308  29.658 0.0000000000
80601  -56.583  19.678  28.674 0.0000000000
82442  -56.879  22.197  26.794 0.0000000000
81912  -56.674  21.475  26.650 0.0000000000
81911  -56.014  22.041  25.859 0.0000000000
80627  -56.512  20.511  27.457 0.0000000000
80599  -54.544  19.866  28.974 0.0000000000
80613  -54.276  20.532  28.542 0.0000000000
84096  -53.644  26.626  23.148 0.0000000000
84598  -54.395  26.515  23.006 0.0000000000
84105  -54.416  25.840  22.720 0.0000000000
83018  -53.141  23.909  23.086 0.0000000000
83006  -53.385  23.791  23.880 0.0000000000
84093  -50.709  26.167  23.852 0.0000000000
82487  -51.317  23.952  22.590 0.0000000000
83005  -52.300  23.861  23.533 0.0000000000
81895  -51.129  22.606  27.439 0.0000000000
81268  -55.699  20.488  27.719 0.0000000000
81834  -48.270  22.423  32.637 0.0000000000
81838  -53.057  23.505  32.582 0.0000000000
81929  -47.485  22.664  24.637 0.0000000000
82392  -56.303  24.782  32.116 0.0000000000
82401  -56.445  24.719  31.595 0.0000000000
82482  -55.064  23.471  23.906 0.0000000000
82486  -50.744  23.823  22.659 0.0000000000
82489  -54.874  23.893  23.281 0.0000000000
82930  -54.186  26.123  33.984 0.0000000000
82932  -50.111  24.398  33.413 0.0000000000
82939  -56.147  25.361  32.479 0.0000000000
82959  -53.436  25.560  30.791 0.0000000000
82961  -56.413  25.166  31.456 0.0000000000
82971  -52.819  25.371  30.337 0.0000000000
83004  -49.300  24.801  24.130 0.0000000000
83007  -53.951  23.575  24.008 0.0000000000
83026  -50.992  24.316  22.510 0.0000000000
83030  -54.889  24.331  23.148 0.0000000000
83031  -55.148  24.325  23.398 0.0000000000
83492  -53.197  26.319  34.153 0.0000000000
83493  -53.537  26.247  34.146 0.0000000000
83494  -54.159  26.139  34.075 0.0000000000
83517  -56.254  25.807  32.234 0.0000000000
83525  -49.328  26.282  31.287 0.0000000000
83529  -53.269  26.175  31.858 0.0000000000
83552  -52.161  25.779  29.261 0.0000000000
84007  -53.290  26.472  34.012 0.0000000000
84008  -53.676  26.393  33.963 0.0000000000
84009  -54.000  26.376  33.811 0.0000000000
84018  -53.546  26.490  33.787 0.0000000000
84103  -52.655  25.903  22.788 0.0000000000
84585  -55.586  27.552  25.644 0.0000000000
84597  -54.072  26.767  23.144 0.0000000000
85028  -56.560  29.067  25.911 0.0000000000
85029  -56.813  29.623  25.939 0.0000000000
85096  -51.767  27.741  17.554 0.0000000000
85107  -52.396  27.590  16.650 0.0000000000
85529  -56.635  30.433  26.976 0.0000000000
85545  -50.301  30.201  25.679 0.0000000000
85551  -56.954  30.331  26.021 0.0000000000
85569  -56.863  30.148  25.099 0.0000000000
85647  -52.187  27.962  17.518 0.0000000000
85648  -52.782  28.105  17.012 0.0000000000
85656  -52.678  28.033  16.193 0.0000000000
86008  -50.259  30.831  29.330 0.0000000000
86017  -54.944  31.472  28.795 0.0000000000
86029  -51.947  31.618  26.986 0.0000000000
86034  -56.691  31.310  27.088 0.0000000000
86057  -56.890  31.338  26.328 0.0000000000
86076  -55.237  30.783  25.179 0.0000000000
86085  -56.450  30.370  24.642 0.0000000000
86086  -56.616  30.511  24.901 0.0000000000
86135  -52.279  30.300  19.097 0.0000000000
86136  -52.923  30.445  19.042 0.0000000000
86594  -55.484  32.297  28.834 0.0000000000
86603  -54.699  32.473  26.869 0.0000000000
86604  -56.363  32.023  27.582 0.0000000000
86605  -56.675  32.037  26.883 0.0000000000
86619  -55.191  32.201  26.379 0.0000000000
86620  -56.028  32.251  25.807 0.0000000000
86621  -56.664  32.101  26.040 0.0000000000
86638  -56.562  31.601  25.465 0.0000000000
86707  -55.783  31.616  17.602 0.0000000000
86722  -55.772  31.974  17.316 0.0000000000
87188  -55.809  32.677  28.522 0.0000000000
87195  -56.071  32.771  27.760 0.0000000000
87205  -56.087  32.736  26.730 0.0000000000
87206  -56.444  32.524  26.945 0.0000000000
87216  -49.099  32.074  25.025 0.0000000000
87303  -55.894  31.752  18.109 0.0000000000
87304  -56.095  32.402  17.843 0.0000000000
87908  -55.856  33.046  17.371 0.0000000000
88439  -55.645  34.405  19.242 0.0000000000
88440  -56.244  34.460  18.504 0.0000000000
88958  -55.731  36.081  18.576 0.0000000000
88959  -56.056  35.522  18.292 0.0000000000
89339  -40.272  36.412  28.528 0.0000000000
89391  -50.086  36.857  20.813 0.0000000000
89420  -55.812  36.149  17.821 0.0000000000
89432  -55.615  35.967  17.587 0.0000000000
89809  -40.058  36.702  28.860 0.0000000000
89837  -44.461  38.012  24.718 0.0000000000
89852  -47.387  37.678  22.587 0.0000000000
89860  -48.960  37.432  21.342 0.0000000000
89861  -49.638  37.152  20.935 0.0000000000
89871  -51.541  37.613  20.056 0.0000000000
89874  -54.073  37.467  19.497 0.0000000000
89883  -55.183  37.349  18.301 0.0000000000
89892  -55.502  36.505  17.681 0.0000000000
90270  -44.399  38.844  25.128 0.0000000000
90294  -47.060  38.420  22.770 0.0000000000
90306  -49.202  38.173  21.041 0.0000000000
90309  -51.688  38.659  20.324 0.0000000000
90318  -52.176  38.296  20.052 0.0000000000
90761  -47.324  39.584  23.404 0.0000000000
90775  -48.475  39.151  21.852 0.0000000000
90776  -49.273  39.379  21.594 0.0000000000
90777  -50.044  39.570  21.408 0.0000000000
90789  -54.032  39.602  20.416 0.0000000000
90839  -54.396  39.200  17.959 0.0000000000
91662  -51.717  41.066  22.966 0.0000000000
