#!ascii label  , from subject sub-01 vox2ras=TkReg
2278
76309  -54.612  14.051  33.300 0.6999999881
75478  -55.123  13.750  32.558 0.6999999881
75485  -55.493  13.144  31.557 0.6999999881
76301  -55.413  14.794  33.992 0.6999999881
77187  -56.104  15.184  32.922 0.6999999881
77174  -55.234  15.062  34.340 0.6000000238
76310  -55.564  14.393  33.224 0.6999999881
76318  -56.068  14.231  32.172 0.6999999881
76300  -54.716  14.622  34.100 0.6000000238
75479  -55.764  13.764  32.152 0.8000000119
76299  -53.806  14.315  33.893 0.5000000000
74660  -56.148  12.793  31.128 0.8000000119
74718  -52.517  12.368  25.270 0.8999999762
73947  -52.785  11.676  25.841 0.8999999762
99805  -48.353  14.673  19.282 0.8000000119
77175  -55.767  15.330  33.944 0.6999999881
76326  -56.273  14.074  31.260 0.6999999881
74659  -55.917  12.577  30.917 0.6999999881
75486  -56.218  13.337  31.304 0.8000000119
75493  -56.625  13.160  30.421 0.8000000119
74667  -56.427  12.704  30.462 0.6999999881
74668  -56.653  12.797  30.113 0.8000000119
74673  -56.290  12.551  29.524 0.6999999881
74674  -56.576  12.763  29.691 0.8000000119
74686  -56.082  12.275  28.509 0.6999999881
75521  -56.526  12.560  28.096 0.8000000119
74709  -55.651  11.997  26.771 0.6999999881
74710  -56.580  12.443  26.718 0.8000000119
74721  -56.085  12.588  26.154 0.8999999762
74734  -54.302  12.483  25.159 0.8999999762
74735  -54.642  12.695  25.059 0.8999999762
74719  -53.723  12.180  25.452 0.8999999762
75553  -53.979  12.504  25.035 0.8999999762
75568  -54.201  13.021  24.611 0.8999999762
75552  -53.539  12.682  25.067 0.8999999762
73944  -50.156  11.234  25.613 0.8999999762
74717  -51.359  11.917  25.237 0.8999999762
74715  -49.979  11.759  25.313 0.8000000119
72461  -47.266  9.561  26.065 0.8000000119
73193  -46.853  10.201  25.244 0.8000000119
73955  -46.973  11.268  24.421 0.8999999762
73964  -46.679  11.330  23.523 0.8000000119
73971  -46.568  11.473  22.539 0.8000000119
75592  -47.105  13.084  22.076 0.8000000119
77350  -48.992  15.530  19.152 0.8000000119
78194  -48.840  15.812  18.493 0.8000000119
78050  -56.090  16.281  33.469 0.5000000000
77196  -55.967  14.925  32.004 0.6000000238
75501  -56.540  13.197  29.438 0.6999999881
75502  -56.436  12.760  29.022 0.8000000119
75537  -56.797  12.630  27.238 0.8999999762
74722  -56.587  12.794  26.359 1.0000000000
75570  -55.465  13.631  24.906 1.0000000000
75554  -55.671  12.931  25.428 0.8999999762
75569  -55.052  13.178  24.778 0.8999999762
75584  -53.866  13.756  23.625 0.8999999762
74731  -50.753  12.523  24.767 0.8999999762
74732  -51.672  12.741  24.792 0.8999999762
75567  -53.058  13.299  24.592 0.8999999762
73942  -48.418  10.982  25.385 0.8000000119
73943  -49.371  11.066  25.539 0.8000000119
74716  -50.494  11.787  25.268 0.8999999762
75565  -51.175  13.240  24.189 1.0000000000
73957  -48.868  11.687  24.985 0.8000000119
75564  -50.210  13.143  24.189 0.8000000119
73941  -47.505  10.919  25.186 0.8000000119
73956  -47.860  11.604  24.701 0.8000000119
74730  -49.684  12.300  24.805 0.8999999762
74729  -48.431  12.477  24.136 0.8999999762
74728  -47.372  12.060  23.955 0.8000000119
75578  -48.040  13.207  23.025 0.8999999762
75594  -48.627  13.695  22.592 0.8000000119
76430  -49.228  14.705  20.952 0.8000000119
77332  -50.134  15.089  20.399 0.8999999762
74727  -46.916  11.761  23.757 0.8000000119
75593  -47.788  13.586  22.231 0.8000000119
76416  -48.460  14.160  21.740 0.8000000119
77343  -49.492  15.231  19.973 0.8000000119
76415  -47.874  13.996  21.572 0.8000000119
76438  -48.824  14.807  20.395 0.8000000119
78195  -49.513  16.302  18.491 0.8000000119
74747  -42.707  12.552  22.805 0.1000000015
78203  -49.652  16.788  17.798 0.6999999881
75590  -42.788  13.612  22.548 0.1000000015
75591  -43.298  13.646  21.996 0.2000000030
75600  -44.205  13.709  20.751 0.2000000030
78884  -48.329  17.017  17.227 0.6999999881
78209  -48.900  16.482  17.493 0.8000000119
76437  -44.353  14.722  20.533 0.4000000060
77341  -45.351  15.737  19.418 0.5000000000
76339  -56.128  14.075  30.200 0.6999999881
75520  -56.599  13.104  28.063 0.6999999881
75536  -56.804  13.264  26.812 0.8000000119
76358  -55.107  14.939  28.791 0.6999999881
76370  -55.255  14.706  27.785 0.6999999881
75544  -56.626  13.122  26.276 1.0000000000
75555  -56.179  13.193  25.839 1.0000000000
75586  -55.302  13.867  24.014 0.8999999762
75585  -54.789  13.778  23.762 0.8999999762
76408  -54.536  14.377  22.839 1.0000000000
75582  -51.743  13.784  23.458 1.0000000000
76406  -52.458  14.393  22.647 1.0000000000
75563  -49.335  13.020  24.047 0.8999999762
76404  -50.291  14.103  22.783 1.0000000000
76418  -50.808  14.584  21.903 1.0000000000
75580  -49.748  13.558  23.388 0.8999999762
76417  -49.565  14.248  22.141 1.0000000000
74743  -48.198  12.923  23.521 0.8999999762
77344  -50.552  15.675  19.759 0.8000000119
74739  -41.527  12.571  23.825 0.1000000015
78204  -50.203  16.882  18.174 0.8000000119
77352  -50.940  16.329  19.179 0.8000000119
75575  -41.611  13.623  23.480 0.1000000015
74740  -42.189  12.573  23.397 0.1000000015
76402  -42.235  15.075  22.767 0.1000000015
76413  -42.347  14.423  22.767 0.1000000015
75576  -42.259  13.633  23.067 0.1000000015
78875  -48.613  17.801  17.937 0.6999999881
76426  -43.445  14.620  21.729 0.2000000030
76427  -43.882  14.667  21.192 0.3000000119
78874  -47.549  17.231  17.672 0.6999999881
78193  -46.214  16.192  18.599 0.6000000238
78873  -46.936  16.354  17.627 0.6000000238
78059  -56.261  16.120  32.285 0.6000000238
77208  -55.915  15.187  31.152 0.6999999881
76359  -55.867  13.955  28.732 0.6999999881
77247  -54.534  15.507  28.885 0.6999999881
76371  -56.140  13.984  27.275 0.6999999881
76380  -56.056  13.801  26.070 0.8000000119
77259  -54.565  15.336  28.175 0.6999999881
78102  -52.625  16.697  28.429 0.6999999881
78103  -53.311  16.244  28.661 0.6999999881
77258  -53.888  15.607  27.706 0.6999999881
77273  -54.544  15.177  27.350 0.8000000119
76379  -54.965  14.690  26.484 0.8000000119
76388  -55.587  13.997  24.996 1.0000000000
78101  -52.111  17.116  28.247 0.8000000119
77257  -53.126  15.992  27.338 0.8000000119
77272  -53.936  15.438  26.619 0.8000000119
76378  -54.174  15.082  25.999 0.8000000119
76396  -55.401  14.390  23.997 1.0000000000
77312  -55.457  15.071  23.331 1.0000000000
78830  -51.203  18.122  27.332 0.8000000119
78112  -51.926  17.221  27.672 0.8000000119
78113  -52.391  16.653  26.961 0.8000000119
77271  -53.053  16.046  26.147 0.8000000119
77286  -53.916  15.633  25.273 0.8000000119
76423  -55.300  14.960  22.484 1.0000000000
78829  -50.734  18.419  27.092 0.8000000119
78121  -51.630  17.400  26.448 0.8000000119
77285  -53.057  16.304  25.054 0.8000000119
78838  -50.444  18.315  26.573 0.8000000119
78839  -51.084  17.932  26.367 0.8000000119
78122  -52.318  16.783  25.757 0.8000000119
76421  -54.281  14.856  21.959 1.0000000000
76422  -55.001  14.864  22.261 1.0000000000
79440  -49.884  18.573  26.799 0.8000000119
78846  -51.217  17.668  25.931 0.8000000119
78130  -51.373  17.376  25.215 0.8000000119
76419  -52.097  14.967  21.589 1.0000000000
76420  -53.284  14.942  21.837 1.0000000000
79439  -49.036  18.543  26.648 0.6000000238
78845  -50.718  17.826  25.776 0.6999999881
78139  -51.696  17.112  23.923 0.6999999881
76433  -51.894  15.445  20.949 1.0000000000
77335  -52.531  15.951  20.758 1.0000000000
78836  -48.545  18.157  26.109 0.6000000238
78837  -49.453  18.245  26.197 0.6000000238
78844  -49.845  17.919  25.671 0.6999999881
78138  -50.556  17.364  24.164 0.6999999881
76405  -51.331  14.289  22.672 1.0000000000
78129  -50.215  17.556  25.033 0.6999999881
78149  -50.849  17.385  23.034 0.6000000238
76432  -51.306  15.090  21.019 1.0000000000
77345  -51.421  16.146  19.629 0.8999999762
78843  -48.922  17.813  25.631 0.6999999881
78128  -49.237  17.455  25.078 0.6999999881
78137  -49.490  17.244  24.317 0.6000000238
78162  -49.930  17.280  22.162 0.6000000238
78176  -50.258  17.438  20.970 0.6999999881
78860  -50.449  17.541  20.350 0.6999999881
76431  -50.339  14.796  21.109 0.8999999762
77333  -50.971  15.279  20.293 0.8999999762
78188  -51.377  16.599  19.019 0.8999999762
78842  -48.127  17.719  25.679 0.5000000000
78127  -48.339  17.317  25.215 0.5000000000
78148  -49.702  17.175  23.330 0.6000000238
78186  -49.451  17.487  20.160 0.6999999881
78136  -48.572  16.995  24.556 0.6000000238
78147  -48.678  16.840  23.636 0.6000000238
78161  -48.719  16.847  22.458 0.5000000000
78175  -48.952  17.100  21.178 0.6000000238
77351  -50.042  16.129  19.246 0.8000000119
78146  -47.806  16.546  24.062 0.6000000238
78174  -47.224  16.712  21.368 0.6000000238
78876  -49.768  17.632  18.396 0.8000000119
78196  -50.759  16.803  18.533 0.8000000119
78189  -51.909  16.834  19.124 0.8000000119
78867  -48.981  17.809  19.060 0.6999999881
78185  -48.060  17.427  19.979 0.6000000238
78865  -46.788  17.203  18.362 0.6000000238
77317  -43.588  16.112  21.905 0.3000000119
77316  -43.280  15.453  21.863 0.3000000119
77328  -43.580  15.220  21.468 0.3000000119
77329  -43.830  15.711  21.073 0.3000000119
77340  -44.583  15.716  20.235 0.4000000060
78192  -45.637  16.660  19.417 0.6000000238
78781  -56.425  17.307  33.084 0.5000000000
78779  -55.867  17.290  33.850 0.5000000000
77207  -55.463  15.760  30.425 0.6999999881
77228  -55.620  15.028  30.241 0.6999999881
77227  -54.940  15.561  29.596 0.6000000238
76338  -55.528  14.663  29.550 0.6999999881
78074  -53.991  16.714  29.720 0.6000000238
78093  -54.358  16.143  29.531 0.6999999881
76395  -55.293  14.713  24.312 0.8000000119
78091  -52.933  16.780  29.105 0.6999999881
78092  -53.588  16.534  29.323 0.6999999881
77246  -53.885  15.838  28.612 0.6999999881
76387  -55.013  14.598  25.135 0.8000000119
77302  -55.402  14.990  23.855 1.0000000000
76386  -54.411  14.969  25.550 0.8000000119
77311  -55.171  15.601  22.837 1.0000000000
77324  -55.089  15.369  22.277 1.0000000000
77300  -53.750  16.380  24.252 0.8000000119
78166  -54.478  16.027  21.729 0.8999999762
77322  -53.967  15.633  21.314 1.0000000000
78131  -52.409  16.805  24.683 0.6999999881
77299  -53.068  16.539  24.402 0.6999999881
78165  -53.544  16.553  21.339 0.8999999762
77336  -53.312  16.108  21.065 1.0000000000
78140  -52.966  16.746  23.627 0.6999999881
78151  -53.380  16.936  22.339 0.8000000119
77321  -53.056  15.587  21.341 1.0000000000
78150  -52.077  17.081  22.658 0.6999999881
78164  -52.401  17.161  21.335 0.6999999881
78163  -51.150  17.453  21.714 0.6999999881
77346  -52.103  16.371  19.967 1.0000000000
78835  -47.537  17.945  26.224 0.5000000000
79438  -48.249  18.522  26.540 0.6000000238
78855  -51.154  17.525  21.127 0.8000000119
78861  -51.033  17.566  20.513 0.8000000119
78120  -46.917  17.248  26.081 0.5000000000
78126  -47.436  17.055  25.583 0.5000000000
78125  -46.727  16.797  25.854 0.5000000000
77284  -47.261  16.580  25.138 0.5000000000
78135  -47.787  16.757  24.887 0.5000000000
78160  -47.673  16.417  22.939 0.5000000000
78877  -50.879  17.281  18.802 0.8000000119
78197  -51.432  17.077  18.813 0.8000000119
77298  -47.115  16.333  24.607 0.4000000060
77310  -46.870  16.134  23.643 0.5000000000
77320  -46.469  16.211  22.484 0.5000000000
78182  -44.409  16.313  20.724 0.3000000119
78183  -45.105  16.650  20.145 0.5000000000
78184  -46.315  17.369  19.637 0.6000000238
78157  -44.086  16.381  21.711 0.3000000119
78171  -44.157  16.335  21.303 0.3000000119
77308  -44.600  15.890  23.063 0.4000000060
77318  -44.208  16.318  22.187 0.3000000119
78158  -44.547  16.483  21.599 0.3000000119
78172  -44.748  16.639  20.997 0.3000000119
78076  -55.960  16.506  30.986 0.6000000238
78075  -54.665  16.470  29.967 0.6000000238
78818  -52.003  17.519  28.567 0.6999999881
77287  -54.507  15.236  24.943 0.8000000119
77301  -54.798  15.582  23.957 0.8999999762
78141  -54.181  16.691  23.198 0.8000000119
78153  -54.836  15.956  22.261 0.8999999762
78142  -54.744  16.189  22.843 0.8000000119
78152  -54.349  16.572  22.205 0.8999999762
78179  -53.019  16.470  20.914 0.8999999762
78178  -52.557  16.840  20.313 0.8999999762
78862  -51.931  17.391  20.314 0.8000000119
78870  -52.020  17.253  19.538 0.8999999762
77283  -46.595  16.363  25.373 0.4000000060
78827  -46.186  18.100  26.878 0.5000000000
78828  -46.899  18.282  26.686 0.4000000060
78834  -46.626  17.624  26.472 0.5000000000
77270  -46.374  16.562  25.885 0.5000000000
77297  -46.196  15.942  24.417 0.4000000060
78119  -46.283  16.907  26.270 0.5000000000
77309  -45.762  15.883  23.303 0.4000000060
77331  -45.965  16.474  21.652 0.5000000000
78173  -45.616  16.802  20.933 0.5000000000
77282  -45.542  15.879  25.244 0.4000000060
77296  -45.096  15.606  24.203 0.4000000060
77319  -45.226  16.338  22.139 0.5000000000
77330  -45.421  16.573  21.509 0.4000000060
79430  -47.582  18.868  26.889 0.5000000000
78868  -50.306  17.591  19.591 0.6999999881
78869  -51.407  17.462  19.563 0.8000000119
77342  -48.708  14.916  19.908 0.8000000119
74687  -56.387  12.603  28.720 0.8000000119
74702  -56.430  12.213  27.635 0.6999999881
74720  -54.900  12.278  25.748 0.8000000119
74733  -52.305  12.993  24.803 0.8999999762
73194  -47.976  10.155  25.851 0.8000000119
75583  -52.789  13.858  23.563 1.0000000000
75581  -50.738  13.642  23.426 1.0000000000
74742  -47.662  12.693  23.448 0.8000000119
75579  -48.783  13.253  23.398 0.8999999762
75595  -49.267  13.751  22.898 0.8999999762
78885  -49.325  17.320  17.611 0.8000000119
78891  -48.820  16.685  17.325 0.6999999881
76414  -42.875  14.708  22.373 0.2000000030
75599  -43.745  13.663  21.375 0.2000000030
75607  -44.592  13.732  20.106 0.3000000119
76407  -53.567  14.384  22.718 1.0000000000
76403  -49.702  13.929  22.832 0.8999999762
78886  -50.162  17.138  18.126 0.8000000119
77306  -42.700  15.532  22.771 0.3000000119
78187  -50.130  17.523  20.281 0.6999999881
78866  -47.664  17.675  18.721 0.6000000238
78856  -51.556  17.447  21.008 0.8000000119
68826  -51.027  4.506  19.789 0.2000000030
68832  -50.926  5.121  19.110 0.2000000030
70353  -51.083  6.696  18.750 0.2000000030
69628  -50.855  6.088  18.666 0.2000000030
69636  -50.389  6.349  18.461 0.2000000030
69635  -50.152  6.500  18.370 0.2000000030
70360  -50.607  6.992  18.529 0.2000000030
70359  -49.675  6.855  18.369 0.2000000030
68816  -52.522  4.965  20.562 0.2000000030
68815  -51.650  4.420  20.377 0.2000000030
68833  -51.610  5.214  19.478 0.2000000030
69629  -51.766  5.933  19.244 0.2000000030
69612  -53.302  5.797  20.354 0.2000000030
69611  -52.606  5.551  20.047 0.2000000030
69620  -52.223  5.673  19.674 0.2000000030
70355  -52.340  6.477  19.523 0.2000000030
70354  -51.688  7.008  19.029 0.2000000030
71790  -47.804  8.412  18.666 0.3000000119
70358  -49.004  6.877  18.541 0.3000000119
71086  -49.084  7.692  18.340 0.3000000119
68804  -54.635  5.421  21.856 0.3000000119
68818  -54.227  5.662  21.297 0.3000000119
68803  -53.839  5.000  21.733 0.3000000119
68817  -53.410  5.252  21.111 0.2000000030
71040  -44.553  7.240  22.870 0.1000000015
71057  -44.631  7.944  21.607 0.1000000015
69621  -52.877  6.253  19.973 0.2000000030
71058  -45.381  7.745  21.379 0.1000000015
71780  -46.811  8.275  19.788 0.3000000119
70346  -52.725  7.113  19.813 0.2000000030
70345  -52.291  7.366  19.536 0.2000000030
71781  -47.533  7.939  19.515 0.3000000119
71800  -47.650  9.546  17.909 0.3000000119
71081  -50.596  8.196  18.802 0.3000000119
70361  -50.965  7.536  18.820 0.3000000119
71801  -48.837  8.795  17.898 0.4000000060
71802  -49.765  8.879  18.155 0.4000000060
71088  -50.493  7.982  18.619 0.3000000119
71087  -49.753  7.913  18.344 0.3000000119
70327  -57.110  5.211  21.937 0.3000000119
68806  -56.326  4.992  22.397 0.3000000119
69603  -56.851  5.340  22.037 0.3000000119
68794  -55.773  4.391  22.653 0.3000000119
69602  -56.146  5.962  21.905 0.3000000119
68805  -55.394  5.221  22.339 0.3000000119
67973  -54.696  4.788  22.394 0.3000000119
69601  -55.395  6.483  21.545 0.3000000119
69614  -54.972  6.663  21.066 0.3000000119
69613  -54.238  6.417  20.764 0.3000000119
69600  -54.746  6.230  21.268 0.3000000119
70347  -53.514  6.828  20.444 0.2000000030
69622  -53.547  6.357  20.387 0.2000000030
70337  -53.021  7.480  20.759 0.2000000030
71065  -52.611  7.641  20.009 0.2000000030
71770  -44.553  8.641  20.757 0.2000000030
71771  -45.853  8.164  20.544 0.3000000119
71789  -46.592  9.363  18.449 0.3000000119
71075  -52.479  7.502  19.726 0.2000000030
72491  -44.998  9.575  19.543 0.3000000119
71788  -45.882  9.576  18.692 0.3000000119
71799  -46.925  9.916  17.808 0.3000000119
71074  -51.984  7.820  19.568 0.2000000030
72498  -45.424  9.970  18.770 0.3000000119
72506  -45.825  10.337  18.077 0.3000000119
72507  -46.347  10.287  17.775 0.3000000119
72509  -48.531  10.132  17.896 0.4000000060
71792  -50.015  9.118  18.676 0.4000000060
71793  -50.625  8.449  19.078 0.3000000119
71082  -51.113  7.882  18.961 0.3000000119
72510  -49.243  9.473  17.829 0.4000000060
71803  -50.232  8.521  18.641 0.3000000119
72467  -46.367  9.354  24.670 0.8000000119
71755  -46.754  8.637  23.789 0.8000000119
71756  -47.315  8.275  23.432 0.4000000060
71052  -48.965  7.949  22.371 0.3000000119
70334  -50.036  7.559  21.776 0.3000000119
70336  -51.852  7.570  21.252 0.2000000030
70338  -54.140  7.222  21.014 0.3000000119
73203  -46.612  10.435  24.110 0.6999999881
72472  -46.592  9.674  23.580 0.6999999881
71764  -47.551  8.738  22.651 0.6000000238
71051  -48.230  8.088  22.776 0.4000000060
71053  -49.661  7.781  21.923 0.3000000119
70335  -50.699  7.498  21.578 0.3000000119
71763  -46.851  9.183  23.142 0.6999999881
71765  -48.357  8.419  22.337 0.4000000060
71063  -51.256  7.949  20.817 0.2000000030
73208  -46.524  10.566  23.087 0.8000000119
72479  -47.412  9.528  22.004 0.6999999881
71774  -48.674  8.865  21.397 0.4000000060
71062  -50.176  8.136  21.199 0.2000000030
71064  -52.164  7.864  20.395 0.2000000030
73214  -46.656  10.668  22.059 0.6999999881
71775  -49.509  8.511  21.076 0.4000000060
71072  -50.777  8.242  20.346 0.2000000030
74741  -46.885  12.294  23.053 0.6999999881
73977  -46.702  11.520  21.490 0.6999999881
72484  -47.104  10.084  21.740 0.6999999881
72485  -47.801  9.833  21.090 0.6000000238
72486  -48.551  9.627  20.459 0.4000000060
71783  -49.820  8.817  19.990 0.4000000060
71073  -51.547  8.150  20.068 0.2000000030
75577  -47.407  13.015  22.809 0.6999999881
74749  -46.739  12.326  21.839 0.6999999881
72508  -47.236  10.462  17.623 0.4000000060
72493  -49.031  9.847  19.569 0.4000000060
71782  -49.031  9.305  20.356 0.4000000060
71784  -50.960  8.275  19.707 0.2000000030
73230  -45.516  10.772  18.244 0.4000000060
73236  -45.913  10.840  17.730 0.3000000119
73237  -46.321  11.429  17.633 0.4000000060
73238  -47.611  11.356  18.353 0.6000000238
73239  -48.506  10.702  18.448 0.5000000000
71794  -51.296  8.096  19.343 0.3000000119
71785  -51.535  8.118  19.630 0.2000000030
99804  -45.611  12.059  18.335 0.3000000119
73991  -45.806  11.259  17.873 0.5000000000
99795  -47.515  12.677  18.753 0.6000000238
72502  -49.497  9.758  18.140 0.4000000060
73243  -46.032  12.635  17.869 0.6000000238
73244  -46.822  13.060  17.782 0.6000000238
99800  -47.711  14.112  17.641 0.6000000238
99796  -47.913  13.955  18.078 0.6000000238
99813  -47.528  15.250  16.848 0.6000000238
78889  -47.796  15.873  16.654 0.6000000238
70326  -56.398  6.186  21.981 0.3000000119
70325  -55.867  6.885  21.928 0.3000000119
70339  -55.031  7.186  21.049 0.3000000119
70323  -54.589  7.484  21.630 0.3000000119
71041  -47.174  7.934  23.804 0.5000000000
70318  -48.897  7.292  22.830 0.3000000119
70319  -49.699  6.927  22.418 0.3000000119
70320  -51.156  6.912  22.009 0.3000000119
71042  -47.797  7.744  23.378 0.3000000119
70321  -52.392  7.170  21.838 0.2000000030
73219  -47.190  10.795  20.933 0.6000000238
73220  -47.701  10.461  20.434 0.6000000238
74755  -46.851  12.214  20.921 0.6999999881
73982  -47.037  11.655  20.518 0.6000000238
76429  -48.047  14.370  20.624 0.6999999881
75601  -47.321  13.098  20.728 0.6999999881
73983  -47.384  11.781  19.513 0.6000000238
72500  -48.708  10.455  19.089 0.5000000000
76428  -47.787  13.833  19.006 0.6999999881
99793  -47.405  12.252  19.354 0.6000000238
99809  -48.528  15.035  18.338 0.6999999881
78202  -48.727  16.060  17.896 0.6999999881
99797  -47.925  14.011  17.823 0.6000000238
70307  -55.305  7.181  22.477 0.3000000119
70308  -55.846  7.036  22.380 0.3000000119
70324  -55.333  7.378  21.744 0.3000000119
72452  -47.434  8.793  26.636 0.6999999881
72460  -46.486  9.018  25.873 0.6999999881
72466  -46.194  8.740  25.267 0.6999999881
71043  -48.483  7.574  23.001 0.3000000119
70322  -53.583  7.285  21.721 0.3000000119
72453  -48.733  8.794  27.130 0.6999999881
73183  -48.087  9.305  26.393 0.6999999881
72454  -49.436  9.483  27.011 0.8000000119
73184  -48.946  9.583  26.433 0.8000000119
73185  -49.844  10.215  26.542 0.8000000119
73195  -49.134  10.351  25.904 0.6999999881
73186  -50.812  10.647  26.135 0.8000000119
73196  -50.017  10.688  25.967 0.8000000119
73187  -51.324  10.782  26.155 0.8000000119
70306  -54.606  7.208  22.375 0.3000000119
71749  -46.275  8.401  24.753 0.6999999881
71031  -47.383  7.426  23.938 0.4000000060
69597  -51.663  6.529  22.652 0.3000000119
69598  -52.781  6.772  22.503 0.3000000119
71030  -46.745  7.594  24.456 0.6999999881
70302  -47.789  7.163  23.780 0.3000000119
73174  -49.839  10.204  27.299 0.6999999881
73175  -50.802  10.550  26.781 0.6999999881
73176  -51.337  10.781  26.394 0.6999999881
73948  -53.852  11.716  26.001 0.6999999881
73932  -51.867  11.131  26.191 0.6999999881
73949  -54.539  11.834  26.299 0.6999999881
69586  -54.428  6.469  23.286 0.3000000119
68773  -52.820  4.176  25.507 0.3000000119
67942  -52.009  3.695  26.082 0.3000000119
70303  -48.524  6.807  23.543 0.3000000119
70304  -49.287  6.394  23.238 0.3000000119
72445  -49.290  9.354  27.617 0.8000000119
73166  -49.433  9.949  27.924 0.8000000119
73918  -49.807  10.889  27.946 0.6999999881
73919  -50.814  10.929  27.480 0.6999999881
74697  -51.588  11.763  27.714 0.6999999881
73920  -51.929  11.156  26.929 0.6999999881
73934  -54.013  11.692  26.517 0.6999999881
73921  -53.284  11.614  26.954 0.6999999881
74708  -54.986  11.948  26.438 0.6999999881
69585  -53.420  6.493  23.023 0.3000000119
68786  -52.627  4.792  24.732 0.3000000119
69570  -53.465  5.555  24.104 0.3000000119
68772  -51.856  4.249  25.368 0.3000000119
67928  -51.219  3.578  26.841 0.3000000119
69599  -53.475  6.962  22.368 0.3000000119
72451  -46.767  8.625  26.498 0.6999999881
72459  -46.185  8.567  25.637 0.6999999881
73908  -49.331  10.394  28.143 0.8000000119
74695  -49.702  11.962  27.929 0.6999999881
74696  -50.558  11.790  27.870 0.6999999881
75533  -52.210  12.654  28.008 0.6999999881
75534  -53.262  12.583  28.007 0.6999999881
74699  -53.810  12.037  27.552 0.6999999881
75535  -53.889  12.446  28.116 0.6999999881
73923  -55.122  11.794  27.063 0.6999999881
78799  -55.148  17.259  30.269 0.5000000000
70305  -54.001  7.186  22.209 0.3000000119
69596  -50.650  6.289  22.646 0.3000000119
71029  -46.204  7.773  25.066 0.5000000000
73917  -49.378  11.473  28.082 0.6999999881
75530  -49.311  12.800  27.973 0.8000000119
75531  -50.079  12.776  27.940 0.6999999881
76369  -50.300  13.626  28.188 0.6999999881
77224  -50.242  15.184  29.862 0.6999999881
75532  -51.081  12.827  28.097 0.6999999881
76354  -50.526  14.361  28.565 0.6999999881
77244  -50.818  14.785  29.228 0.6999999881
76335  -51.668  14.559  29.447 0.6999999881
76357  -53.058  13.749  29.097 0.6000000238
76324  -52.717  14.166  30.628 0.6000000238
76307  -52.986  14.215  32.534 0.6000000238
77173  -53.598  14.643  34.349 0.5000000000
74684  -54.369  12.286  28.091 0.6999999881
75518  -54.087  12.901  28.900 0.6999999881
76325  -53.508  13.567  30.991 0.6000000238
76308  -53.844  13.887  32.930 0.6000000238
74700  -54.790  11.949  27.557 0.6999999881
74685  -55.169  12.246  28.431 0.6000000238
75500  -55.032  12.506  29.829 0.6000000238
75491  -54.439  13.168  31.358 0.6000000238
74701  -55.618  11.939  27.531 0.6000000238
74672  -55.684  12.425  29.297 0.6000000238
74666  -55.849  12.426  30.220 0.6000000238
79434  -51.003  18.531  27.714 0.6999999881
79412  -52.171  18.087  29.274 0.5000000000
78809  -52.822  17.256  29.385 0.6000000238
79402  -54.265  17.824  29.913 0.5000000000
78798  -53.798  17.106  29.788 0.5000000000
78787  -56.715  17.321  31.975 0.4000000060
78800  -56.375  17.569  30.904 0.4000000060
79392  -57.006  18.182  31.569 0.5000000000
79385  -57.091  18.819  31.928 0.5000000000
70288  -48.121  6.374  24.251 0.3000000119
69581  -49.127  6.090  23.750 0.3000000119
74683  -48.197  12.120  28.158 0.8000000119
71748  -46.109  8.214  25.404 0.6999999881
71021  -46.389  7.222  25.200 0.5000000000
71743  -46.514  8.404  26.382 0.6999999881
71742  -46.174  8.193  26.038 0.6999999881
72437  -49.156  9.359  28.095 0.8000000119
72444  -48.950  8.785  27.985 0.8000000119
71735  -47.945  8.227  27.439 0.6999999881
73907  -48.879  11.005  28.260 0.8000000119
77203  -49.030  15.799  30.082 0.8000000119
77242  -49.024  15.055  28.726 0.8000000119
76367  -48.994  13.360  28.047 0.8000000119
74694  -49.015  12.064  28.047 0.8000000119
78058  -49.156  15.652  31.631 0.6999999881
78072  -48.843  15.988  30.826 0.6999999881
77223  -49.420  15.463  29.566 0.8000000119
78073  -49.378  15.621  31.229 0.6999999881
77204  -49.614  15.509  30.607 0.8000000119
77205  -50.450  14.993  30.888 0.6999999881
77193  -49.858  15.218  31.836 0.6999999881
77195  -51.594  14.704  31.799 0.6999999881
76297  -52.299  14.460  32.976 0.6999999881
77155  -52.418  15.107  34.666 0.6999999881
76306  -52.239  14.531  32.150 0.6000000238
76298  -52.960  14.365  33.450 0.6000000238
77157  -54.583  15.257  34.590 0.5000000000
78032  -54.786  15.924  34.584 0.5000000000
77158  -55.210  15.587  34.396 0.5000000000
79384  -56.715  18.487  32.733 0.3000000119
79422  -51.285  18.675  28.402 0.6000000238
79959  -57.240  19.119  31.713 0.3000000119
79413  -53.265  18.281  29.701 0.5000000000
79403  -55.612  18.150  30.169 0.4000000060
79393  -57.293  18.764  31.267 0.5000000000
69583  -50.985  5.775  23.243 0.3000000119
71724  -48.141  8.145  28.114 0.6000000238
71011  -46.286  7.383  26.564 0.6000000238
70286  -46.823  6.714  25.018 0.5000000000
69565  -48.577  5.911  24.445 0.3000000119
72436  -48.659  9.193  28.374 0.8000000119
71725  -48.592  8.497  28.139 0.8000000119
71733  -46.436  7.973  26.571 0.6999999881
70287  -47.536  6.767  24.307 0.5000000000
77220  -46.599  15.522  29.473 0.6000000238
76351  -47.380  14.161  28.464 0.8000000119
71020  -46.140  7.484  25.738 0.6999999881
77240  -46.953  14.982  28.865 0.8000000119
75513  -47.774  13.174  28.210 0.8000000119
75514  -48.631  12.953  28.061 0.8000000119
77222  -48.522  15.558  29.499 0.8000000119
76352  -48.600  14.007  28.254 0.8000000119
73165  -49.019  9.946  28.284 0.8000000119
78071  -47.924  16.186  30.928 0.6999999881
78090  -48.615  15.860  30.110 0.6999999881
78057  -48.500  15.802  31.868 0.6999999881
77183  -48.599  15.204  33.071 0.6999999881
77192  -49.158  15.412  32.330 0.6999999881
77184  -49.727  15.123  33.168 0.6999999881
77185  -50.722  14.891  32.971 0.6999999881
77171  -51.839  14.655  33.869 0.6999999881
77170  -50.553  14.876  34.179 0.6000000238
77154  -51.274  15.054  34.827 0.6999999881
78039  -53.690  16.419  34.680 0.5000000000
78040  -54.483  16.529  34.555 0.4000000060
78778  -54.959  17.303  34.220 0.4000000060
78041  -55.409  16.347  34.256 0.4000000060
79376  -56.272  18.075  33.619 0.3000000119
79966  -57.128  19.859  31.881 0.3000000119
79989  -57.316  19.308  29.658 0.2000000030
79985  -53.804  19.253  29.515 0.3000000119
79986  -54.985  19.234  29.321 0.3000000119
79987  -56.040  19.193  29.215 0.3000000119
79988  -56.937  19.205  29.339 0.3000000119
79405  -57.432  18.899  30.606 0.2000000030
79414  -54.535  18.567  29.709 0.4000000060
79415  -55.518  18.771  29.665 0.4000000060
79974  -56.453  18.745  29.804 0.4000000060
79975  -57.264  18.874  29.927 0.3000000119
79404  -56.966  18.325  30.525 0.4000000060
77221  -47.559  15.507  29.433 0.6999999881
77241  -47.986  14.956  28.776 0.8000000119
78048  -47.613  15.573  32.552 0.6999999881
78056  -47.682  16.095  31.786 0.6999999881
78089  -48.111  15.896  30.120 0.6999999881
77167  -47.665  14.539  34.484 0.4000000060
77182  -47.721  14.948  33.495 0.5000000000
77168  -48.543  14.751  34.402 0.5000000000
77169  -49.495  14.916  34.281 0.6000000238
77153  -50.216  15.089  34.976 0.5000000000
78028  -50.770  15.670  35.083 0.4000000060
78029  -51.795  15.708  34.845 0.3000000119
78771  -53.064  16.640  34.552 0.4000000060
79374  -54.355  18.091  33.941 0.4000000060
79382  -54.893  18.869  33.509 0.3000000119
78770  -52.204  16.501  34.591 0.3000000119
79375  -55.493  18.138  33.927 0.3000000119
79957  -56.362  19.588  33.054 0.3000000119
77151  -48.323  14.815  35.389 0.4000000060
77152  -49.247  15.059  35.082 0.5000000000
78027  -49.806  15.713  35.179 0.3000000119
78768  -50.274  16.518  34.937 0.3000000119
78775  -51.585  17.239  34.243 0.3000000119
78776  -52.624  17.242  34.186 0.4000000060
79955  -54.185  19.645  33.110 0.3000000119
79956  -55.412  19.710  33.227 0.3000000119
78025  -47.984  15.808  35.836 0.4000000060
78766  -48.393  16.863  35.242 0.1000000015
78026  -48.881  15.759  35.383 0.3000000119
78767  -49.319  16.794  34.963 0.1000000015
79365  -49.319  17.740  34.402 0.2000000030
78773  -49.888  17.346  34.591 0.3000000119
78774  -50.629  17.323  34.432 0.3000000119
79372  -51.985  17.912  33.596 0.3000000119
79381  -53.656  18.811  33.392 0.3000000119
79364  -48.632  17.749  34.575 0.2000000030
79369  -48.906  18.505  33.931 0.2000000030
79949  -49.993  18.946  33.269 0.2000000030
79370  -49.892  18.199  33.805 0.2000000030
79378  -50.479  18.683  33.337 0.3000000119
79380  -52.444  18.709  33.170 0.3000000119
79363  -47.833  17.902  34.732 0.2000000030
75477  -54.527  13.765  32.777 0.6000000238
75484  -54.541  13.584  32.194 0.6999999881
75492  -55.169  12.574  30.808 0.6000000238
76291  -53.993  14.646  34.389 0.3000000119
73946  -51.796  11.407  25.687 0.8000000119
99807  -48.189  14.390  18.625 0.6999999881
73924  -55.414  11.863  27.017 0.6000000238
73945  -50.958  11.098  25.636 0.8000000119
73197  -50.523  10.849  25.858 0.8000000119
75602  -47.549  13.656  21.491 0.6999999881
78208  -48.425  16.016  17.231 0.6000000238
78882  -46.970  15.911  17.156 0.6000000238
78808  -52.248  17.600  29.137 0.6000000238
79433  -50.515  18.782  27.483 0.6000000238
79441  -50.286  18.519  26.934 0.6999999881
78810  -53.354  16.953  29.560 0.5000000000
68827  -51.970  5.009  19.909 0.2000000030
69630  -52.338  6.086  19.604 0.2000000030
71791  -48.599  8.136  18.388 0.3000000119
71048  -44.115  7.879  22.192 0.1000000015
71049  -45.120  7.322  22.243 0.1000000015
71772  -46.492  7.875  20.571 0.3000000119
71778  -44.868  9.216  19.983 0.3000000119
71779  -45.590  9.073  19.519 0.3000000119
72499  -45.980  9.886  18.258 0.3000000119
70309  -56.284  5.699  23.593 0.3000000119
71061  -49.404  8.265  21.639 0.3000000119
72478  -46.850  9.749  22.600 0.6999999881
71773  -47.865  9.255  21.825 0.5000000000
72492  -48.243  10.287  19.890 0.4000000060
73992  -45.973  11.129  17.639 0.4000000060
73232  -48.698  10.641  18.709 0.6000000238
72501  -49.066  10.357  18.575 0.5000000000
73231  -48.284  10.789  18.964 0.6000000238
72494  -49.587  9.714  18.902 0.4000000060
99801  -45.793  11.930  18.045 0.5000000000
99794  -47.469  12.978  19.575 0.6999999881
99810  -47.907  14.873  16.933 0.6000000238
78207  -48.017  15.503  16.671 0.6000000238
99811  -47.211  15.491  16.873 0.6000000238
99812  -48.270  15.011  17.360 0.6999999881
73226  -47.683  10.983  19.757 0.6000000238
73225  -47.320  11.305  20.211 0.6000000238
99792  -47.251  12.368  19.911 0.6999999881
73933  -52.927  11.570  26.395 0.6999999881
67941  -51.078  3.914  26.044 0.3000000119
74698  -52.681  11.889  27.515 0.6999999881
73922  -54.349  11.698  27.022 0.6999999881
69569  -52.434  5.462  23.944 0.3000000119
75517  -52.813  13.340  28.458 0.6999999881
69582  -49.864  5.883  23.262 0.3000000119
76368  -49.483  13.525  28.071 0.8000000119
77243  -49.992  15.047  28.913 0.6999999881
76353  -49.655  14.348  28.348 0.8000000119
75515  -51.000  13.732  28.401 0.6999999881
76355  -51.354  14.251  28.744 0.6999999881
75516  -51.797  13.547  28.356 0.6999999881
76336  -52.529  14.232  29.671 0.6000000238
76356  -52.258  14.100  28.851 0.6999999881
77206  -51.288  14.719  31.049 0.6999999881
77225  -51.050  14.834  30.127 0.6999999881
76323  -51.905  14.608  30.353 0.6999999881
76316  -52.875  14.165  31.596 0.6000000238
76337  -53.375  13.641  29.917 0.6000000238
76315  -52.105  14.558  31.264 0.6999999881
76317  -53.695  13.746  31.955 0.6000000238
77172  -53.026  14.639  34.238 0.6000000238
77156  -53.613  15.057  34.679 0.5000000000
75499  -54.257  12.976  30.340 0.6000000238
79401  -53.445  17.565  29.751 0.5000000000
71734  -46.903  8.130  27.019 0.6000000238
71716  -48.669  8.734  28.240 0.8000000119
77194  -50.884  14.863  31.867 0.8000000119
77186  -51.572  14.671  32.635 0.6000000238
78031  -54.050  15.836  34.797 0.3000000119
79383  -55.961  18.851  33.476 0.3000000119
79984  -52.361  19.336  29.378 0.6000000238
73164  -48.250  10.102  28.495 0.8000000119
78049  -48.087  15.657  32.324 0.6999999881
78030  -52.982  15.862  34.748 0.4000000060
78777  -53.778  17.213  34.363 0.4000000060
78070  -47.023  16.219  30.894 0.6000000238
78769  -51.212  16.474  34.806 0.3000000119
79373  -53.143  17.975  33.731 0.4000000060
77140  -47.811  14.878  35.893 0.3000000119
79371  -50.947  17.996  33.733 0.3000000119
79379  -51.304  18.706  33.171 0.3000000119
67105  -58.126  2.302  22.906 0.2000000030
66329  -57.528  1.480  22.481 0.2000000030
66328  -57.058  1.813  21.861 0.2000000030
67092  -58.500  2.915  23.079 0.2000000030
67120  -57.581  2.700  22.190 0.2000000030
67119  -56.777  2.537  21.985 0.2000000030
67950  -58.320  3.105  24.554 0.2000000030
67091  -58.295  2.388  23.936 0.2000000030
67106  -58.183  3.104  22.514 0.2000000030
67974  -56.495  3.085  22.304 0.2000000030
67118  -55.892  2.482  22.330 0.2000000030
67104  -55.250  2.964  22.810 0.2000000030
66313  -54.661  2.044  22.687 0.1000000015
66312  -54.025  1.854  22.759 0.2000000030
67103  -54.395  2.711  22.946 0.2000000030
67102  -53.269  2.481  23.102 0.2000000030
68776  -57.579  4.421  26.360 0.2000000030
68788  -58.029  3.567  25.060 0.2000000030
67951  -58.618  3.253  23.492 0.2000000030
67960  -55.926  3.504  22.672 0.2000000030
67101  -52.202  2.294  23.098 0.1000000015
66311  -52.868  1.444  22.828 0.1000000015
66310  -51.733  1.504  23.086 0.1000000015
67099  -50.059  1.994  22.733 0.1000000015
66309  -50.767  1.420  23.132 0.1000000015
67114  -49.182  2.109  21.687 0.1000000015
69523  -57.197  5.839  27.205 0.2000000030
69555  -57.003  4.892  25.316 0.2000000030
68789  -58.585  3.587  23.794 0.2000000030
69574  -57.375  5.025  24.570 0.2000000030
68797  -58.646  3.827  22.893 0.2000000030
67962  -58.496  3.523  22.709 0.2000000030
67976  -57.668  3.649  22.093 0.2000000030
68796  -56.816  3.885  22.231 0.2000000030
68807  -57.123  4.346  22.092 0.2000000030
67961  -56.565  3.603  22.358 0.2000000030
67959  -54.858  3.959  22.725 0.2000000030
67958  -53.624  3.527  22.785 0.2000000030
67100  -51.091  2.404  22.865 0.1000000015
67957  -52.509  3.147  22.807 0.1000000015
67115  -50.193  2.567  22.251 0.1000000015
67116  -50.789  2.835  22.286 0.1000000015
67956  -51.806  2.798  22.809 0.1000000015
67968  -49.851  2.687  21.700 0.1000000015
69538  -56.588  5.955  27.053 0.2000000030
70292  -57.517  5.311  24.184 0.2000000030
69575  -58.646  4.054  22.973 0.2000000030
69590  -58.504  4.365  22.271 0.2000000030
68809  -58.328  4.118  22.304 0.2000000030
69605  -58.107  4.583  22.004 0.2000000030
68808  -57.905  4.233  21.907 0.2000000030
68795  -56.443  4.138  22.479 0.2000000030
67972  -54.058  4.487  22.306 0.2000000030
67129  -48.836  2.683  20.346 0.1000000015
67128  -47.851  2.259  20.501 0.1000000015
67135  -48.291  2.762  19.908 0.1000000015
67984  -47.861  2.893  19.800 0.1000000015
67992  -47.880  3.356  19.714 0.1000000015
67983  -47.244  3.216  20.169 0.1000000015
67879  -52.702  3.343  29.412 0.2000000030
67890  -52.476  3.361  28.544 0.2000000030
67878  -51.737  3.126  29.311 0.2000000030
68711  -55.578  4.874  29.466 0.2000000030
70984  -45.203  7.623  31.134 0.2000000030
67889  -51.596  3.228  28.462 0.2000000030
70247  -45.351  6.556  30.616 0.2000000030
69506  -45.541  5.605  29.961 0.2000000030
67860  -46.018  4.033  30.249 0.2000000030
67861  -46.728  3.640  30.232 0.2000000030
67875  -48.478  3.186  29.538 0.2000000030
67887  -49.573  2.992  28.680 0.2000000030
67888  -50.710  3.028  28.442 0.2000000030
67910  -52.284  3.436  27.724 0.2000000030
69521  -56.389  5.794  27.847 0.2000000030
70987  -45.401  7.492  30.135 0.2000000030
67872  -45.920  4.283  29.728 0.2000000030
67873  -46.403  3.858  29.257 0.2000000030
67886  -48.385  3.344  28.504 0.2000000030
67907  -49.344  3.486  27.588 0.2000000030
67909  -51.395  3.386  27.672 0.2000000030
69537  -56.004  5.777  27.300 0.2000000030
71711  -45.549  8.302  29.633 0.2000000030
70249  -45.681  6.523  29.625 0.2000000030
69511  -45.758  5.733  28.949 0.2000000030
68710  -46.225  4.263  28.754 0.2000000030
67885  -47.346  3.668  28.389 0.2000000030
67908  -50.420  3.359  27.646 0.2000000030
68716  -45.979  5.205  28.257 0.2000000030
67884  -46.634  4.099  28.326 0.2000000030
67906  -48.276  3.783  27.545 0.2000000030
67927  -50.244  3.700  26.750 0.2000000030
69554  -56.359  5.152  25.479 0.2000000030
68731  -46.124  5.472  27.759 0.2000000030
68732  -46.577  5.033  27.401 0.2000000030
67905  -47.277  4.256  27.504 0.2000000030
68733  -47.188  4.725  27.034 0.2000000030
67924  -47.634  4.591  26.819 0.2000000030
67969  -50.439  3.013  21.705 0.1000000015
67970  -51.505  3.295  22.096 0.1000000015
67971  -52.894  4.240  22.004 0.1000000015
68813  -47.905  4.160  19.882 0.1000000015
69595  -47.370  5.425  21.668 0.1000000015
68718  -55.275  4.759  28.603 0.2000000030
68735  -55.688  5.358  27.844 0.2000000030
67891  -53.407  3.621  28.599 0.2000000030
68719  -56.197  5.392  28.504 0.2000000030
71709  -45.033  8.682  30.562 0.2000000030
67911  -53.146  3.591  27.770 0.2000000030
73151  -43.352  10.550  31.124 0.3000000119
73152  -43.973  10.431  30.850 0.3000000119
72426  -44.559  9.866  30.604 0.2000000030
71708  -44.765  9.313  30.714 0.2000000030
72427  -44.842  9.338  30.370 0.2000000030
72429  -44.709  10.214  29.977 0.2000000030
70990  -46.018  7.364  29.298 0.2000000030
67930  -52.952  3.549  27.009 0.2000000030
69514  -45.971  5.873  28.078 0.2000000030
69573  -56.753  5.363  24.700 0.2000000030
67925  -48.205  4.247  26.831 0.2000000030
67926  -49.199  4.003  26.548 0.2000000030
68771  -50.923  4.378  25.353 0.2000000030
68785  -51.648  4.802  24.661 0.2000000030
69520  -46.447  5.580  26.863 0.2000000030
68753  -47.292  5.113  26.402 0.2000000030
68754  -48.172  4.662  26.270 0.2000000030
68755  -48.669  4.358  26.334 0.2000000030
68770  -50.043  4.475  25.387 0.2000000030
68768  -48.141  5.210  25.555 0.2000000030
68769  -49.069  4.618  25.711 0.2000000030
68783  -49.769  5.056  24.886 0.2000000030
68782  -48.933  5.331  25.009 0.2000000030
69566  -49.443  5.603  24.257 0.2000000030
69567  -50.349  5.403  24.076 0.2000000030
68781  -48.454  5.508  25.010 0.2000000030
69564  -47.851  6.062  24.689 0.2000000030
67985  -49.685  2.973  21.006 0.1000000015
67986  -50.736  3.685  20.702 0.1000000015
67987  -52.028  4.116  21.116 0.1000000015
67136  -48.723  2.911  19.775 0.1000000015
67994  -49.469  3.369  19.813 0.1000000015
67993  -48.421  3.252  19.632 0.1000000015
70316  -46.657  6.419  22.090 0.1000000015
68802  -47.444  4.272  20.901 0.1000000015
69610  -47.991  5.124  19.948 0.1000000015
67853  -52.244  3.473  31.034 0.2000000030
67867  -52.965  3.536  30.267 0.2000000030
67880  -53.665  3.774  29.456 0.2000000030
67912  -53.972  4.059  27.796 0.2000000030
68757  -55.176  5.144  27.132 0.2000000030
73154  -43.080  11.181  30.833 0.3000000119
73894  -43.391  11.813  30.288 0.3000000119
67931  -53.649  3.939  26.999 0.2000000030
68756  -54.379  4.520  27.018 0.2000000030
73156  -44.216  10.733  30.167 0.3000000119
67944  -53.366  3.852  26.541 0.2000000030
68774  -53.870  4.367  25.983 0.2000000030
69553  -55.330  5.236  26.407 0.2000000030
73158  -44.837  10.710  29.468 0.4000000060
72430  -45.207  9.496  29.634 0.4000000060
72431  -45.820  8.772  29.278 0.3000000119
71712  -46.322  8.196  29.141 0.3000000119
67943  -52.904  3.711  26.274 0.2000000030
70991  -46.614  7.612  28.868 0.5000000000
70253  -46.490  6.967  28.516 0.2000000030
70995  -46.810  7.362  28.369 0.5000000000
70257  -46.531  6.870  28.149 0.3000000119
70256  -46.274  6.513  27.620 0.3000000119
69519  -46.146  5.824  27.276 0.3000000119
70266  -46.211  6.526  26.681 0.3000000119
69534  -46.257  5.931  26.654 0.2000000030
70276  -46.339  6.574  25.824 0.3000000119
69536  -47.127  5.524  25.804 0.2000000030
69549  -46.879  6.008  25.466 0.3000000119
69550  -47.553  5.690  25.310 0.2000000030
69551  -48.115  5.646  24.997 0.2000000030
69563  -47.326  6.244  24.971 0.4000000060
67988  -52.687  4.650  21.225 0.1000000015
67995  -50.291  3.955  19.884 0.1000000015
68823  -48.254  3.667  19.630 0.1000000015
68824  -48.875  4.332  19.199 0.1000000015
68825  -50.072  4.356  19.378 0.1000000015
68814  -48.247  4.659  19.540 0.1000000015
70333  -47.943  5.648  20.501 0.1000000015
69619  -48.444  5.266  19.378 0.1000000015
70344  -48.197  6.042  20.069 0.1000000015
70351  -48.663  6.298  19.093 0.1000000015
67843  -53.742  4.335  31.523 0.2000000030
67855  -54.300  4.580  31.026 0.2000000030
67854  -53.285  3.935  30.988 0.2000000030
67868  -53.901  4.136  30.262 0.2000000030
67881  -54.602  4.351  29.457 0.2000000030
67892  -54.307  4.170  28.621 0.2000000030
68734  -54.825  4.681  27.821 0.2000000030
73898  -44.143  11.696  29.652 0.4000000060
68775  -54.698  4.859  26.462 0.2000000030
73161  -45.342  10.917  28.883 0.5000000000
69552  -54.633  4.925  25.853 0.2000000030
73159  -45.422  10.287  29.116 0.4000000060
72433  -45.733  9.848  29.024 0.5000000000
72434  -46.417  9.249  28.906 0.5000000000
69571  -54.371  5.356  24.742 0.2000000030
71714  -47.346  8.153  28.686 0.5000000000
71002  -46.601  7.305  27.464 0.5000000000
71012  -46.541  7.689  26.896 0.5000000000
69584  -52.099  6.013  23.220 0.2000000030
68831  -50.016  5.037  18.744 0.1000000015
68830  -49.439  5.137  18.786 0.1000000015
69627  -49.844  5.895  18.449 0.1000000015
69626  -49.043  5.469  18.833 0.1000000015
75512  -46.746  13.324  28.310 0.6999999881
74680  -45.325  12.514  28.686 0.6000000238
74681  -46.193  12.420  28.334 0.6000000238
74682  -47.190  12.273  28.179 0.6000000238
73906  -47.720  11.168  28.271 0.6999999881
74679  -44.570  12.566  29.130 0.6000000238
73904  -45.704  11.546  28.551 0.6000000238
73905  -46.633  11.339  28.293 0.6000000238
72435  -47.750  9.213  28.652 0.6000000238
69572  -55.771  5.505  24.601 0.2000000030
73162  -46.024  10.465  28.663 0.6000000238
71715  -48.268  8.612  28.406 0.6000000238
71723  -47.371  7.792  27.882 0.5000000000
71059  -46.440  7.437  21.270 0.1000000015
71069  -46.911  7.659  20.632 0.2000000030
70352  -49.232  6.242  18.594 0.1000000015
71079  -47.948  7.650  19.398 0.2000000030
71080  -48.506  7.448  18.842 0.2000000030
73213  -43.243  10.473  21.817 0.1000000015
72482  -43.472  9.581  21.204 0.1000000015
73217  -43.669  10.611  21.074 0.1000000015
72483  -43.945  9.295  20.726 0.2000000030
72489  -43.839  9.874  20.700 0.2000000030
72490  -44.403  9.696  20.161 0.1000000015
72497  -44.838  10.117  19.430 0.2000000030
73970  -43.507  11.526  21.751 0.1000000015
73218  -44.037  11.010  20.570 0.1000000015
73224  -44.488  10.809  19.840 0.2000000030
77293  -41.605  15.455  23.620 0.1000000015
77305  -41.954  15.355  22.982 0.1000000015
74754  -44.014  12.670  20.897 0.1000000015
73975  -43.903  11.657  21.094 0.1000000015
73976  -44.386  11.743  20.453 0.1000000015
73223  -44.043  10.369  20.464 0.1000000015
73980  -44.833  11.838  19.659 0.2000000030
73986  -44.886  11.239  19.264 0.2000000030
77279  -41.951  15.547  24.768 0.1000000015
74753  -43.600  12.605  21.563 0.1000000015
74759  -44.516  12.752  20.196 0.1000000015
73981  -45.056  12.278  19.301 0.2000000030
73987  -45.363  11.738  18.706 0.2000000030
99799  -45.644  12.581  18.384 0.4000000060
77280  -43.174  15.503  25.012 0.2000000030
77294  -42.747  15.572  23.766 0.2000000030
77307  -43.566  15.900  22.877 0.2000000030
99802  -44.922  14.432  19.641 0.3000000119
99798  -45.145  13.056  19.181 0.2000000030
80009  -50.327  19.407  27.900 0.6000000238
79432  -49.493  18.962  27.189 0.6000000238
77267  -43.703  15.848  26.292 0.2000000030
77281  -44.406  15.614  25.174 0.2000000030
77295  -43.907  15.555  23.980 0.2000000030
99803  -46.860  15.178  17.350 0.5000000000
99806  -45.820  14.143  18.429 0.5000000000
80008  -49.868  19.486  27.632 0.5000000000
80007  -49.062  19.588  27.500 0.6000000238
80626  -49.528  20.170  27.873 0.5000000000
78833  -45.960  17.405  26.679 0.4000000060
77268  -44.910  16.055  26.062 0.2000000030
77269  -45.870  16.334  25.965 0.4000000060
80597  -52.626  20.186  29.196 0.3000000119
79998  -51.477  19.489  28.877 0.5000000000
80612  -53.143  20.722  28.741 0.2000000030
80611  -51.843  20.423  28.879 0.2000000030
79421  -50.838  18.981  28.083 0.4000000060
81265  -52.776  21.600  28.141 0.2000000030
79997  -50.833  19.518  28.340 0.3000000119
80610  -50.794  20.602  28.364 0.4000000060
81264  -51.523  21.403  28.366 0.2000000030
79996  -50.196  19.968  28.091 0.4000000060
80609  -50.023  20.756  28.080 0.4000000060
81263  -50.534  21.570  28.098 0.4000000060
70291  -57.191  5.467  24.187 0.2000000030
69588  -55.538  5.751  24.005 0.2000000030
68784  -50.681  4.876  24.719 0.2000000030
68787  -53.454  4.810  24.983 0.2000000030
69568  -51.360  5.351  23.983 0.2000000030
69587  -55.051  6.663  23.208 0.2000000030
70331  -47.009  6.885  21.454 0.1000000015
71071  -48.247  6.969  19.739 0.2000000030
70317  -47.263  6.084  21.706 0.1000000015
71060  -47.174  7.212  21.046 0.1000000015
71070  -47.601  7.418  20.283 0.2000000030
70332  -47.613  6.336  21.105 0.1000000015
74748  -43.183  12.559  22.204 0.1000000015
70310  -57.064  5.503  23.691 0.2000000030
69604  -57.555  4.818  21.926 0.2000000030
73229  -45.035  10.731  18.983 0.3000000119
67929  -52.139  3.462  26.905 0.2000000030
70275  -46.153  6.989  26.188 0.3000000119
70289  -55.935  5.761  23.948 0.2000000030
71001  -46.300  6.919  27.073 0.4000000060
66327  -56.286  1.774  21.758 0.2000000030
67946  -57.673  3.322  25.812 0.2000000030
67977  -58.150  3.691  22.199 0.2000000030
69539  -57.336  5.539  26.907 0.2000000030
67975  -57.034  3.410  22.077 0.2000000030
70290  -56.541  5.644  24.102 0.2000000030
67877  -51.010  2.927  29.098 0.2000000030
68703  -45.738  4.742  30.235 0.2000000030
67874  -47.440  3.384  29.380 0.2000000030
68709  -45.843  4.725  29.162 0.2000000030
67904  -46.653  4.451  27.878 0.2000000030
67940  -50.184  4.019  25.943 0.2000000030
69609  -47.784  5.135  20.713 0.1000000015
73155  -43.629  10.985  30.560 0.3000000119
70994  -46.461  7.129  28.792 0.3000000119
70252  -46.136  6.578  28.656 0.2000000030
67939  -49.625  4.224  25.871 0.2000000030
69535  -46.586  5.718  26.220 0.2000000030
73895  -43.829  11.298  30.153 0.3000000119
70267  -46.298  6.165  26.333 0.3000000119
70343  -47.961  6.713  20.363 0.2000000030
73903  -44.940  11.648  28.994 0.4000000060
75511  -45.763  13.439  28.549 0.6000000238
73163  -47.144  10.227  28.508 0.6000000238
71769  -43.784  8.964  21.001 0.2000000030
76394  -41.008  14.979  23.520 0.1000000015
74763  -44.743  13.133  19.747 0.2000000030
81880  -51.377  22.102  27.995 0.3000000119
72424  -43.899  9.807  31.551 0.2000000030
72423  -42.899  10.089  31.649 0.2000000030
70962  -40.457  7.545  34.205 0.2000000030
71680  -39.832  8.580  33.874 0.2000000030
70972  -41.165  7.874  33.478 0.2000000030
71689  -41.849  8.476  32.997 0.2000000030
71699  -42.550  9.031  32.572 0.2000000030
72417  -42.282  9.656  32.118 0.2000000030
71671  -37.141  8.667  35.142 0.2000000030
71672  -38.132  8.132  34.962 0.2000000030
71673  -38.633  7.915  34.909 0.2000000030
71678  -37.984  9.043  34.686 0.2000000030
70960  -38.958  7.738  34.907 0.2000000030
71679  -38.875  8.504  34.564 0.2000000030
70961  -39.541  7.684  34.701 0.2000000030
72407  -38.653  9.780  34.208 0.2000000030
72408  -39.230  9.158  34.045 0.2000000030
71688  -40.703  8.875  33.119 0.2000000030
72412  -40.174  9.413  33.183 0.2000000030
72415  -40.456  9.915  32.784 0.2000000030
71697  -41.021  9.481  32.643 0.2000000030
72416  -41.409  10.028  32.207 0.2000000030
72421  -41.682  10.444  31.877 0.2000000030
72422  -42.092  10.280  31.750 0.2000000030
70940  -35.029  7.417  36.439 0.1000000015
71663  -35.388  8.133  36.215 0.1000000015
71669  -35.285  8.844  36.059 0.1000000015
71670  -36.031  8.539  35.761 0.1000000015
72403  -36.320  9.635  35.308 0.2000000030
71677  -37.453  9.348  34.790 0.2000000030
72406  -37.726  9.911  34.583 0.2000000030
72411  -39.610  9.802  33.504 0.2000000030
72414  -39.986  10.317  33.047 0.2000000030
73145  -40.897  10.839  32.230 0.3000000119
73148  -41.397  11.157  31.807 0.4000000060
73889  -42.146  11.285  31.283 0.2000000030
73893  -42.471  11.773  30.921 0.3000000119
73897  -43.720  12.225  29.838 0.3000000119
71614  -40.608  8.725  46.281 0.1000000015
70179  -34.122  6.572  39.257 0.1000000015
70918  -34.144  7.844  40.094 0.1000000015
70932  -33.657  7.588  37.977 0.1000000015
70938  -33.789  7.843  37.343 0.1000000015
71661  -33.919  8.486  36.957 0.1000000015
71662  -34.671  8.457  36.460 0.1000000015
72402  -35.550  9.586  35.764 0.1000000015
73135  -36.553  10.667  35.105 0.2000000030
73138  -38.055  10.761  34.376 0.2000000030
72410  -39.086  10.299  33.892 0.2000000030
73142  -39.741  10.797  33.204 0.3000000119
73884  -40.498  11.682  32.468 0.3000000119
73887  -41.130  11.766  31.926 0.3000000119
73144  -40.240  10.833  32.770 0.3000000119
73888  -41.768  11.724  31.400 0.4000000060
73892  -42.028  12.117  31.109 0.3000000119
74664  -42.154  12.728  31.034 0.4000000060
74665  -42.848  12.666  30.453 0.4000000060
74670  -43.436  12.719  29.944 0.4000000060
74671  -43.962  12.684  29.555 0.5000000000
75510  -44.973  13.412  28.956 0.5000000000
71615  -41.215  8.772  46.912 0.1000000015
72339  -42.059  9.555  47.623 0.1000000015
71607  -42.547  8.635  47.929 0.1000000015
71618  -39.669  9.128  45.133 0.1000000015
72351  -40.322  9.605  46.080 0.1000000015
72346  -40.893  9.607  46.729 0.1000000015
71627  -37.425  8.539  43.767 0.1000000015
71622  -38.307  8.607  44.264 0.1000000015
72360  -36.674  9.569  43.640 0.1000000015
72365  -35.597  9.545  42.593 0.1000000015
72366  -36.221  9.226  43.054 0.1000000015
71638  -34.716  8.487  41.048 0.1000000015
72372  -35.206  9.194  41.986 0.1000000015
70923  -33.867  7.627  39.444 0.1000000015
71647  -34.289  8.461  40.492 0.1000000015
72371  -34.670  9.442  41.491 0.1000000015
72383  -33.663  9.314  39.653 0.1000000015
72387  -33.463  9.347  38.873 0.1000000015
72389  -33.480  9.364  38.059 0.1000000015
72395  -34.257  9.367  36.733 0.1000000015
72401  -34.896  9.518  36.250 0.1000000015
73134  -35.825  10.556  35.536 0.1000000015
73137  -37.286  10.743  34.713 0.2000000030
73139  -38.757  10.822  34.063 0.2000000030
73141  -39.275  10.808  33.650 0.3000000119
73883  -40.009  11.566  33.019 0.3000000119
73879  -39.066  11.636  33.886 0.2000000030
74653  -39.812  12.042  33.243 0.3000000119
74656  -40.846  12.581  32.217 0.3000000119
74663  -41.849  12.300  31.261 0.4000000060
74657  -41.523  12.655  31.572 0.4000000060
75489  -42.696  13.513  30.721 0.4000000060
75490  -43.240  13.479  30.205 0.5000000000
75497  -43.767  13.469  29.738 0.5000000000
75498  -44.329  13.435  29.323 0.5000000000
76332  -43.617  13.971  30.037 0.5000000000
76333  -44.276  14.410  29.746 0.5000000000
76348  -44.680  13.960  29.218 0.5000000000
76349  -45.304  14.455  29.114 0.5000000000
77239  -45.999  15.028  29.041 0.5000000000
76350  -46.327  14.281  28.627 0.6000000238
72347  -41.512  9.614  47.182 0.1000000015
73056  -42.325  10.172  48.532 0.1000000015
71623  -39.336  8.644  44.769 0.1000000015
72356  -39.431  9.466  44.996 0.1000000015
73082  -40.059  10.195  45.995 0.1000000015
73077  -41.155  10.137  47.050 0.1000000015
73067  -41.553  10.611  47.591 0.1000000015
72354  -37.798  9.734  44.334 0.1000000015
72355  -38.777  9.718  44.725 0.1000000015
72349  -39.351  10.082  45.134 0.1000000015
72361  -37.324  9.353  44.027 0.1000000015
72359  -36.060  9.907  43.151 0.1000000015
73086  -36.747  10.460  43.928 0.1000000015
72364  -35.009  9.835  42.115 0.1000000015
73091  -35.661  10.440  42.968 0.1000000015
73092  -36.154  10.692  43.494 0.1000000015
72370  -34.227  9.650  40.971 0.1000000015
73094  -34.631  10.307  41.911 0.1000000015
73095  -35.061  10.618  42.493 0.1000000015
72379  -34.022  9.310  40.388 0.1000000015
73806  -34.494  11.219  41.925 0.1000000015
73112  -33.549  10.124  39.401 0.1000000015
73108  -33.696  9.994  40.190 0.1000000015
73816  -33.950  10.461  40.671 0.1000000015
73118  -33.827  10.199  37.727 0.1000000015
73116  -33.582  10.199  38.545 0.1000000015
72394  -33.769  9.327  37.324 0.1000000015
73127  -34.626  10.415  36.682 0.1000000015
73133  -35.194  10.421  36.034 0.1000000015
73871  -36.144  11.542  35.409 0.2000000030
73874  -36.876  11.602  34.938 0.2000000030
73875  -37.631  11.631  34.562 0.2000000030
73876  -38.383  11.646  34.237 0.2000000030
74649  -38.813  12.471  34.137 0.2000000030
74650  -39.506  12.503  33.574 0.2000000030
74651  -39.898  13.033  33.352 0.3000000119
75475  -40.780  13.509  32.589 0.3000000119
74654  -40.198  12.555  32.962 0.3000000119
75482  -41.687  13.642  31.688 0.4000000060
75483  -42.194  13.628  31.214 0.5000000000
76321  -43.316  14.417  30.643 0.5000000000
76320  -42.616  14.042  31.041 0.5000000000
76334  -44.924  14.868  29.516 0.5000000000
73080  -38.902  10.608  45.099 0.1000000015
73081  -39.554  10.803  45.795 0.1000000015
73087  -37.247  10.659  44.326 0.1000000015
73088  -38.059  10.807  44.790 0.1000000015
73792  -38.634  11.586  45.243 0.1000000015
73793  -39.169  11.858  45.769 0.1000000015
73797  -36.629  11.412  43.975 0.1000000015
73799  -37.920  11.807  44.856 0.1000000015
74541  -38.665  12.753  45.436 0.1000000015
73803  -36.023  11.643  43.505 0.1000000015
74547  -37.522  12.546  44.612 0.1000000015
74548  -38.130  12.450  44.991 0.1000000015
73802  -35.489  11.372  43.024 0.1000000015
74546  -36.805  12.510  44.132 0.1000000015
74560  -34.736  12.182  42.184 0.1000000015
73807  -34.947  11.533  42.503 0.1000000015
74551  -35.677  12.442  43.166 0.1000000015
74552  -36.263  12.248  43.699 0.1000000015
73817  -34.118  11.106  41.095 0.1000000015
74561  -35.175  12.165  42.664 0.1000000015
75367  -35.710  13.167  43.019 0.1000000015
73833  -34.335  11.727  40.550 0.1000000015
74589  -34.490  12.373  40.706 0.1000000015
75380  -34.690  12.642  41.853 0.1000000015
73843  -33.872  11.012  39.007 0.1000000015
73850  -34.021  10.875  38.254 0.1000000015
73844  -34.420  11.464  38.559 0.1000000015
73119  -34.279  10.540  37.302 0.1000000015
73855  -34.246  10.845  37.713 0.1000000015
73864  -34.926  11.161  36.717 0.1000000015
73857  -35.117  11.599  36.907 0.1000000015
73870  -35.485  11.363  35.938 0.1000000015
74643  -35.935  12.333  36.012 0.2000000030
74645  -36.655  12.388  35.331 0.2000000030
74646  -37.343  12.401  34.884 0.2000000030
75468  -38.691  13.337  34.555 0.2000000030
75469  -39.313  13.667  34.189 0.3000000119
76295  -40.377  14.330  33.778 0.3000000119
75471  -39.171  13.130  34.001 0.2000000030
76303  -40.670  14.001  33.069 0.3000000119
76304  -41.342  14.506  32.746 0.5000000000
76305  -42.097  14.896  32.467 0.5000000000
77189  -43.114  15.183  31.809 0.5000000000
76312  -41.642  14.170  32.054 0.5000000000
76314  -43.117  14.856  31.311 0.6000000238
75476  -41.307  13.857  32.199 0.4000000060
76322  -43.986  14.790  30.321 0.5000000000
77219  -45.467  15.444  29.643 0.5000000000
77238  -45.574  14.996  29.235 0.5000000000
75351  -38.500  13.609  45.343 0.1000000015
75356  -36.717  13.180  43.989 0.1000000015
75357  -37.124  13.309  44.272 0.1000000015
75358  -37.902  13.521  44.825 0.1000000015
76166  -38.423  14.446  45.200 0.1000000015
75368  -36.268  13.177  43.563 0.1000000015
76177  -37.833  14.615  44.595 0.1000000015
77035  -38.761  15.439  45.201 0.1000000015
75381  -35.154  13.191  42.258 0.1000000015
76187  -35.873  13.774  42.929 0.1000000015
76189  -36.901  14.604  43.605 0.1000000015
76176  -37.156  14.340  44.056 0.1000000015
75392  -34.668  12.958  41.352 0.1000000015
74601  -34.906  12.218  39.136 0.1000000015
74624  -35.316  12.018  37.461 0.2000000030
74612  -34.917  11.847  38.238 0.1000000015
74637  -35.484  11.996  36.639 0.1000000015
75462  -36.834  13.057  35.798 0.2000000030
75466  -37.252  12.924  35.295 0.2000000030
75464  -38.316  13.546  35.112 0.2000000030
76294  -39.674  13.976  34.065 0.3000000119
76296  -41.070  14.781  33.513 0.3000000119
77178  -42.784  15.332  32.645 0.5000000000
77180  -44.326  15.955  31.862 0.5000000000
78046  -45.878  15.973  32.826 0.6000000238
78047  -46.806  15.587  32.841 0.5000000000
78053  -45.085  16.144  31.893 0.6000000238
78054  -45.954  16.177  31.853 0.6000000238
78055  -46.846  16.145  31.818 0.6000000238
77190  -43.711  15.395  31.180 0.5000000000
78068  -45.147  16.048  30.991 0.6000000238
77200  -43.867  14.987  30.599 0.5000000000
77191  -44.482  15.877  31.177 0.5000000000
77202  -45.224  15.830  30.354 0.5000000000
78087  -46.451  15.948  30.105 0.5000000000
77046  -38.238  15.357  44.650 0.1000000015
77943  -37.938  15.798  43.405 0.1000000015
75411  -35.352  13.496  40.095 0.1000000015
76212  -35.603  14.126  41.431 0.1000000015
76213  -36.174  14.664  41.875 0.1000000015
74613  -35.612  12.387  38.371 0.1000000015
75421  -35.316  12.970  39.637 0.1000000015
74638  -35.957  12.473  36.869 0.2000000030
75450  -36.569  12.887  36.534 0.2000000030
77161  -41.680  15.151  33.688 0.4000000060
77177  -42.052  15.155  32.988 0.4000000060
74625  -36.302  12.576  37.639 0.2000000030
78088  -47.270  15.939  30.116 0.5000000000
73150  -42.547  10.835  31.281 0.2000000030
71681  -40.498  8.161  33.620 0.2000000030
71698  -41.622  9.225  32.581 0.2000000030
70951  -37.687  7.477  35.486 0.1000000015
70952  -38.597  7.390  35.267 0.2000000030
71687  -40.046  9.145  33.402 0.2000000030
73146  -41.430  10.653  31.940 0.2000000030
73149  -41.835  10.878  31.579 0.2000000030
70939  -34.264  7.482  36.905 0.1000000015
72405  -37.036  9.819  34.868 0.2000000030
70880  -40.939  8.012  46.536 0.1000000015
71619  -40.009  8.651  45.424 0.1000000015
71654  -33.502  8.498  38.402 0.1000000015
71650  -33.598  8.497  39.172 0.1000000015
71656  -33.601  8.512  37.644 0.1000000015
73068  -42.142  9.977  47.896 0.1000000015
72340  -42.443  9.450  48.117 0.1000000015
72350  -39.797  9.706  45.469 0.1000000015
71621  -37.700  9.040  44.133 0.1000000015
71631  -36.164  8.568  42.633 0.1000000015
71646  -33.895  8.514  39.878 0.1000000015
73126  -34.105  9.979  37.126 0.1000000015
73880  -39.549  11.554  33.420 0.3000000119
74658  -41.866  13.175  31.349 0.4000000060
75481  -41.212  13.266  32.036 0.4000000060
73066  -41.049  10.947  47.234 0.1000000015
73076  -40.518  10.711  46.677 0.1000000015
73100  -34.227  10.346  41.292 0.1000000015
73832  -33.771  10.608  40.077 0.1000000015
73869  -35.070  10.990  36.338 0.1000000015
75472  -39.702  13.495  33.703 0.3000000119
75473  -40.249  13.516  33.223 0.3000000119
77218  -44.750  15.060  29.755 0.5000000000
73798  -37.330  11.625  44.501 0.1000000015
74572  -34.456  12.102  41.621 0.1000000015
74600  -34.314  11.684  39.811 0.1000000015
75410  -34.885  13.057  40.262 0.1000000015
73851  -34.506  11.329  37.977 0.1000000015
73856  -34.684  11.227  37.296 0.1000000015
74623  -34.845  11.619  37.752 0.1000000015
74642  -35.504  11.838  36.236 0.1000000015
74647  -38.098  12.455  34.538 0.2000000030
75467  -37.904  13.032  35.010 0.2000000030
76313  -42.334  14.520  31.695 0.5000000000
77201  -44.470  15.391  30.324 0.5000000000
76167  -38.966  14.768  45.650 0.1000000015
77045  -37.655  15.264  44.069 0.1000000015
77036  -39.295  15.526  45.692 0.1000000015
76199  -35.735  14.100  42.277 0.1000000015
77057  -37.064  15.112  43.270 0.1000000015
75393  -35.061  13.582  40.970 0.1000000015
77179  -43.787  15.769  32.462 0.5000000000
78069  -45.985  16.167  30.743 0.5000000000
77932  -38.829  16.248  44.541 0.1000000015
70969  -47.810  8.083  34.872 0.1000000015
71685  -47.352  8.296  34.897 0.1000000015
70967  -46.021  8.012  35.058 0.1000000015
71684  -46.815  8.331  34.751 0.1000000015
71695  -47.365  8.285  34.449 0.1000000015
70976  -44.936  7.988  34.118 0.1000000015
71682  -45.534  8.086  34.236 0.1000000015
71683  -46.265  8.274  34.322 0.1000000015
71694  -46.845  8.290  33.951 0.1000000015
70978  -47.766  7.997  33.984 0.1000000015
70970  -48.226  7.642  34.562 0.1000000015
70975  -44.280  7.952  33.987 0.1000000015
71693  -45.959  8.142  33.714 0.1000000015
70977  -46.992  7.866  33.444 0.1000000015
70237  -48.008  7.183  33.856 0.1000000015
70974  -43.254  7.898  33.802 0.1000000015
71692  -44.990  8.309  33.484 0.1000000015
71703  -46.304  7.983  33.468 0.1000000015
70236  -47.503  7.454  33.587 0.1000000015
70242  -47.662  6.892  33.504 0.1000000015
69493  -47.694  5.961  33.275 0.1000000015
70973  -42.214  7.766  33.562 0.1000000015
71690  -42.887  8.483  33.158 0.1000000015
71691  -43.925  8.576  33.301 0.1000000015
71701  -44.452  8.946  32.366 0.1000000015
71702  -45.501  8.225  32.862 0.1000000015
70241  -46.916  6.940  33.106 0.1000000015
71700  -43.483  9.004  32.608 0.1000000015
70982  -46.163  7.641  32.978 0.1000000015
70240  -45.874  6.759  32.478 0.1000000015
69492  -46.403  5.516  32.280 0.1000000015
68683  -47.496  4.692  32.421 0.1000000015
72418  -43.165  9.502  32.115 0.1000000015
72419  -43.796  9.364  32.166 0.1000000015
71706  -45.096  8.528  31.737 0.1000000015
70981  -45.501  7.662  32.160 0.1000000015
67838  -48.385  4.029  32.297 0.1000000015
71705  -44.660  9.265  31.280 0.1000000015
69491  -45.704  6.091  31.968 0.1000000015
68682  -46.809  4.696  32.038 0.1000000015
68696  -47.075  4.244  31.741 0.1000000015
67849  -47.830  3.703  31.496 0.1000000015
69499  -45.564  5.519  31.217 0.1000000015
68694  -45.853  4.505  31.018 0.1000000015
67848  -46.927  3.771  31.112 0.1000000015
67863  -48.627  3.259  30.520 0.1000000015
67862  -47.640  3.414  30.395 0.1000000015
71675  -47.492  8.167  35.184 0.1000000015
70968  -46.638  8.130  35.306 0.1000000015
71674  -47.099  8.179  35.329 0.1000000015
70958  -48.293  7.502  35.538 0.1000000015
70966  -44.819  7.396  34.799 0.1000000015
70234  -48.831  6.853  35.339 0.1000000015
70233  -48.588  7.112  34.886 0.1000000015
70965  -43.611  7.310  34.467 0.1000000015
70238  -48.340  7.128  34.266 0.1000000015
69483  -47.970  6.605  33.657 0.1000000015
68684  -48.472  4.997  33.283 0.1000000015
67839  -49.281  3.815  32.353 0.1000000015
67850  -48.951  3.429  31.447 0.1000000015
67876  -49.308  3.027  29.745 0.1000000015
70942  -47.318  7.318  36.432 0.1000000015
70957  -47.573  7.865  35.706 0.1000000015
70203  -48.644  6.867  36.691 0.1000000015
70224  -49.034  6.785  36.109 0.1000000015
70956  -46.644  7.630  35.962 0.1000000015
69464  -48.961  6.720  35.507 0.1000000015
70232  -43.787  6.760  34.996 0.1000000015
70954  -45.026  6.847  35.450 0.1000000015
70955  -45.611  7.259  35.644 0.1000000015
70964  -42.577  7.197  34.272 0.1000000015
69473  -48.532  6.765  34.421 0.1000000015
68673  -48.869  5.378  33.787 0.1000000015
69494  -48.217  5.726  33.536 0.1000000015
68685  -49.523  4.353  32.988 0.1000000015
67864  -49.634  3.107  30.419 0.1000000015
67851  -50.014  3.326  31.287 0.1000000015
67050  -49.885  2.811  29.414 0.1000000015
67046  -50.088  2.884  29.866 0.1000000015
67055  -50.252  2.787  28.930 0.1000000015
64796  -55.243  -0.362  20.525 0.1000000015
68616  -53.258  4.607  36.517 0.1000000015
70202  -47.865  6.776  37.155 0.1000000015
70191  -49.029  6.330  37.590 0.1000000015
70192  -49.284  6.328  37.618 0.1000000015
69440  -50.464  5.516  36.418 0.1000000015
70201  -46.815  6.753  36.695 0.1000000015
70941  -46.925  7.269  36.409 0.1000000015
70225  -49.288  6.620  36.535 0.1000000015
70200  -45.946  6.216  36.559 0.1000000015
70222  -46.001  6.917  36.287 0.1000000015
69465  -49.184  6.649  35.957 0.1000000015
70219  -43.239  6.158  35.384 0.1000000015
70220  -44.318  6.378  35.430 0.1000000015
70221  -45.277  6.396  35.939 0.1000000015
70230  -41.911  6.689  34.879 0.1000000015
70231  -42.898  6.691  34.931 0.1000000015
69475  -50.662  5.264  34.877 0.1000000015
68663  -48.832  5.879  34.177 0.1000000015
67840  -50.350  3.631  32.073 0.1000000015
67051  -50.449  2.827  29.397 0.1000000015
67865  -50.744  3.052  30.110 0.1000000015
65555  -56.315  0.504  21.812 0.1000000015
64795  -54.908  -0.421  19.842 0.1000000015
64803  -54.563  -0.753  19.236 0.1000000015
65563  -54.724  0.079  20.270 0.1000000015
59183  -49.971  -8.012  36.272 0.1000000015
59195  -49.662  -7.440  35.811 0.1000000015
59196  -50.576  -6.996  35.895 0.1000000015
59197  -51.349  -6.664  35.932 0.1000000015
60840  -53.471  -5.062  35.425 0.1000000015
61607  -53.136  -4.885  35.091 0.1000000015
61609  -54.536  -4.052  35.795 0.1000000015
63143  -55.392  -2.870  36.521 0.1000000015
63144  -55.665  -2.202  36.166 0.1000000015
60010  -51.818  -6.134  35.626 0.1000000015
60839  -53.011  -5.312  35.433 0.1000000015
63921  -56.411  -0.880  36.155 0.1000000015
64636  -56.408  -0.287  36.389 0.1000000015
63140  -46.717  -2.405  37.062 0.1000000015
65401  -56.271  -0.024  36.550 0.1000000015
63895  -46.432  -1.673  36.478 0.1000000015
68652  -48.015  4.486  36.524 0.1000000015
68626  -47.752  5.300  37.109 0.1000000015
68627  -48.680  5.046  37.272 0.1000000015
68611  -48.919  5.782  37.890 0.1000000015
68612  -49.022  5.636  37.759 0.1000000015
63894  -45.810  -1.600  36.224 0.1000000015
68613  -50.571  4.808  36.681 0.1000000015
68631  -52.997  4.192  36.459 0.1000000015
68625  -47.157  5.519  36.940 0.1000000015
69439  -48.177  5.704  37.670 0.1000000015
69422  -48.729  5.935  37.929 0.1000000015
69423  -49.114  5.977  37.955 0.1000000015
69425  -50.985  5.138  36.610 0.1000000015
69468  -53.459  4.957  35.312 0.1000000015
69437  -46.445  5.741  36.763 0.1000000015
69441  -51.252  5.298  36.192 0.1000000015
69462  -45.584  5.539  36.195 0.1000000015
69476  -51.257  5.099  34.950 0.1000000015
70218  -42.271  6.126  35.411 0.1000000015
68666  -52.191  4.776  34.330 0.1000000015
69502  -57.045  5.646  31.838 0.1000000015
70217  -41.309  6.148  35.369 0.1000000015
70229  -40.919  6.807  34.865 0.1000000015
68675  -51.479  4.545  33.599 0.1000000015
70228  -40.021  7.031  35.013 0.1000000015
68674  -49.481  4.699  33.450 0.1000000015
66267  -57.300  1.868  28.638 0.1000000015
66270  -57.452  1.748  27.970 0.1000000015
68686  -50.599  3.921  32.532 0.1000000015
67068  -57.502  2.332  27.210 0.1000000015
66289  -57.594  1.321  26.551 0.1000000015
67852  -51.119  3.332  31.110 0.1000000015
67866  -51.906  3.252  30.225 0.1000000015
66296  -57.660  1.554  25.706 0.1000000015
65541  -56.995  0.769  22.276 0.1000000015
57424  -54.912  -9.976  40.428 0.1000000015
57434  -55.342  -10.188  39.928 0.1000000015
56557  -54.855  -11.126  39.525 0.1000000015
56571  -54.033  -10.703  38.779 0.1000000015
57443  -53.306  -10.260  38.300 0.1000000015
58281  -54.497  -9.207  40.500 0.1000000015
58298  -54.059  -8.327  40.461 0.1000000015
57449  -50.553  -9.838  37.503 0.1000000015
59162  -53.188  -7.352  40.361 0.1000000015
58315  -49.616  -8.588  36.496 0.1000000015
59973  -52.228  -6.474  40.085 0.1000000015
58316  -50.608  -8.411  36.616 0.1000000015
59184  -50.678  -7.725  36.304 0.1000000015
59185  -51.692  -7.354  36.350 0.1000000015
60812  -50.043  -5.113  39.100 0.1000000015
61575  -50.497  -4.278  39.112 0.1000000015
61574  -49.506  -4.398  38.680 0.1000000015
60002  -52.906  -6.416  36.067 0.1000000015
62327  -49.007  -3.849  38.264 0.1000000015
60011  -52.612  -5.780  35.641 0.1000000015
61604  -54.712  -4.235  36.368 0.1000000015
62363  -54.956  -3.566  35.983 0.1000000015
63904  -55.729  -1.268  36.788 0.1000000015
62345  -48.246  -3.415  37.849 0.1000000015
63122  -47.615  -2.739  37.461 0.1000000015
60835  -53.750  -5.390  35.939 0.1000000015
63905  -56.155  -0.677  36.526 0.1000000015
65400  -55.982  0.103  36.687 0.1000000015
63141  -47.883  -2.010  37.185 0.1000000015
66228  -56.221  1.568  36.207 0.1000000015
65418  -55.815  0.755  36.484 0.1000000015
66227  -55.285  1.417  36.111 0.1000000015
63917  -46.219  -1.222  35.974 0.1000000015
63916  -45.476  -1.297  35.685 0.1000000015
64668  -45.846  -0.464  34.987 0.1000000015
68651  -46.935  4.857  36.300 0.1000000015
69463  -46.149  5.166  36.314 0.1000000015
69461  -44.546  5.555  35.664 0.1000000015
68650  -45.766  4.517  35.660 0.1000000015
69460  -43.562  5.507  35.564 0.1000000015
68649  -44.791  4.790  35.507 0.1000000015
69459  -42.625  5.459  35.643 0.1000000015
68714  -57.383  4.807  29.756 0.1000000015
68687  -52.108  3.667  32.073 0.1000000015
67893  -57.574  3.821  29.011 0.1000000015
67842  -52.739  3.746  31.614 0.1000000015
67067  -57.444  2.827  26.841 0.1000000015
67077  -57.646  2.071  26.214 0.1000000015
67076  -57.527  2.612  26.508 0.1000000015
66302  -57.797  1.472  24.759 0.1000000015
67084  -57.611  2.609  25.979 0.1000000015
66314  -57.868  1.388  23.584 0.1000000015
66342  -57.026  1.231  22.014 0.1000000015
65556  -56.767  0.927  21.940 0.1000000015
66341  -56.614  1.208  21.755 0.1000000015
65554  -55.383  0.295  20.999 0.1000000015
65564  -55.077  -0.130  20.351 0.1000000015
66326  -55.040  1.509  21.967 0.1000000015
66339  -55.345  0.980  21.175 0.1000000015
56572  -54.796  -10.431  38.870 0.1000000015
58299  -55.252  -8.845  40.011 0.1000000015
57444  -54.244  -9.865  38.418 0.1000000015
56581  -52.429  -10.133  38.044 0.1000000015
57451  -52.953  -9.498  37.785 0.1000000015
57450  -51.598  -9.507  37.527 0.1000000015
59163  -54.500  -7.465  40.299 0.1000000015
57460  -51.255  -8.785  37.084 0.1000000015
59974  -53.549  -6.458  40.307 0.1000000015
58317  -51.668  -8.214  36.833 0.1000000015
60800  -51.476  -5.848  39.714 0.1000000015
60813  -51.207  -5.069  39.512 0.1000000015
60001  -52.153  -6.756  36.119 0.1000000015
62328  -49.916  -3.457  38.662 0.1000000015
60834  -53.197  -5.798  35.884 0.1000000015
62359  -55.120  -3.555  36.973 0.1000000015
62346  -49.175  -3.050  38.165 0.1000000015
63123  -48.747  -2.323  37.620 0.1000000015
63889  -55.252  -1.874  37.136 0.1000000015
64635  -56.022  -0.404  36.677 0.1000000015
63897  -48.427  -1.390  36.887 0.1000000015
64634  -55.292  -0.428  37.011 0.1000000015
65399  -55.486  0.229  36.722 0.1000000015
63896  -47.378  -1.608  36.685 0.1000000015
68653  -48.563  4.319  36.565 0.1000000015
67786  -49.243  4.090  36.510 0.1000000015
68629  -51.108  4.254  36.504 0.1000000015
63918  -47.003  -1.126  36.125 0.1000000015
67814  -51.642  2.222  35.304 0.1000000015
67815  -52.977  2.120  35.326 0.1000000015
64646  -46.038  -0.939  35.570 0.1000000015
64647  -46.589  -0.709  35.588 0.1000000015
67812  -49.374  3.361  35.783 0.1000000015
64667  -44.761  -0.268  34.582 0.1000000015
67811  -48.547  3.606  35.789 0.1000000015
67010  -49.241  2.747  35.228 0.1000000015
67025  -43.617  2.538  34.558 0.1000000015
66238  -43.985  1.558  34.314 0.1000000015
65430  -44.378  0.615  34.320 0.1000000015
65432  -46.395  0.558  34.654 0.1000000015
64669  -46.851  -0.041  35.172 0.1000000015
67810  -47.517  3.846  35.662 0.1000000015
67809  -46.539  3.896  35.410 0.1000000015
67807  -43.109  4.313  35.355 0.1000000015
68648  -43.758  4.689  35.419 0.1000000015
69456  -39.783  5.506  35.724 0.1000000015
68645  -41.177  4.589  35.566 0.1000000015
68646  -42.091  4.670  35.608 0.1000000015
68647  -42.940  4.778  35.607 0.1000000015
68706  -57.166  5.310  30.477 0.1000000015
70215  -39.311  6.608  35.467 0.1000000015
69457  -40.753  5.430  35.606 0.1000000015
69458  -41.697  5.426  35.647 0.1000000015
68689  -54.712  4.733  31.926 0.1000000015
68721  -57.291  4.930  28.720 0.1000000015
67914  -57.603  3.859  27.854 0.1000000015
70227  -39.510  7.151  35.096 0.1000000015
67913  -57.488  3.292  27.081 0.1000000015
67932  -57.504  3.209  26.556 0.1000000015
67085  -57.902  2.344  25.273 0.1000000015
57445  -55.264  -9.774  39.065 0.1000000015
57452  -53.959  -9.145  37.813 0.1000000015
58310  -53.015  -8.596  37.271 0.1000000015
58309  -52.071  -8.894  37.320 0.1000000015
59177  -53.457  -7.961  37.028 0.1000000015
60802  -53.842  -5.616  40.281 0.1000000015
58318  -52.546  -7.874  36.805 0.1000000015
59178  -54.239  -7.431  37.195 0.1000000015
60801  -52.488  -5.474  39.965 0.1000000015
59186  -52.978  -7.292  36.500 0.1000000015
59187  -53.679  -6.820  36.584 0.1000000015
60814  -51.921  -4.867  39.668 0.1000000015
60003  -53.730  -6.146  36.378 0.1000000015
61576  -51.649  -4.265  39.453 0.1000000015
61603  -54.497  -4.981  36.519 0.1000000015
63110  -50.500  -2.991  38.746 0.1000000015
63124  -50.109  -2.414  38.280 0.1000000015
63129  -55.187  -2.566  37.488 0.1000000015
63142  -48.488  -1.820  37.244 0.1000000015
63898  -49.214  -1.295  37.177 0.1000000015
63903  -55.239  -1.058  37.230 0.1000000015
66224  -51.898  1.181  35.286 0.1000000015
65417  -54.888  0.615  36.380 0.1000000015
63919  -47.834  -1.065  36.317 0.1000000015
64649  -48.785  -0.720  36.204 0.1000000015
67813  -50.264  2.899  35.533 0.1000000015
67012  -51.068  1.991  35.124 0.1000000015
67013  -52.345  1.773  35.260 0.1000000015
64648  -47.593  -0.448  35.624 0.1000000015
67011  -50.016  2.496  35.226 0.1000000015
66240  -45.968  1.433  34.370 0.1000000015
67026  -44.612  2.453  34.420 0.1000000015
66239  -44.983  1.482  34.229 0.1000000015
67827  -44.312  3.388  34.760 0.1000000015
67829  -46.130  3.159  34.806 0.1000000015
67830  -47.039  3.162  34.882 0.1000000015
67831  -47.957  3.069  34.974 0.1000000015
67806  -42.524  4.090  35.296 0.1000000015
67826  -43.275  3.642  35.009 0.1000000015
68660  -44.204  4.145  35.125 0.1000000015
68661  -44.972  4.102  35.028 0.1000000015
67808  -45.829  3.778  35.141 0.1000000015
68705  -56.477  5.485  30.704 0.1000000015
68697  -54.609  4.723  31.446 0.1000000015
68713  -56.911  5.287  29.594 0.1000000015
67856  -55.012  4.836  30.766 0.1000000015
67869  -54.841  4.613  30.257 0.1000000015
68720  -56.762  5.491  28.408 0.1000000015
67933  -57.579  4.194  26.900 0.1000000015
68737  -57.289  5.385  27.681 0.1000000015
68758  -57.465  5.240  26.978 0.1000000015
58305  -54.801  -9.143  38.334 0.1000000015
59164  -55.251  -7.468  39.703 0.1000000015
58311  -54.400  -8.388  37.709 0.1000000015
59975  -54.679  -6.469  40.253 0.1000000015
59995  -54.426  -6.564  37.077 0.1000000015
59996  -55.035  -6.063  37.765 0.1000000015
60829  -54.977  -5.391  37.595 0.1000000015
61577  -52.746  -4.144  39.733 0.1000000015
61594  -55.029  -4.484  37.628 0.1000000015
62329  -50.920  -3.497  39.053 0.1000000015
63111  -51.180  -2.801  38.808 0.1000000015
61593  -54.783  -5.175  37.154 0.1000000015
62347  -55.064  -3.430  37.806 0.1000000015
63888  -54.938  -1.554  37.494 0.1000000015
63883  -49.571  -1.685  37.613 0.1000000015
64654  -54.452  0.022  36.719 0.1000000015
64655  -55.085  0.133  36.788 0.1000000015
64629  -49.553  -0.896  36.912 0.1000000015
64628  -48.988  -1.071  36.826 0.1000000015
65438  -53.101  0.829  35.445 0.1000000015
65416  -53.782  0.507  35.950 0.1000000015
65411  -48.471  0.010  35.353 0.1000000015
67014  -53.584  1.804  35.415 0.1000000015
66226  -54.046  1.157  35.673 0.1000000015
66248  -53.602  0.846  35.633 0.1000000015
65433  -47.344  0.596  34.809 0.1000000015
64670  -47.395  0.077  35.187 0.1000000015
66245  -50.140  1.285  34.998 0.1000000015
67033  -50.385  1.819  34.993 0.1000000015
67027  -45.576  2.364  34.441 0.1000000015
67031  -49.027  2.103  34.781 0.1000000015
67009  -48.645  2.786  35.030 0.1000000015
67029  -47.442  2.296  34.543 0.1000000015
67030  -48.293  2.213  34.616 0.1000000015
67828  -45.269  3.341  34.737 0.1000000015
68698  -55.316  5.082  31.284 0.1000000015
68704  -55.639  5.079  30.353 0.1000000015
68712  -56.402  5.241  29.512 0.1000000015
68736  -56.955  5.849  27.867 0.1000000015
69515  -56.579  5.707  28.094 0.1000000015
69516  -56.737  5.828  27.906 0.1000000015
58306  -55.388  -8.396  38.816 0.1000000015
59174  -55.467  -7.216  38.853 0.1000000015
59179  -55.164  -6.916  37.874 0.1000000015
59976  -55.266  -6.432  39.628 0.1000000015
59988  -55.355  -6.279  38.731 0.1000000015
60816  -55.129  -5.337  38.566 0.1000000015
61569  -54.013  -5.060  40.235 0.1000000015
60803  -54.674  -5.493  40.079 0.1000000015
61579  -54.836  -4.335  39.029 0.1000000015
61568  -53.286  -4.878  40.051 0.1000000015
61578  -54.031  -4.393  39.880 0.1000000015
62333  -54.831  -3.548  38.545 0.1000000015
62331  -53.102  -3.438  39.396 0.1000000015
62332  -54.117  -3.491  39.194 0.1000000015
63115  -54.837  -2.898  38.200 0.1000000015
63128  -54.555  -2.174  38.156 0.1000000015
63112  -52.270  -2.720  38.878 0.1000000015
64622  -54.525  -1.160  37.588 0.1000000015
63125  -51.399  -2.061  38.409 0.1000000015
63885  -51.712  -1.265  38.042 0.1000000015
64623  -54.877  -0.978  37.400 0.1000000015
63884  -50.588  -1.409  37.897 0.1000000015
64620  -51.013  -0.979  37.836 0.1000000015
64630  -50.587  -0.754  37.294 0.1000000015
64621  -51.315  -0.856  37.701 0.1000000015
65415  -52.747  0.504  35.642 0.1000000015
64633  -54.105  -0.699  37.338 0.1000000015
65412  -49.412  -0.028  35.553 0.1000000015
64650  -49.948  -0.453  36.326 0.1000000015
65434  -48.194  0.656  34.818 0.1000000015
65413  -50.349  0.145  35.681 0.1000000015
65437  -50.521  0.727  35.281 0.1000000015
67028  -46.516  2.314  34.513 0.1000000015
66241  -46.917  1.425  34.514 0.1000000015
65435  -49.012  0.610  34.969 0.1000000015
65436  -49.822  0.637  35.156 0.1000000015
66246  -50.900  1.237  35.157 0.1000000015
66242  -47.820  1.413  34.550 0.1000000015
66243  -48.645  1.375  34.677 0.1000000015
66244  -49.415  1.323  34.837 0.1000000015
67032  -49.737  1.998  34.874 0.1000000015
75440  -36.957  12.994  37.178 0.1000000015
75451  -37.504  13.509  36.423 0.1000000015
76274  -37.987  13.756  35.894 0.1000000015
75463  -37.744  13.435  35.566 0.1000000015
76285  -39.366  14.144  34.639 0.1000000015
76275  -38.581  13.927  35.509 0.1000000015
77142  -40.126  14.673  34.838 0.2000000030
77143  -40.764  14.914  34.574 0.2000000030
77144  -41.575  15.080  34.583 0.2000000030
77162  -42.688  15.371  33.756 0.3000000119
77163  -43.842  15.526  33.821 0.3000000119
78045  -44.893  16.056  32.866 0.4000000060
78044  -44.409  15.818  33.352 0.3000000119
60804  -55.194  -5.695  39.413 0.1000000015
60815  -54.889  -5.012  39.529 0.1000000015
63114  -54.261  -2.789  38.655 0.1000000015
63113  -53.345  -2.721  38.892 0.1000000015
63127  -53.634  -2.059  38.424 0.1000000015
63887  -54.027  -1.400  37.933 0.1000000015
63126  -52.554  -2.018  38.466 0.1000000015
63886  -52.914  -1.444  38.069 0.1000000015
63901  -52.328  -0.945  37.732 0.1000000015
63902  -53.237  -1.038  37.687 0.1000000015
64632  -52.806  -0.654  37.154 0.1000000015
64631  -51.678  -0.637  37.246 0.1000000015
64651  -50.997  -0.207  36.441 0.1000000015
64652  -52.153  -0.166  36.386 0.1000000015
64653  -53.354  -0.128  36.495 0.1000000015
65414  -51.368  0.443  35.623 0.1000000015
78035  -44.548  15.567  33.828 0.3000000119
78036  -45.059  15.534  33.759 0.3000000119
78038  -46.458  15.244  33.459 0.3000000119
77181  -47.071  14.868  33.709 0.4000000060
77165  -45.689  14.781  34.410 0.3000000119
77166  -46.667  14.606  34.341 0.3000000119
80006  -48.143  19.668  27.412 0.5000000000
79431  -48.589  18.988  27.054 0.5000000000
80005  -47.147  19.710  27.406 0.5000000000
80625  -48.736  20.383  27.763 0.5000000000
69426  -51.891  4.993  36.519 0.1000000015
68614  -51.515  4.692  36.649 0.1000000015
68630  -52.075  4.199  36.501 0.1000000015
67015  -54.773  2.020  35.744 0.1000000015
68656  -52.705  4.927  34.935 0.1000000015
69466  -51.496  5.198  35.441 0.1000000015
69470  -56.295  5.605  35.245 0.1000000015
69501  -56.618  5.629  32.283 0.1000000015
68676  -52.473  4.523  33.553 0.1000000015
68691  -56.195  5.547  32.675 0.1000000015
69509  -57.355  5.381  30.903 0.1000000015
69508  -57.066  5.574  31.114 0.1000000015
69507  -56.699  5.628  31.531 0.1000000015
68690  -55.673  5.281  32.164 0.1000000015
69442  -52.221  5.105  36.098 0.1000000015
69495  -56.561  5.583  33.165 0.1000000015
68699  -56.186  5.565  31.779 0.1000000015
67117  -55.079  2.297  22.640 0.1000000015
66324  -53.146  1.026  22.261 0.1000000015
69522  -56.776  5.988  27.552 0.1000000015
67841  -51.517  3.536  31.788 0.1000000015
68688  -53.549  4.244  31.940 0.1000000015
67844  -54.272  4.609  31.497 0.1000000015
70953  -39.180  7.305  35.107 0.1000000015
76284  -38.704  13.831  34.929 0.1000000015
75439  -36.432  12.729  37.044 0.1000000015
76286  -40.140  14.540  34.379 0.2000000030
77160  -41.032  14.944  33.991 0.2000000030
70979  -48.143  7.559  34.126 0.1000000015
70244  -45.387  6.694  31.635 0.1000000015
69500  -45.962  4.935  31.587 0.1000000015
68695  -46.403  4.450  31.574 0.1000000015
67847  -46.272  3.931  30.899 0.1000000015
70223  -48.727  7.049  35.697 0.1000000015
69484  -48.385  6.183  33.913 0.1000000015
69485  -48.660  6.054  34.136 0.1000000015
70943  -47.994  7.380  36.394 0.1000000015
70204  -49.208  6.591  36.996 0.1000000015
69474  -48.832  6.482  34.673 0.1000000015
70963  -41.525  7.212  34.161 0.1000000015
69428  -53.454  4.837  36.358 0.1000000015
69427  -52.769  4.900  36.447 0.1000000015
68632  -55.743  3.752  36.417 0.1000000015
68615  -52.435  4.628  36.600 0.1000000015
70190  -48.548  6.404  37.545 0.1000000015
69438  -47.430  6.015  37.403 0.1000000015
69421  -48.181  6.190  37.737 0.1000000015
69424  -49.255  6.105  37.830 0.1000000015
70205  -49.450  6.512  36.991 0.1000000015
69436  -45.958  5.837  36.596 0.1000000015
68664  -49.008  5.597  34.051 0.1000000015
68665  -51.224  4.922  34.438 0.1000000015
64787  -55.636  -0.322  21.477 0.1000000015
63130  -55.412  -2.150  36.827 0.1000000015
68628  -49.012  4.925  37.285 0.1000000015
67790  -55.366  3.232  36.108 0.1000000015
69467  -52.540  5.052  35.517 0.1000000015
69443  -53.124  4.989  36.030 0.1000000015
69477  -53.970  4.929  34.730 0.1000000015
68655  -51.979  4.987  34.967 0.1000000015
69497  -57.420  5.341  32.206 0.1000000015
69503  -57.428  5.356  31.366 0.1000000015
70216  -40.343  6.260  35.368 0.1000000015
67057  -57.406  2.661  28.329 0.1000000015
67882  -57.470  3.763  30.073 0.1000000015
66281  -57.507  1.152  27.457 0.1000000015
56548  -54.823  -10.986  40.554 0.1000000015
56570  -52.754  -10.924  38.721 0.1000000015
57459  -50.503  -9.063  37.041 0.1000000015
59161  -51.851  -7.303  40.187 0.1000000015
67787  -50.749  3.723  36.170 0.1000000015
68707  -57.617  4.868  30.732 0.1000000015
67945  -57.496  2.922  26.204 0.1000000015
65526  -57.263  0.441  23.189 0.1000000015
66340  -55.943  1.070  21.398 0.1000000015
67785  -48.888  4.077  36.459 0.1000000015
67788  -51.727  3.660  36.217 0.1000000015
67789  -52.691  3.644  36.225 0.1000000015
65431  -45.399  0.525  34.418 0.1000000015
67825  -42.201  3.325  34.973 0.1000000015
68677  -54.666  4.749  32.356 0.1000000015
61567  -52.418  -4.709  39.779 0.1000000015
60828  -54.456  -5.707  36.906 0.1000000015
66225  -53.016  1.151  35.314 0.1000000015
58312  -55.122  -7.711  38.054 0.1000000015
62330  -51.979  -3.452  39.227 0.1000000015
63899  -49.882  -1.166  37.422 0.1000000015
77145  -42.430  15.080  34.564 0.2000000030
78037  -45.794  15.372  33.615 0.4000000060
67816  -54.405  2.443  35.709 0.1000000015
67817  -55.422  2.874  35.986 0.1000000015
67016  -55.767  2.323  36.116 0.1000000015
69444  -54.016  4.828  35.954 0.1000000015
68667  -53.190  4.802  34.362 0.1000000015
68678  -55.708  5.359  33.043 0.1000000015
68679  -56.202  5.595  33.423 0.1000000015
68668  -53.974  4.832  34.069 0.1000000015
69486  -56.056  5.673  33.965 0.1000000015
78110  -44.027  17.120  27.097 0.2000000030
78111  -44.701  17.207  26.943 0.2000000030
78117  -44.428  16.530  26.705 0.2000000030
78118  -45.368  16.816  26.591 0.2000000030
78825  -44.399  17.888  27.200 0.2000000030
80599  -54.544  19.866  28.974 0.2000000030
81261  -49.316  21.367  27.895 0.3000000119
78826  -45.299  17.818  26.975 0.2000000030
79427  -44.820  18.746  27.231 0.2000000030
79428  -45.697  18.810  27.139 0.2000000030
79429  -46.595  18.923  27.028 0.3000000119
80598  -53.425  20.066  29.250 0.2000000030
80613  -54.276  20.532  28.542 0.2000000030
81262  -49.784  21.349  27.974 0.3000000119
81279  -49.495  21.760  27.795 0.3000000119
79958  -56.981  19.504  32.277 0.3000000119
80614  -55.250  20.257  28.232 0.2000000030
78116  -43.790  16.473  26.907 0.2000000030
79426  -44.027  18.738  27.431 0.1000000015
78764  -46.721  17.557  35.429 0.1000000015
79362  -46.974  18.328  34.748 0.1000000015
78760  -46.523  16.836  35.889 0.1000000015
78765  -47.522  17.095  35.408 0.1000000015
80004  -46.154  19.720  27.381 0.3000000119
78759  -45.680  17.246  36.039 0.1000000015
78763  -46.107  17.666  35.584 0.1000000015
80624  -47.786  20.567  27.610 0.1000000015
80623  -46.724  20.649  27.416 0.2000000030
81892  -48.124  22.269  27.091 0.1000000015
81277  -47.450  21.478  27.303 0.1000000015
78824  -43.576  17.833  27.481 0.1000000015
78109  -43.294  16.844  27.267 0.1000000015
77256  -43.418  16.269  26.895 0.1000000015
77266  -42.439  15.583  26.043 0.1000000015
79361  -46.011  18.485  35.036 0.1000000015
79368  -48.061  18.603  34.099 0.1000000015
79952  -50.428  19.492  32.762 0.1000000015
79358  -45.597  18.112  35.512 0.1000000015
79367  -47.429  18.672  34.286 0.1000000015
79947  -48.355  19.338  33.553 0.1000000015
81278  -48.651  21.415  27.704 0.2000000030
81894  -50.137  22.287  27.553 0.1000000015
82438  -50.525  22.937  26.650 0.1000000015
82439  -51.621  23.131  26.622 0.2000000030
82453  -53.552  23.311  25.666 0.2000000030
82436  -48.722  22.656  26.649 0.1000000015
82452  -52.138  23.556  25.602 0.1000000015
82454  -54.494  22.938  25.303 0.1000000015
80622  -45.702  20.646  27.164 0.1000000015
82469  -54.011  23.458  24.606 0.1000000015
80002  -44.379  19.693  27.325 0.1000000015
80003  -45.222  19.693  27.269 0.1000000015
82468  -52.802  23.849  24.631 0.1000000015
79946  -47.355  19.484  33.739 0.1000000015
79953  -51.762  19.443  32.633 0.2000000030
81280  -49.992  21.747  27.895 0.2000000030
81895  -51.129  22.606  27.439 0.2000000030
82440  -52.721  23.117  26.493 0.2000000030
82449  -48.993  22.868  25.815 0.1000000015
82450  -49.857  22.971  25.658 0.1000000015
81909  -54.342  22.779  25.860 0.1000000015
82437  -49.556  22.764  26.688 0.1000000015
81908  -47.788  22.480  26.238 0.1000000015
82481  -54.464  23.452  24.000 0.1000000015
81276  -46.333  21.630  26.704 0.1000000015
81890  -46.695  22.165  26.235 0.1000000015
79954  -52.965  19.508  32.837 0.2000000030
79948  -49.309  19.366  33.233 0.1000000015
80601  -56.583  19.678  28.674 0.1000000015
80600  -55.605  19.721  28.689 0.1000000015
80616  -56.971  20.241  28.107 0.1000000015
81267  -55.154  20.812  27.759 0.1000000015
80615  -56.204  20.229  27.895 0.1000000015
81266  -54.114  21.229  27.954 0.1000000015
80628  -56.692  20.422  27.624 0.1000000015
81284  -56.085  20.725  27.178 0.1000000015
80627  -56.512  20.511  27.457 0.1000000015
81285  -56.938  20.701  27.296 0.1000000015
81293  -56.070  21.293  26.482 0.1000000015
81294  -56.534  20.962  26.792 0.1000000015
81912  -56.674  21.475  26.650 0.1000000015
81879  -50.786  22.180  27.845 0.2000000030
82456  -56.629  22.076  26.244 0.1000000015
81896  -52.344  22.475  27.441 0.2000000030
81897  -53.784  22.538  26.626 0.1000000015
81922  -55.285  22.583  25.139 0.1000000015
81923  -55.504  22.448  25.365 0.1000000015
82435  -48.246  22.557  26.536 0.1000000015
82451  -50.890  23.302  25.559 0.1000000015
82470  -54.907  22.921  24.722 0.1000000015
82455  -56.492  22.901  25.993 0.1000000015
81907  -47.108  22.385  25.805 0.1000000015
82448  -48.328  22.673  25.931 0.1000000015
82471  -55.626  23.044  24.885 0.1000000015
83019  -53.972  23.735  23.507 0.1000000015
82488  -54.567  23.713  23.457 0.1000000015
83008  -55.581  24.163  24.422 0.1000000015
79951  -49.647  20.023  32.725 0.1000000015
80557  -48.630  19.873  33.219 0.1000000015
79976  -57.439  19.400  30.239 0.1000000015
80602  -57.316  19.935  29.312 0.1000000015
81269  -57.550  20.812  28.347 0.1000000015
81282  -53.965  21.848  27.285 0.1000000015
81899  -57.205  21.534  27.493 0.1000000015
82427  -56.911  22.410  27.738 0.1000000015
82441  -56.663  23.189  27.230 0.1000000015
81881  -52.004  21.967  28.108 0.1000000015
81281  -53.223  22.128  27.402 0.1000000015
81898  -54.527  21.972  26.583 0.1000000015
81910  -54.978  22.150  25.692 0.1000000015
81921  -47.753  22.542  25.193 0.1000000015
82464  -48.450  22.710  25.125 0.1000000015
82465  -49.087  22.952  24.828 0.1000000015
82466  -50.050  23.231  24.519 0.1000000015
82467  -51.311  23.661  24.248 0.1000000015
80564  -52.417  20.216  32.331 0.1000000015
79967  -57.349  19.451  31.322 0.2000000030
80590  -57.270  20.266  30.895 0.1000000015
81255  -57.367  21.009  29.781 0.1000000015
82426  -56.591  23.266  28.590 0.1000000015
80563  -51.260  20.305  32.192 0.1000000015
80582  -57.194  20.005  31.600 0.1000000015
81249  -56.757  21.210  31.093 0.1000000015
81866  -56.472  22.091  30.997 0.1000000015
81883  -56.833  21.991  28.908 0.1000000015
81873  -56.809  21.792  30.189 0.1000000015
81882  -56.584  22.908  29.326 0.1000000015
83532  -55.784  25.738  30.943 0.1000000015
82973  -56.205  24.423  29.437 0.1000000015
80566  -54.717  20.588  32.844 0.1000000015
80567  -55.973  20.579  32.992 0.1000000015
80568  -56.582  20.071  32.759 0.1000000015
80565  -53.518  20.278  32.635 0.2000000030
80578  -53.153  20.909  32.248 0.1000000015
80579  -53.885  20.806  32.519 0.1000000015
81226  -54.996  21.120  32.723 0.1000000015
81227  -55.344  20.962  32.860 0.1000000015
80581  -56.757  20.448  32.126 0.1000000015
80577  -52.091  20.998  31.887 0.1000000015
80580  -56.201  21.021  32.567 0.1000000015
80576  -51.061  21.158  31.854 0.1000000015
81238  -54.261  21.468  32.403 0.1000000015
81236  -51.838  21.927  31.949 0.1000000015
81237  -52.950  21.795  32.120 0.1000000015
80589  -56.898  20.707  31.519 0.1000000015
81241  -56.367  21.698  31.455 0.1000000015
81235  -50.911  21.891  31.994 0.1000000015
81856  -56.201  22.191  31.617 0.1000000015
81865  -56.403  22.998  31.333 0.1000000015
82418  -56.454  23.518  29.671 0.1000000015
82970  -52.310  25.306  30.083 0.1000000015
82972  -53.214  25.457  30.555 0.1000000015
83544  -53.683  25.488  30.181 0.1000000015
83543  -52.580  25.437  29.729 0.1000000015
83545  -54.963  25.598  29.950 0.1000000015
81248  -56.647  20.908  31.735 0.1000000015
81852  -52.676  23.004  32.316 0.1000000015
81855  -55.892  22.839  32.152 0.1000000015
81240  -56.235  21.412  31.969 0.1000000015
81851  -51.532  22.852  32.163 0.1000000015
81850  -50.577  22.498  32.176 0.1000000015
82400  -56.343  23.986  31.836 0.1000000015
82409  -56.478  24.088  30.786 0.1000000015
82957  -52.264  25.375  30.649 0.1000000015
82958  -53.006  25.593  31.114 0.1000000015
83531  -54.967  25.926  31.240 0.1000000015
83516  -55.894  26.300  32.085 0.1000000015
82949  -56.385  25.295  31.959 0.1000000015
82948  -56.253  25.660  31.623 0.1000000015
81239  -55.507  21.437  32.475 0.1000000015
81853  -53.817  22.621  32.430 0.1000000015
81854  -54.939  22.588  32.443 0.1000000015
81841  -55.328  23.628  32.565 0.1000000015
81849  -49.872  22.267  32.226 0.1000000015
81839  -53.537  23.505  32.684 0.1000000015
81840  -54.524  23.558  32.740 0.1000000015
81836  -50.190  23.087  32.453 0.1000000015
81837  -50.977  23.315  32.394 0.1000000015
82390  -55.101  24.591  33.011 0.1000000015
82391  -55.865  24.433  32.482 0.1000000015
82938  -55.658  25.457  33.030 0.1000000015
83530  -53.886  25.917  31.477 0.1000000015
83515  -54.800  26.464  32.394 0.1000000015
83501  -55.384  26.209  33.065 0.1000000015
82398  -52.094  23.355  32.348 0.1000000015
83514  -53.765  26.510  32.585 0.1000000015
83500  -54.172  26.401  33.560 0.1000000015
83502  -56.074  25.961  32.715 0.1000000015
82379  -48.013  23.539  33.081 0.1000000015
82384  -48.760  23.220  32.806 0.1000000015
82386  -50.868  24.079  32.918 0.1000000015
82387  -51.890  24.028  32.751 0.1000000015
82399  -52.389  23.595  32.524 0.1000000015
82388  -52.993  24.085  32.902 0.1000000015
84019  -53.824  26.421  33.795 0.1000000015
82937  -54.627  25.639  33.667 0.1000000015
82385  -49.835  23.810  32.949 0.1000000015
82923  -47.666  24.514  33.549 0.1000000015
82380  -49.229  24.077  33.226 0.1000000015
82936  -53.619  25.277  33.752 0.1000000015
82389  -54.118  24.439  33.230 0.1000000015
82935  -52.691  25.238  33.698 0.1000000015
82381  -49.820  24.273  33.343 0.1000000015
82929  -53.902  25.952  34.145 0.1000000015
82933  -50.664  24.698  33.543 0.1000000015
82934  -51.765  25.425  33.778 0.1000000015
82925  -50.117  24.900  33.871 0.1000000015
83478  -50.216  26.524  34.597 0.1000000015
83489  -49.714  25.636  34.314 0.1000000015
82924  -48.884  24.688  33.636 0.1000000015
83490  -50.954  26.429  34.322 0.1000000015
82926  -51.231  25.645  34.145 0.1000000015
82927  -51.783  26.092  34.190 0.1000000015
82442  -56.879  22.197  26.794 0.1000000015
81283  -55.114  21.424  26.822 0.1000000015
81292  -55.583  21.627  26.124 0.1000000015
83546  -55.737  25.343  29.731 0.1000000015
82982  -56.236  24.246  27.931 0.1000000015
81911  -56.014  22.041  25.859 0.1000000015
81893  -49.097  22.288  27.384 0.1000000015
79943  -47.009  19.004  34.221 0.1000000015
81891  -47.225  22.122  26.647 0.1000000015
81872  -56.515  22.771  30.176 0.1000000015
82960  -56.279  25.123  30.761 0.1000000015
82410  -56.460  24.822  31.189 0.1000000015
77149  -46.371  14.315  35.472 0.2000000030
77150  -47.416  14.450  35.345 0.2000000030
77139  -47.242  14.769  35.981 0.2000000030
78021  -47.614  15.247  36.048 0.2000000030
77138  -46.533  14.847  36.219 0.2000000030
77164  -44.844  15.134  34.348 0.2000000030
78020  -47.151  15.786  36.064 0.2000000030
77133  -40.778  14.755  35.369 0.1000000015
77146  -43.474  14.849  34.793 0.1000000015
76262  -40.914  13.977  36.303 0.1000000015
77121  -40.455  14.447  35.870 0.1000000015
77122  -41.082  14.400  35.785 0.1000000015
76277  -42.093  14.289  35.555 0.1000000015
77134  -41.478  14.673  35.342 0.1000000015
77135  -42.212  14.665  35.170 0.1000000015
77136  -42.927  14.474  35.166 0.1000000015
76288  -44.714  14.148  35.540 0.1000000015
77148  -45.302  14.372  35.096 0.1000000015
77147  -44.416  14.714  34.863 0.1000000015
76265  -43.984  14.190  36.888 0.1000000015
77123  -44.542  15.109  37.224 0.1000000015
76263  -41.892  13.853  36.047 0.1000000015
76278  -42.667  14.023  35.666 0.1000000015
76280  -44.841  14.016  36.217 0.1000000015
76266  -44.961  14.481  36.734 0.1000000015
76281  -45.607  14.390  36.446 0.1000000015
77137  -45.952  15.125  36.507 0.1000000015
76279  -43.755  14.038  35.754 0.1000000015
76287  -44.131  14.369  35.281 0.1000000015
76289  -45.554  14.047  35.855 0.1000000015
76290  -46.093  14.253  36.135 0.1000000015
78024  -47.473  16.346  35.811 0.1000000015
77132  -39.925  14.633  35.308 0.1000000015
78019  -46.280  16.001  36.357 0.1000000015
77120  -39.895  14.479  35.874 0.1000000015
76261  -39.939  14.180  36.301 0.1000000015
76264  -42.873  13.611  36.565 0.1000000015
76282  -46.091  14.542  36.340 0.1000000015
63882  -48.893  -1.678  37.299 0.1000000015
63900  -51.730  -0.882  37.749 0.1000000015
65410  -47.801  0.173  35.141 0.1000000015
65439  -53.303  0.731  35.582 0.1000000015
66247  -53.386  0.950  35.486 0.1000000015
67045  -49.723  2.939  29.873 0.1000000015
67056  -50.630  2.819  28.935 0.2000000030
67121  -57.901  3.311  22.219 0.2000000030
68617  -53.872  4.625  36.346 0.1000000015
68654  -51.522  5.044  34.971 0.1000000015
68662  -45.455  3.947  35.125 0.1000000015
68672  -48.604  5.526  33.719 0.1000000015
68717  -46.268  4.591  28.294 0.2000000030
68752  -46.712  5.352  26.726 0.2000000030
68767  -47.523  5.361  25.766 0.2000000030
69589  -57.914  4.830  21.859 0.2000000030
70193  -49.360  6.311  37.571 0.1000000015
70311  -57.490  5.358  23.934 0.2000000030
70924  -34.267  7.187  39.901 0.1000000015
70933  -33.935  7.221  37.471 0.1000000015
71089  -50.858  7.811  18.830 0.3000000119
71736  -48.564  8.404  27.796 0.8000000119
72353  -37.138  9.952  44.079 0.1000000015
72380  -34.417  9.099  40.854 0.1000000015
73099  -33.971  9.975  40.729 0.1000000015
73865  -35.252  11.506  36.449 0.1000000015
73931  -51.354  10.903  25.938 0.8000000119
73935  -54.885  11.828  26.707 0.6999999881
73936  -55.281  11.873  26.869 0.6000000238
73958  -49.596  11.610  25.282 0.8000000119
74588  -34.387  11.859  40.176 0.1000000015
74760  -44.843  12.588  19.623 0.2000000030
75494  -56.686  12.824  29.904 0.8000000119
75519  -55.031  12.459  29.132 0.6000000238
75545  -56.791  12.825  26.524 0.8999999762
75556  -56.685  12.873  26.257 1.0000000000
75566  -52.096  13.369  24.273 0.8999999762
75611  -44.823  13.594  19.664 0.3000000119
76175  -36.742  13.673  43.886 0.1000000015
76292  -54.240  14.855  34.533 0.3000000119
76409  -55.241  14.560  23.089 1.0000000000
77226  -54.254  15.929  29.199 0.6999999881
77245  -53.312  16.015  28.162 0.6999999881
77323  -54.690  15.409  21.830 1.0000000000
77325  -55.398  15.110  22.706 1.0000000000
77334  -51.720  15.707  20.403 1.0000000000
78159  -45.066  16.612  21.413 0.3000000119
78167  -54.801  15.691  21.992 1.0000000000
78177  -50.904  17.535  21.126 0.6999999881
78201  -47.660  15.663  16.596 0.6000000238
78797  -53.313  17.316  29.685 0.5000000000
78819  -52.400  17.120  28.841 0.6000000238
78878  -51.637  17.215  19.081 0.8000000119
78883  -47.432  16.058  16.928 0.6000000238
78890  -48.116  16.196  16.954 0.6000000238
80608  -49.327  20.915  27.970 0.3000000119
81268  -55.699  20.488  27.719 0.1000000015
81838  -53.057  23.505  32.582 0.1000000015
82392  -56.303  24.782  32.116 0.1000000015
82401  -56.445  24.719  31.595 0.1000000015
82482  -55.064  23.471  23.906 0.1000000015
82930  -54.186  26.123  33.984 0.1000000015
82932  -50.111  24.398  33.413 0.1000000015
82939  -56.147  25.361  32.479 0.1000000015
82959  -53.436  25.560  30.791 0.1000000015
82961  -56.413  25.166  31.456 0.1000000015
82971  -52.819  25.371  30.337 0.1000000015
83007  -53.951  23.575  24.008 0.1000000015
83493  -53.537  26.247  34.146 0.1000000015
83494  -54.159  26.139  34.075 0.1000000015
83517  -56.254  25.807  32.234 0.1000000015
84008  -53.676  26.393  33.963 0.1000000015
84009  -54.000  26.376  33.811 0.1000000015
84018  -53.546  26.490  33.787 0.1000000015
99808  -48.106  14.205  18.015 0.6000000238
