#!ascii label  , from subject sub-01 vox2ras=TkReg
1333
48709  -40.228  -19.530  39.168 0.0000000000
54005  -51.323  -13.628  32.415 0.0000000000
49759  -45.901  -19.217  34.135 0.0000000000
30984  -15.014  -38.142  57.914 0.0000000000
46721  -40.291  -21.534  42.439 0.0000000000
35576  -28.861  -34.264  54.630 0.0000000000
35636  -37.292  -34.074  51.747 0.0000000000
38147  -42.997  -30.342  46.780 0.0000000000
41997  -45.098  -26.510  46.136 0.0000000000
37260  -21.235  -32.499  50.471 0.0000000000
35556  -24.711  -33.956  55.330 0.0000000000
36476  -24.117  -32.550  49.156 0.0000000000
38095  -33.457  -31.463  48.475 0.0000000000
37336  -38.932  -32.039  47.617 0.0000000000
50561  -43.408  -17.850  45.453 0.0000000000
48673  -46.656  -19.496  42.595 0.0000000000
50714  -49.091  -16.897  32.889 0.0000000000
48771  -42.949  -19.896  36.707 0.0000000000
57523  -47.834  -9.655  30.097 0.0000000000
31939  -10.549  -37.544  59.601 0.0000000000
46676  -45.083  -21.208  46.533 0.0000000000
49635  -38.435  -18.779  41.735 0.0000000000
36504  -29.227  -33.101  48.483 0.0000000000
34822  -33.291  -34.336  52.525 0.0000000000
49702  -49.383  -18.695  38.998 0.0000000000
60093  -54.740  -6.447  28.497 0.0000000000
39067  -41.581  -29.859  44.987 0.0000000000
40089  -42.179  -28.356  43.764 0.0000000000
38083  -22.087  -31.374  49.674 0.0000000000
38158  -36.215  -30.147  45.905 0.0000000000
38161  -38.783  -30.464  45.438 0.0000000000
37338  -41.117  -32.040  47.249 0.0000000000
50618  -41.761  -18.098  42.316 0.0000000000
49609  -44.277  -18.365  43.826 0.0000000000
48684  -42.993  -19.447  41.000 0.0000000000
52313  -50.598  -15.358  33.010 0.0000000000
50684  -51.679  -17.167  34.775 0.0000000000
54853  -52.950  -12.342  32.778 0.0000000000
33037  -13.179  -36.601  54.721 0.0000000000
31956  -12.474  -37.731  58.321 0.0000000000
44667  -43.246  -23.800  43.789 0.0000000000
44646  -44.949  -23.649  45.520 0.0000000000
46696  -42.521  -21.016  44.504 0.0000000000
48633  -41.116  -18.903  44.477 0.0000000000
48654  -38.740  -19.363  43.024 0.0000000000
35558  -26.325  -33.467  55.429 0.0000000000
34725  -25.508  -34.473  57.929 0.0000000000
35537  -28.400  -34.120  58.093 0.0000000000
34744  -30.970  -34.464  56.991 0.0000000000
36541  -27.553  -32.558  46.512 0.0000000000
37330  -29.948  -31.533  46.956 0.0000000000
36459  -35.090  -32.847  50.077 0.0000000000
35657  -33.580  -33.396  50.673 0.0000000000
34848  -35.206  -34.128  52.376 0.0000000000
34780  -34.989  -35.147  54.740 0.0000000000
33043  -18.903  -36.516  54.190 0.0000000000
33885  -20.082  -35.698  57.902 0.0000000000
31926  -20.005  -37.608  61.151 0.0000000000
48819  -43.722  -19.405  34.646 0.0000000000
49714  -45.610  -18.940  37.751 0.0000000000
48775  -47.243  -18.986  36.819 0.0000000000
59278  -56.738  -6.207  26.797 0.0000000000
30934  -13.736  -38.296  62.479 0.0000000000
38097  -43.135  -29.863  49.630 0.0000000000
40005  -44.229  -27.822  48.968 0.0000000000
40034  -43.913  -28.363  46.810 0.0000000000
42918  -43.428  -25.754  43.831 0.0000000000
35581  -21.402  -34.674  53.779 0.0000000000
33024  -22.910  -35.979  55.716 0.0000000000
35583  -22.804  -34.500  53.293 0.0000000000
35603  -24.488  -33.604  52.915 0.0000000000
35605  -26.426  -33.873  52.474 0.0000000000
38122  -32.089  -29.858  47.294 0.0000000000
39034  -34.088  -30.252  47.058 0.0000000000
37333  -35.954  -31.187  47.943 0.0000000000
36486  -37.836  -32.724  49.464 0.0000000000
35698  -40.564  -33.309  49.097 0.0000000000
36490  -42.180  -32.218  49.358 0.0000000000
35648  -19.886  -34.057  50.624 0.0000000000
49543  -45.816  -19.204  47.546 0.0000000000
48606  -48.129  -19.560  49.175 0.0000000000
50537  -47.004  -18.034  47.271 0.0000000000
50580  -47.723  -18.138  44.641 0.0000000000
50694  -46.525  -18.048  33.025 0.0000000000
48799  -48.660  -19.725  35.653 0.0000000000
48826  -50.957  -18.912  34.992 0.0000000000
32921  -4.735  -36.227  61.008 0.0000000000
48750  -41.118  -20.220  37.648 0.0000000000
48836  -40.643  -19.328  33.855 0.0000000000
51495  -44.332  -16.912  32.110 0.0000000000
52325  -45.564  -15.373  31.596 0.0000000000
54023  -46.586  -13.819  31.089 0.0000000000
54043  -48.688  -12.681  30.615 0.0000000000
54892  -50.220  -11.953  30.356 0.0000000000
56642  -46.637  -10.456  30.394 0.0000000000
31900  -11.936  -37.878  63.261 0.0000000000
32910  -9.096  -36.921  63.305 0.0000000000
33854  -6.077  -35.743  62.607 0.0000000000
43660  -47.175  -24.227  50.406 0.0000000000
41946  -45.242  -26.319  48.672 0.0000000000
44627  -46.216  -23.658  48.158 0.0000000000
46656  -46.069  -21.405  48.172 0.0000000000
48613  -43.333  -18.763  46.277 0.0000000000
50591  -40.788  -17.925  43.156 0.0000000000
49655  -39.529  -18.608  40.716 0.0000000000
31988  -24.143  -36.909  57.932 0.0000000000
35677  -26.553  -34.056  49.453 0.0000000000
34843  -28.460  -34.522  51.397 0.0000000000
36480  -31.775  -32.282  49.074 0.0000000000
35630  -31.107  -33.864  51.310 0.0000000000
34793  -30.508  -34.659  53.490 0.0000000000
34760  -32.539  -35.032  55.792 0.0000000000
33039  -15.110  -36.813  54.414 0.0000000000
33041  -16.998  -36.935  54.175 0.0000000000
31982  -17.239  -38.031  57.792 0.0000000000
48714  -44.301  -19.573  39.491 0.0000000000
49661  -47.640  -18.401  40.566 0.0000000000
50628  -51.344  -18.001  41.188 0.0000000000
47795  -50.554  -20.020  38.037 0.0000000000
55727  -52.033  -10.566  30.552 0.0000000000
57528  -52.309  -8.866  30.573 0.0000000000
59243  -52.790  -7.092  30.485 0.0000000000
59267  -52.284  -6.837  28.693 0.0000000000
60072  -55.406  -5.397  30.057 0.0000000000
39110  -40.085  -29.088  43.680 0.0000000000
40087  -40.603  -28.735  43.115 0.0000000000
40104  -39.430  -28.311  42.249 0.0000000000
39087  -37.795  -29.591  44.393 0.0000000000
39088  -38.758  -29.561  44.292 0.0000000000
38184  -39.973  -29.806  44.722 0.0000000000
49656  -40.444  -18.714  40.605 0.0000000000
49658  -42.304  -19.228  40.663 0.0000000000
49678  -41.424  -19.391  39.712 0.0000000000
53160  -51.114  -14.496  32.932 0.0000000000
52300  -51.458  -15.348  33.902 0.0000000000
53148  -51.639  -14.437  33.500 0.0000000000
53996  -52.227  -13.617  33.319 0.0000000000
54852  -52.267  -12.695  32.299 0.0000000000
32023  -13.708  -37.195  56.000 0.0000000000
32022  -12.846  -37.212  56.211 0.0000000000
31943  -13.723  -37.948  58.609 0.0000000000
45632  -42.257  -22.604  43.369 0.0000000000
46709  -42.768  -22.078  43.874 0.0000000000
47734  -41.572  -21.082  43.966 0.0000000000
47733  -41.058  -20.750  43.800 0.0000000000
47732  -40.154  -20.307  43.330 0.0000000000
30977  -21.233  -38.765  58.405 0.0000000000
35559  -27.086  -33.686  55.579 0.0000000000
35546  -27.310  -33.755  56.600 0.0000000000
35547  -28.462  -34.276  56.898 0.0000000000
34743  -29.754  -34.261  57.199 0.0000000000
35548  -29.314  -34.316  56.352 0.0000000000
35660  -36.706  -33.584  50.939 0.0000000000
35659  -35.629  -33.558  50.811 0.0000000000
35635  -36.198  -34.157  51.959 0.0000000000
34825  -36.402  -34.277  53.039 0.0000000000
34738  -20.495  -35.292  56.442 0.0000000000
33899  -20.423  -35.754  57.439 0.0000000000
31946  -20.200  -37.403  59.219 0.0000000000
44595  -48.291  -23.276  50.184 0.0000000000
49757  -44.418  -18.963  34.040 0.0000000000
48796  -45.517  -19.442  35.692 0.0000000000
48821  -45.907  -19.440  34.767 0.0000000000
38111  -43.226  -29.969  48.510 0.0000000000
39035  -43.553  -29.257  47.756 0.0000000000
39052  -43.339  -29.512  46.619 0.0000000000
41073  -43.234  -27.430  44.200 0.0000000000
42935  -42.018  -25.711  42.867 0.0000000000
43769  -42.531  -24.962  43.190 0.0000000000
36421  -21.454  -33.584  51.461 0.0000000000
35582  -22.028  -34.635  53.199 0.0000000000
36422  -22.126  -33.513  51.519 0.0000000000
36452  -23.480  -32.342  49.901 0.0000000000
36438  -23.208  -32.820  50.948 0.0000000000
36439  -24.439  -33.381  51.444 0.0000000000
35604  -25.400  -33.588  52.837 0.0000000000
35650  -25.585  -33.829  50.876 0.0000000000
39047  -32.703  -28.994  46.600 0.0000000000
37353  -37.468  -30.937  46.835 0.0000000000
38127  -36.506  -30.828  47.143 0.0000000000
37317  -37.126  -31.716  48.162 0.0000000000
36509  -37.453  -32.236  48.752 0.0000000000
36510  -38.500  -32.587  48.571 0.0000000000
36488  -39.553  -33.275  49.197 0.0000000000
36530  -39.787  -32.559  47.996 0.0000000000
37358  -42.060  -31.439  46.951 0.0000000000
36533  -42.160  -32.051  47.817 0.0000000000
37319  -42.566  -31.551  48.397 0.0000000000
38096  -42.868  -30.681  49.100 0.0000000000
35649  -20.334  -33.419  50.242 0.0000000000
50534  -44.065  -18.332  46.455 0.0000000000
50525  -46.364  -18.643  47.646 0.0000000000
50548  -44.462  -18.122  46.189 0.0000000000
48657  -45.136  -19.517  43.363 0.0000000000
49594  -46.235  -18.589  44.717 0.0000000000
49612  -47.477  -18.641  43.558 0.0000000000
49597  -48.601  -18.124  43.983 0.0000000000
49625  -47.658  -18.640  42.690 0.0000000000
50713  -48.085  -17.034  32.777 0.0000000000
49778  -48.118  -18.565  33.322 0.0000000000
49780  -50.048  -18.151  33.870 0.0000000000
50685  -52.652  -17.326  35.347 0.0000000000
51510  -44.959  -16.130  31.792 0.0000000000
53170  -44.255  -14.615  31.197 0.0000000000
54040  -45.928  -13.183  30.610 0.0000000000
54888  -46.167  -12.275  30.471 0.0000000000
54024  -47.659  -13.658  31.201 0.0000000000
54889  -47.168  -12.168  30.409 0.0000000000
55722  -47.394  -11.274  30.367 0.0000000000
31998  -10.604  -37.179  57.235 0.0000000000
31937  -8.876  -37.256  59.408 0.0000000000
31895  -13.087  -38.217  64.509 0.0000000000
31910  -12.695  -38.018  62.163 0.0000000000
31894  -12.147  -37.934  64.381 0.0000000000
32894  -9.597  -37.276  64.863 0.0000000000
32903  -8.256  -36.668  64.554 0.0000000000
32914  -7.658  -36.323  62.975 0.0000000000
33847  -6.853  -36.241  64.281 0.0000000000
33849  -5.889  -36.037  63.127 0.0000000000
41010  -44.772  -27.005  47.837 0.0000000000
40991  -44.733  -27.076  48.834 0.0000000000
41976  -45.152  -26.658  47.177 0.0000000000
45612  -45.139  -22.271  45.887 0.0000000000
43724  -45.991  -24.263  46.960 0.0000000000
45603  -45.666  -22.380  46.811 0.0000000000
45592  -46.176  -22.216  47.974 0.0000000000
46667  -45.577  -21.257  47.366 0.0000000000
48615  -44.666  -19.601  46.552 0.0000000000
47700  -44.181  -20.158  46.030 0.0000000000
49589  -40.446  -18.856  43.227 0.0000000000
49577  -41.018  -18.586  44.473 0.0000000000
50590  -40.184  -18.345  42.760 0.0000000000
50615  -39.942  -18.232  41.833 0.0000000000
49636  -39.379  -18.433  41.637 0.0000000000
33928  -23.918  -35.342  56.155 0.0000000000
32982  -23.633  -36.611  56.938 0.0000000000
33915  -24.229  -35.455  56.720 0.0000000000
36526  -28.270  -33.056  47.654 0.0000000000
36525  -27.176  -33.064  47.303 0.0000000000
35695  -28.329  -33.553  48.578 0.0000000000
34862  -27.643  -34.413  50.427 0.0000000000
35652  -28.769  -34.197  50.317 0.0000000000
38106  -33.052  -30.987  47.826 0.0000000000
37311  -31.590  -31.554  48.290 0.0000000000
37293  -32.422  -31.714  48.776 0.0000000000
35632  -33.091  -33.883  51.444 0.0000000000
35631  -32.077  -33.817  51.319 0.0000000000
35610  -32.425  -34.003  52.043 0.0000000000
34820  -31.142  -34.524  52.665 0.0000000000
34794  -31.541  -34.690  53.637 0.0000000000
34777  -32.015  -34.865  54.706 0.0000000000
34778  -33.107  -35.031  54.728 0.0000000000
35639  -40.454  -33.745  51.648 0.0000000000
33042  -18.052  -36.921  54.286 0.0000000000
32027  -17.586  -37.331  55.579 0.0000000000
32026  -16.672  -37.497  55.702 0.0000000000
29967  -19.507  -39.375  62.219 0.0000000000
48770  -42.024  -20.126  36.883 0.0000000000
48732  -43.089  -19.706  38.478 0.0000000000
48753  -43.613  -19.679  37.621 0.0000000000
49700  -47.715  -18.521  38.771 0.0000000000
49680  -47.115  -18.485  39.686 0.0000000000
49681  -48.109  -18.349  39.636 0.0000000000
49644  -48.890  -18.082  40.921 0.0000000000
49683  -49.885  -18.425  40.014 0.0000000000
48778  -50.514  -19.937  36.371 0.0000000000
47815  -50.315  -20.145  37.102 0.0000000000
47796  -51.906  -20.302  38.019 0.0000000000
56644  -48.574  -10.278  30.205 0.0000000000
55725  -50.335  -10.975  30.267 0.0000000000
56645  -49.528  -10.112  30.248 0.0000000000
58373  -49.924  -8.339  30.275 0.0000000000
58374  -50.755  -7.982  30.353 0.0000000000
58376  -52.533  -7.956  30.646 0.0000000000
59256  -51.307  -6.781  30.036 0.0000000000
58415  -52.855  -8.590  27.424 0.0000000000
57548  -51.258  -8.689  27.633 0.0000000000
59268  -53.616  -6.856  28.491 0.0000000000
60082  -52.959  -6.205  29.149 0.0000000000
60892  -55.002  -5.551  29.436 0.0000000000
60084  -56.002  -5.602  28.593 0.0000000000
60112  -58.901  -5.198  26.829 0.0000000000
38164  -41.783  -30.400  45.632 0.0000000000
39068  -42.547  -29.618  45.373 0.0000000000
39092  -42.047  -29.332  44.546 0.0000000000
41084  -41.640  -27.583  42.888 0.0000000000
37275  -21.633  -31.909  49.958 0.0000000000
39086  -36.606  -29.634  44.740 0.0000000000
38160  -37.869  -30.405  45.569 0.0000000000
38142  -38.227  -30.763  46.144 0.0000000000
37337  -40.152  -32.067  47.324 0.0000000000
38144  -40.282  -30.881  46.121 0.0000000000
38145  -41.285  -30.891  46.211 0.0000000000
50593  -42.309  -17.912  43.605 0.0000000000
50595  -43.767  -17.843  44.162 0.0000000000
49623  -43.191  -18.658  42.881 0.0000000000
48670  -44.025  -19.522  42.144 0.0000000000
48686  -44.818  -19.812  41.386 0.0000000000
51500  -49.833  -16.253  32.868 0.0000000000
51482  -49.954  -16.716  33.104 0.0000000000
51483  -50.549  -16.391  33.478 0.0000000000
51473  -51.882  -16.295  34.612 0.0000000000
55693  -54.021  -11.114  33.002 0.0000000000
32000  -11.998  -37.452  56.815 0.0000000000
31940  -11.438  -37.737  59.389 0.0000000000
42901  -44.566  -25.565  44.880 0.0000000000
42884  -45.536  -25.206  46.002 0.0000000000
44658  -44.410  -23.692  44.932 0.0000000000
45623  -44.344  -22.754  45.041 0.0000000000
46686  -43.637  -20.841  45.187 0.0000000000
47709  -43.142  -20.115  45.301 0.0000000000
47720  -41.975  -20.332  44.616 0.0000000000
48644  -40.680  -19.521  43.899 0.0000000000
49605  -38.853  -19.010  43.045 0.0000000000
35557  -25.257  -33.504  55.544 0.0000000000
34741  -25.451  -33.945  56.826 0.0000000000
35534  -26.063  -33.607  57.030 0.0000000000
35529  -27.136  -33.794  58.083 0.0000000000
34729  -30.626  -34.159  58.149 0.0000000000
36543  -29.262  -31.776  46.665 0.0000000000
36527  -29.450  -32.300  47.468 0.0000000000
36483  -34.511  -32.400  49.396 0.0000000000
36482  -33.609  -32.387  49.395 0.0000000000
36458  -34.072  -32.851  50.066 0.0000000000
35633  -34.026  -33.814  51.349 0.0000000000
34823  -34.449  -34.373  52.955 0.0000000000
34796  -33.735  -34.724  53.741 0.0000000000
34824  -35.414  -34.318  53.169 0.0000000000
33971  -19.133  -35.239  52.117 0.0000000000
33938  -19.610  -35.890  54.135 0.0000000000
32979  -19.471  -36.085  57.572 0.0000000000
32946  -19.076  -36.695  59.077 0.0000000000
32948  -20.043  -36.871  59.934 0.0000000000
48794  -43.289  -19.784  35.682 0.0000000000
48772  -44.071  -19.671  36.650 0.0000000000
48773  -45.119  -19.334  36.585 0.0000000000
49728  -46.676  -18.841  37.079 0.0000000000
49717  -48.333  -18.770  38.192 0.0000000000
58386  -46.566  -8.743  29.090 0.0000000000
57539  -48.030  -9.258  29.682 0.0000000000
58387  -47.638  -8.950  29.135 0.0000000000
58416  -54.048  -8.074  27.589 0.0000000000
59277  -55.934  -6.768  27.081 0.0000000000
58418  -55.651  -7.364  26.646 0.0000000000
59307  -56.593  -6.615  25.393 0.0000000000
30965  -16.110  -38.680  59.783 0.0000000000
30954  -14.309  -38.528  60.441 0.0000000000
39976  -44.400  -28.414  50.963 0.0000000000
39019  -43.494  -29.056  49.048 0.0000000000
40035  -44.154  -27.923  47.465 0.0000000000
41049  -44.471  -27.260  45.894 0.0000000000
40070  -43.098  -28.306  44.867 0.0000000000
41064  -43.678  -27.505  44.823 0.0000000000
42014  -44.448  -26.515  45.108 0.0000000000
43770  -43.355  -24.784  43.737 0.0000000000
45644  -41.873  -23.341  42.904 0.0000000000
34739  -21.060  -35.408  56.130 0.0000000000
32008  -22.110  -36.967  56.575 0.0000000000
33925  -22.087  -35.218  55.357 0.0000000000
34771  -22.620  -34.527  54.572 0.0000000000
35571  -23.947  -34.234  54.608 0.0000000000
36437  -22.299  -32.785  51.098 0.0000000000
36410  -23.547  -33.987  52.829 0.0000000000
35585  -24.283  -33.746  53.790 0.0000000000
35586  -25.151  -33.538  53.822 0.0000000000
35587  -26.127  -33.618  53.677 0.0000000000
35588  -27.272  -33.946  53.451 0.0000000000
38123  -32.906  -30.183  47.505 0.0000000000
38107  -33.850  -31.044  48.150 0.0000000000
39050  -35.331  -30.075  46.160 0.0000000000
38125  -34.631  -30.536  47.240 0.0000000000
37314  -34.429  -31.514  48.467 0.0000000000
36484  -35.631  -32.307  49.166 0.0000000000
36461  -37.237  -32.901  50.283 0.0000000000
35661  -37.719  -33.627  50.932 0.0000000000
35637  -38.311  -34.004  51.754 0.0000000000
35662  -38.731  -33.633  50.852 0.0000000000
35664  -40.618  -33.572  50.615 0.0000000000
35665  -41.363  -33.288  50.355 0.0000000000
36531  -40.708  -32.571  47.874 0.0000000000
36489  -41.832  -32.828  49.154 0.0000000000
36441  -41.821  -32.781  51.007 0.0000000000
37278  -42.694  -31.312  51.139 0.0000000000
34813  -19.744  -34.765  51.926 0.0000000000
48595  -47.448  -20.252  49.456 0.0000000000
49544  -46.882  -19.337  48.472 0.0000000000
50526  -47.363  -18.572  48.012 0.0000000000
50538  -48.274  -18.148  47.548 0.0000000000
49593  -45.126  -18.058  44.773 0.0000000000
50564  -46.721  -18.127  45.503 0.0000000000
49776  -46.071  -18.819  33.616 0.0000000000
48841  -46.996  -19.217  34.048 0.0000000000
48842  -47.729  -19.080  33.818 0.0000000000
48824  -49.069  -19.482  34.745 0.0000000000
48779  -51.610  -19.744  36.371 0.0000000000
49763  -51.091  -17.989  34.673 0.0000000000
48802  -51.854  -19.092  35.675 0.0000000000
48747  -38.312  -20.368  37.593 0.0000000000
48729  -40.645  -19.933  38.440 0.0000000000
47792  -39.874  -20.583  37.093 0.0000000000
47812  -40.471  -20.555  36.469 0.0000000000
48792  -41.447  -20.328  35.443 0.0000000000
48817  -41.173  -20.197  34.822 0.0000000000
48837  -41.787  -19.370  33.846 0.0000000000
48839  -43.655  -18.949  33.872 0.0000000000
49774  -44.057  -18.558  33.464 0.0000000000
50710  -44.762  -17.781  32.752 0.0000000000
50711  -45.942  -17.406  32.649 0.0000000000
51497  -46.515  -16.390  32.334 0.0000000000
52309  -46.669  -15.823  32.196 0.0000000000
54021  -44.770  -13.935  31.042 0.0000000000
53172  -46.134  -14.616  31.382 0.0000000000
52327  -47.590  -14.959  32.177 0.0000000000
53174  -48.293  -14.285  32.000 0.0000000000
53175  -49.501  -13.994  32.027 0.0000000000
54026  -50.376  -13.454  31.681 0.0000000000
54027  -51.122  -13.140  31.825 0.0000000000
54891  -49.139  -12.132  30.353 0.0000000000
55723  -48.371  -11.212  30.244 0.0000000000
57522  -46.895  -9.714  30.153 0.0000000000
57537  -46.183  -9.146  29.685 0.0000000000
30953  -13.386  -38.392  60.297 0.0000000000
31921  -12.140  -38.000  61.064 0.0000000000
31920  -11.021  -37.760  61.321 0.0000000000
31885  -10.201  -37.729  64.594 0.0000000000
31892  -10.218  -37.440  63.728 0.0000000000
31918  -9.609  -37.367  61.400 0.0000000000
32932  -8.582  -36.881  61.019 0.0000000000
33863  -6.995  -35.988  61.213 0.0000000000
33862  -6.117  -35.896  60.753 0.0000000000
34694  -5.785  -35.757  62.190 0.0000000000
45559  -47.502  -22.691  49.895 0.0000000000
42796  -45.900  -25.928  50.449 0.0000000000
42848  -45.857  -25.530  47.311 0.0000000000
43692  -45.841  -25.221  49.028 0.0000000000
43676  -46.379  -24.528  49.922 0.0000000000
45571  -47.246  -22.595  49.711 0.0000000000
46647  -47.218  -21.761  49.441 0.0000000000
48603  -45.503  -19.752  47.302 0.0000000000
49554  -44.894  -19.023  46.653 0.0000000000
50546  -42.898  -17.934  46.035 0.0000000000
48623  -42.868  -18.945  45.894 0.0000000000
50559  -41.756  -17.981  44.902 0.0000000000
50575  -41.622  -17.910  44.165 0.0000000000
50605  -41.363  -17.905  42.693 0.0000000000
49637  -40.095  -18.409  41.380 0.0000000000
49676  -39.866  -18.949  39.859 0.0000000000
47747  -39.127  -20.714  42.355 0.0000000000
47746  -38.230  -19.896  42.530 0.0000000000
49619  -37.988  -19.152  42.115 0.0000000000
49634  -37.575  -19.232  41.591 0.0000000000
49653  -37.564  -18.875  40.886 0.0000000000
49674  -37.873  -18.862  39.962 0.0000000000
48707  -38.294  -19.340  39.155 0.0000000000
48726  -37.731  -19.868  38.281 0.0000000000
33902  -25.059  -35.093  58.388 0.0000000000
36522  -24.823  -32.696  47.845 0.0000000000
36502  -25.811  -33.322  48.156 0.0000000000
35692  -25.726  -33.599  48.959 0.0000000000
35651  -26.294  -34.185  50.419 0.0000000000
34816  -27.840  -34.507  51.966 0.0000000000
34791  -28.742  -34.585  53.018 0.0000000000
37331  -30.869  -31.111  47.285 0.0000000000
37310  -30.774  -31.650  47.932 0.0000000000
36478  -30.127  -32.983  49.010 0.0000000000
36456  -32.219  -33.008  49.803 0.0000000000
36455  -31.293  -33.163  49.675 0.0000000000
35654  -30.518  -33.709  50.385 0.0000000000
35629  -30.111  -34.226  51.458 0.0000000000
34792  -29.562  -34.637  53.259 0.0000000000
34775  -29.679  -34.453  54.462 0.0000000000
34759  -31.441  -34.710  55.815 0.0000000000
34745  -32.030  -34.912  56.881 0.0000000000
33038  -14.202  -36.791  54.711 0.0000000000
32024  -14.612  -37.304  55.688 0.0000000000
33968  -16.418  -35.935  52.189 0.0000000000
33967  -15.413  -35.872  52.103 0.0000000000
33040  -16.046  -36.852  54.256 0.0000000000
32025  -15.674  -37.514  55.739 0.0000000000
31981  -15.999  -38.271  57.327 0.0000000000
30966  -17.109  -38.592  59.993 0.0000000000
32919  -19.227  -36.989  62.053 0.0000000000
48712  -42.572  -19.702  39.248 0.0000000000
48699  -43.674  -19.733  40.264 0.0000000000
48701  -45.676  -19.392  40.623 0.0000000000
49698  -45.634  -18.915  38.540 0.0000000000
49679  -46.075  -18.787  39.773 0.0000000000
49641  -46.731  -18.942  41.429 0.0000000000
50608  -48.857  -17.890  41.782 0.0000000000
48798  -47.572  -19.540  35.727 0.0000000000
48758  -49.319  -19.412  38.020 0.0000000000
48735  -49.789  -19.084  38.776 0.0000000000
54875  -52.149  -12.282  31.559 0.0000000000
55710  -52.321  -11.580  31.112 0.0000000000
55711  -53.174  -10.975  31.571 0.0000000000
57525  -49.713  -9.166  30.345 0.0000000000
56648  -52.145  -9.742  30.540 0.0000000000
56632  -53.701  -10.017  31.437 0.0000000000
57510  -54.062  -8.989  31.275 0.0000000000
58361  -54.406  -8.341  31.341 0.0000000000
59266  -51.194  -6.996  29.360 0.0000000000
60081  -51.962  -6.357  29.434 0.0000000000
60056  -54.078  -6.289  30.153 0.0000000000
60906  -57.594  -4.852  28.112 0.0000000000
39109  -39.252  -29.138  43.655 0.0000000000
40086  -39.777  -28.812  42.976 0.0000000000
39108  -38.360  -29.161  43.670 0.0000000000
39089  -39.617  -29.481  44.256 0.0000000000
49677  -40.757  -19.137  39.802 0.0000000000
53995  -51.561  -14.032  33.061 0.0000000000
53149  -52.455  -14.338  34.235 0.0000000000
54843  -52.402  -13.073  32.934 0.0000000000
54006  -52.036  -13.229  32.771 0.0000000000
32003  -14.430  -37.574  56.598 0.0000000000
31979  -14.212  -37.713  57.340 0.0000000000
31959  -14.643  -37.970  57.838 0.0000000000
46707  -41.198  -21.596  43.275 0.0000000000
45631  -41.734  -22.095  43.315 0.0000000000
46706  -40.654  -21.062  43.252 0.0000000000
31985  -21.411  -37.297  57.073 0.0000000000
35575  -27.989  -34.015  54.633 0.0000000000
35560  -27.941  -33.972  55.844 0.0000000000
35561  -28.921  -34.203  55.508 0.0000000000
35613  -37.872  -34.304  52.519 0.0000000000
30987  -20.577  -37.536  58.039 0.0000000000
49758  -45.337  -19.096  34.083 0.0000000000
38129  -43.199  -30.154  47.501 0.0000000000
42036  -41.470  -26.539  42.504 0.0000000000
42037  -42.265  -26.798  43.134 0.0000000000
35601  -21.917  -34.243  52.027 0.0000000000
36436  -21.673  -32.779  51.024 0.0000000000
36475  -23.577  -32.162  49.373 0.0000000000
36453  -24.198  -32.896  50.289 0.0000000000
36440  -25.105  -33.545  51.176 0.0000000000
36454  -24.983  -33.409  50.559 0.0000000000
37335  -37.788  -31.528  47.494 0.0000000000
37318  -37.961  -32.004  48.120 0.0000000000
36529  -39.162  -32.565  48.181 0.0000000000
38146  -42.329  -30.807  46.454 0.0000000000
37340  -42.359  -31.503  47.339 0.0000000000
38128  -42.860  -30.938  47.379 0.0000000000
38110  -42.996  -30.701  48.148 0.0000000000
36435  -21.010  -32.750  50.799 0.0000000000
50547  -43.657  -17.922  46.170 0.0000000000
50562  -44.167  -17.853  45.594 0.0000000000
48672  -45.904  -19.914  42.564 0.0000000000
48658  -46.168  -19.522  43.411 0.0000000000
48659  -46.963  -19.209  43.218 0.0000000000
48674  -47.145  -19.067  42.544 0.0000000000
50696  -48.622  -17.731  33.001 0.0000000000
49744  -53.201  -17.872  35.853 0.0000000000
53169  -43.351  -14.556  31.213 0.0000000000
55721  -46.395  -11.341  30.451 0.0000000000
31954  -10.800  -37.442  58.679 0.0000000000
31953  -9.932  -37.356  58.830 0.0000000000
31973  -9.456  -37.279  58.191 0.0000000000
31938  -9.512  -37.364  59.832 0.0000000000
31887  -12.273  -38.379  65.331 0.0000000000
32902  -7.496  -36.530  64.738 0.0000000000
32907  -6.679  -36.321  64.148 0.0000000000
45602  -45.377  -21.826  46.506 0.0000000000
46677  -45.445  -21.624  46.811 0.0000000000
46666  -45.336  -20.986  47.031 0.0000000000
49606  -39.730  -18.940  43.005 0.0000000000
49607  -40.588  -18.390  43.319 0.0000000000
49621  -39.328  -18.590  42.367 0.0000000000
34757  -24.163  -34.731  55.749 0.0000000000
34740  -24.853  -34.606  56.971 0.0000000000
36503  -28.605  -33.239  48.242 0.0000000000
35696  -28.921  -33.579  49.085 0.0000000000
35679  -28.521  -34.024  49.743 0.0000000000
38094  -33.095  -31.344  48.447 0.0000000000
37312  -32.527  -31.296  48.231 0.0000000000
37294  -33.282  -31.798  48.834 0.0000000000
34821  -32.099  -34.372  52.754 0.0000000000
34795  -32.627  -34.729  53.655 0.0000000000
35640  -41.283  -33.382  51.377 0.0000000000
31961  -18.415  -37.399  58.517 0.0000000000
48752  -42.639  -19.882  37.638 0.0000000000
49701  -48.590  -18.510  38.921 0.0000000000
49682  -48.992  -18.395  39.703 0.0000000000
47817  -52.406  -20.112  37.183 0.0000000000
47816  -51.213  -20.115  37.135 0.0000000000
57524  -48.764  -9.351  30.115 0.0000000000
58390  -50.182  -7.707  29.996 0.0000000000
59255  -50.771  -7.243  30.038 0.0000000000
59265  -50.608  -7.462  29.708 0.0000000000
59275  -53.993  -7.433  28.087 0.0000000000
58404  -53.015  -7.756  28.155 0.0000000000
60083  -54.503  -5.937  28.983 0.0000000000
60893  -55.527  -5.364  29.273 0.0000000000
60094  -55.474  -6.249  28.154 0.0000000000
39091  -41.319  -29.330  44.218 0.0000000000
40105  -40.297  -28.264  42.491 0.0000000000
40088  -41.495  -28.584  43.401 0.0000000000
40106  -40.981  -28.142  42.781 0.0000000000
39106  -36.191  -29.192  43.799 0.0000000000
38182  -38.304  -30.018  44.932 0.0000000000
38181  -37.399  -30.011  45.123 0.0000000000
38143  -39.231  -30.854  46.105 0.0000000000
39066  -40.697  -29.861  44.843 0.0000000000
38163  -40.936  -30.423  45.482 0.0000000000
50606  -42.243  -18.048  42.751 0.0000000000
50607  -42.799  -17.990  43.173 0.0000000000
49622  -42.490  -18.503  42.527 0.0000000000
49640  -43.267  -19.177  41.796 0.0000000000
48685  -43.881  -19.689  41.189 0.0000000000
52312  -49.429  -15.383  32.617 0.0000000000
51501  -50.460  -15.968  33.138 0.0000000000
52289  -51.740  -15.818  34.377 0.0000000000
51474  -52.890  -16.377  35.189 0.0000000000
55680  -53.263  -12.153  33.088 0.0000000000
55681  -53.989  -11.880  33.727 0.0000000000
55692  -53.153  -11.757  32.396 0.0000000000
31977  -12.627  -37.621  57.523 0.0000000000
32021  -12.341  -37.304  56.418 0.0000000000
31976  -11.846  -37.533  57.675 0.0000000000
31941  -12.329  -37.905  59.221 0.0000000000
43754  -43.943  -24.692  44.298 0.0000000000
43755  -44.511  -24.618  44.858 0.0000000000
44657  -43.847  -23.722  44.368 0.0000000000
45622  -43.758  -22.549  44.490 0.0000000000
46697  -43.268  -21.452  44.548 0.0000000000
46698  -44.031  -21.976  44.750 0.0000000000
47721  -42.723  -20.709  44.755 0.0000000000
47718  -40.543  -19.965  43.839 0.0000000000
48655  -39.633  -19.544  43.281 0.0000000000
48643  -40.366  -19.268  43.315 0.0000000000
36393  -25.911  -33.277  55.676 0.0000000000
35544  -25.710  -33.372  56.137 0.0000000000
35545  -26.379  -33.371  56.225 0.0000000000
35536  -27.607  -33.896  57.584 0.0000000000
35535  -26.838  -33.502  57.232 0.0000000000
35530  -27.926  -34.027  58.395 0.0000000000
35634  -34.993  -33.919  51.510 0.0000000000
34847  -34.273  -34.101  52.073 0.0000000000
34799  -36.730  -35.005  53.793 0.0000000000
33955  -19.957  -35.348  53.546 0.0000000000
33954  -19.257  -35.743  52.990 0.0000000000
33898  -19.889  -35.519  57.370 0.0000000000
32962  -19.748  -36.193  58.311 0.0000000000
30967  -20.478  -38.568  59.403 0.0000000000
48795  -44.444  -19.555  35.655 0.0000000000
48797  -46.539  -19.443  35.758 0.0000000000
48774  -46.151  -19.026  36.647 0.0000000000
48756  -47.546  -18.917  37.316 0.0000000000
48757  -48.033  -18.974  37.427 0.0000000000
58431  -53.743  -8.593  26.464 0.0000000000
58417  -55.178  -7.695  27.074 0.0000000000
58432  -54.746  -8.190  26.408 0.0000000000
30955  -15.358  -38.701  60.656 0.0000000000
30918  -13.824  -38.648  64.575 0.0000000000
39009  -43.501  -29.215  50.200 0.0000000000
40018  -43.922  -28.341  48.167 0.0000000000
41028  -44.223  -27.719  46.333 0.0000000000
40069  -42.587  -28.635  44.433 0.0000000000
40051  -42.880  -28.815  45.070 0.0000000000
42024  -43.358  -26.659  44.013 0.0000000000
42013  -43.899  -26.600  44.534 0.0000000000
42900  -43.970  -25.653  44.365 0.0000000000
44675  -41.890  -23.894  42.840 0.0000000000
34754  -21.642  -35.010  55.255 0.0000000000
35568  -21.647  -34.592  54.438 0.0000000000
35569  -22.342  -34.484  54.197 0.0000000000
35570  -23.038  -34.393  54.151 0.0000000000
34772  -23.141  -34.560  54.778 0.0000000000
37262  -21.881  -32.271  50.543 0.0000000000
37263  -22.361  -32.318  50.539 0.0000000000
36424  -23.697  -33.624  52.217 0.0000000000
35602  -23.884  -33.852  53.055 0.0000000000
35572  -24.923  -33.597  54.761 0.0000000000
39033  -33.597  -29.927  46.999 0.0000000000
39032  -32.864  -29.521  47.016 0.0000000000
38124  -33.632  -30.534  47.444 0.0000000000
39064  -35.601  -29.874  45.573 0.0000000000
38157  -35.664  -30.082  46.054 0.0000000000
38126  -35.789  -30.816  47.391 0.0000000000
38109  -35.539  -31.047  48.010 0.0000000000
38108  -34.947  -30.941  48.065 0.0000000000
37315  -35.407  -31.598  48.364 0.0000000000
36507  -35.943  -31.896  48.617 0.0000000000
36485  -36.795  -32.490  49.422 0.0000000000
36462  -38.178  -33.185  50.225 0.0000000000
36463  -38.717  -33.418  50.182 0.0000000000
35697  -39.960  -33.277  48.994 0.0000000000
35683  -39.921  -33.502  49.740 0.0000000000
35684  -40.849  -33.449  49.722 0.0000000000
37356  -40.689  -31.471  46.730 0.0000000000
36514  -42.023  -32.448  48.490 0.0000000000
36464  -41.880  -32.818  49.961 0.0000000000
36465  -42.208  -32.115  50.483 0.0000000000
37297  -42.522  -31.402  49.777 0.0000000000
38084  -42.864  -30.571  50.269 0.0000000000
34839  -19.765  -34.497  51.149 0.0000000000
34769  -21.034  -34.827  54.520 0.0000000000
48604  -46.257  -19.864  48.210 0.0000000000
48605  -46.911  -19.924  48.928 0.0000000000
50536  -45.951  -18.368  46.916 0.0000000000
50527  -47.974  -18.589  48.104 0.0000000000
49592  -44.558  -17.953  44.371 0.0000000000
49595  -47.186  -18.356  44.491 0.0000000000
49582  -46.754  -18.243  45.082 0.0000000000
50565  -47.489  -18.016  45.339 0.0000000000
50551  -47.875  -17.857  46.479 0.0000000000
50566  -48.738  -17.923  45.614 0.0000000000
50582  -49.520  -18.084  44.427 0.0000000000
49777  -47.147  -18.650  33.422 0.0000000000
49761  -49.541  -18.940  34.130 0.0000000000
48825  -50.089  -19.344  34.808 0.0000000000
48801  -50.783  -19.524  35.588 0.0000000000
50698  -50.764  -17.270  34.218 0.0000000000
49781  -50.553  -18.024  34.265 0.0000000000
48803  -52.801  -18.682  35.992 0.0000000000
34698  -5.008  -35.796  60.928 0.0000000000
34706  -4.777  -35.480  60.337 0.0000000000
33860  -4.698  -35.677  60.434 0.0000000000
47831  -40.235  -20.555  35.750 0.0000000000
47832  -41.130  -20.460  35.786 0.0000000000
47844  -40.122  -20.382  35.079 0.0000000000
48818  -42.495  -19.802  34.726 0.0000000000
49772  -42.343  -18.677  33.218 0.0000000000
49773  -43.278  -18.671  33.312 0.0000000000
49789  -42.964  -18.222  32.687 0.0000000000
50709  -43.641  -17.633  32.391 0.0000000000
52324  -44.595  -15.397  31.441 0.0000000000
51511  -45.903  -15.997  31.990 0.0000000000
51512  -46.408  -15.886  32.132 0.0000000000
54022  -45.617  -13.906  31.046 0.0000000000
53173  -47.150  -14.448  31.652 0.0000000000
52328  -48.131  -14.808  32.314 0.0000000000
54042  -47.945  -12.901  30.622 0.0000000000
54025  -48.957  -13.325  31.229 0.0000000000
53176  -50.163  -13.949  32.083 0.0000000000
54872  -49.190  -12.762  30.734 0.0000000000
54873  -49.898  -12.768  30.842 0.0000000000
56643  -47.622  -10.405  30.309 0.0000000000
32960  -8.343  -37.188  59.005 0.0000000000
30945  -14.540  -38.604  61.560 0.0000000000
30944  -13.486  -38.381  61.310 0.0000000000
31909  -11.595  -37.820  62.191 0.0000000000
31930  -11.255  -37.804  60.326 0.0000000000
31886  -11.197  -37.945  64.961 0.0000000000
32904  -8.982  -36.925  64.161 0.0000000000
32899  -9.560  -37.279  64.465 0.0000000000
32905  -9.561  -37.099  63.774 0.0000000000
32917  -9.783  -37.350  62.432 0.0000000000
32916  -9.325  -36.988  62.516 0.0000000000
32933  -9.242  -37.166  61.262 0.0000000000
32915  -8.522  -36.744  62.669 0.0000000000
33855  -6.913  -35.873  63.376 0.0000000000
33859  -6.949  -35.873  62.313 0.0000000000
33858  -6.175  -35.808  61.705 0.0000000000
34697  -6.058  -35.531  62.037 0.0000000000
32913  -5.588  -36.632  62.796 0.0000000000
44594  -47.650  -23.392  50.195 0.0000000000
44593  -47.331  -23.343  50.038 0.0000000000
39992  -44.191  -28.092  49.869 0.0000000000
40957  -44.490  -27.880  50.349 0.0000000000
40972  -44.547  -27.538  49.784 0.0000000000
40992  -45.038  -26.660  49.294 0.0000000000
40973  -44.972  -26.951  49.896 0.0000000000
41934  -45.353  -26.346  49.785 0.0000000000
43741  -45.482  -24.447  46.016 0.0000000000
42863  -45.866  -25.178  46.615 0.0000000000
43708  -46.138  -24.315  47.839 0.0000000000
42832  -46.095  -24.922  48.128 0.0000000000
43693  -46.013  -24.739  48.832 0.0000000000
43675  -45.950  -25.068  49.525 0.0000000000
44617  -46.348  -23.752  48.928 0.0000000000
45581  -46.416  -21.794  48.503 0.0000000000
45582  -46.677  -22.481  49.034 0.0000000000
46657  -46.581  -21.315  48.810 0.0000000000
47684  -45.831  -20.601  47.935 0.0000000000
48614  -43.940  -19.081  46.410 0.0000000000
49553  -43.642  -18.518  46.374 0.0000000000
49566  -43.006  -18.393  46.287 0.0000000000
48646  -41.778  -19.566  44.926 0.0000000000
48635  -42.341  -19.444  45.307 0.0000000000
48634  -41.658  -19.009  44.962 0.0000000000
50574  -40.928  -17.923  43.850 0.0000000000
49591  -41.098  -17.969  44.487 0.0000000000
50592  -41.527  -17.869  43.392 0.0000000000
49675  -38.902  -18.832  39.918 0.0000000000
47745  -37.491  -19.962  41.843 0.0000000000
49633  -36.919  -19.240  41.224 0.0000000000
49673  -36.773  -18.970  39.907 0.0000000000
33002  -22.422  -36.280  56.074 0.0000000000
31986  -22.407  -37.607  57.007 0.0000000000
32009  -22.892  -36.977  56.615 0.0000000000
32983  -24.123  -36.330  57.396 0.0000000000
34724  -24.966  -34.724  57.605 0.0000000000
35693  -26.706  -33.671  48.337 0.0000000000
36524  -26.320  -33.070  47.536 0.0000000000
35676  -25.626  -33.795  49.954 0.0000000000
34842  -27.721  -34.520  51.161 0.0000000000
34790  -27.962  -34.456  52.793 0.0000000000
34817  -28.606  -34.591  52.168 0.0000000000
37332  -31.700  -30.763  47.486 0.0000000000
36506  -31.127  -32.109  48.798 0.0000000000
36505  -30.432  -32.270  48.356 0.0000000000
36479  -30.885  -32.681  49.078 0.0000000000
36457  -33.134  -32.881  49.992 0.0000000000
35655  -31.647  -33.559  50.500 0.0000000000
35608  -30.775  -34.240  51.951 0.0000000000
34819  -30.244  -34.700  52.313 0.0000000000
34776  -30.885  -34.648  54.651 0.0000000000
34797  -34.763  -34.679  53.908 0.0000000000
34779  -34.114  -34.971  54.781 0.0000000000
35638  -39.418  -33.892  51.780 0.0000000000
32040  -14.549  -37.050  55.175 0.0000000000
32041  -15.010  -37.133  55.106 0.0000000000
33953  -18.516  -36.061  52.960 0.0000000000
33074  -17.949  -36.138  52.661 0.0000000000
33058  -18.172  -36.524  53.346 0.0000000000
33057  -17.244  -36.634  53.458 0.0000000000
33072  -16.657  -36.200  52.955 0.0000000000
33952  -16.012  -35.998  52.749 0.0000000000
33056  -16.217  -36.459  53.436 0.0000000000
33951  -15.286  -36.034  52.865 0.0000000000
32005  -16.438  -37.879  56.565 0.0000000000
30986  -16.286  -38.443  58.138 0.0000000000
30975  -16.757  -38.521  58.922 0.0000000000
32935  -19.675  -36.788  60.604 0.0000000000
32934  -19.074  -36.734  60.202 0.0000000000
32927  -19.731  -36.877  61.500 0.0000000000
47675  -48.736  -20.630  49.642 0.0000000000
48749  -40.231  -20.305  37.775 0.0000000000
48730  -41.454  -19.895  38.427 0.0000000000
48713  -43.418  -19.664  39.360 0.0000000000
48700  -44.616  -19.672  40.413 0.0000000000
48754  -44.828  -19.298  37.707 0.0000000000
49660  -46.551  -18.873  40.795 0.0000000000
49642  -47.299  -18.769  41.690 0.0000000000
49643  -48.319  -18.196  41.257 0.0000000000
50626  -50.032  -17.970  40.707 0.0000000000
50620  -49.405  -17.899  41.240 0.0000000000
50621  -50.289  -17.782  41.504 0.0000000000
48823  -47.908  -19.431  34.657 0.0000000000
47794  -49.857  -20.042  37.472 0.0000000000
48759  -50.058  -19.658  38.280 0.0000000000
54874  -51.307  -12.531  31.179 0.0000000000
54893  -51.006  -11.701  30.433 0.0000000000
55726  -51.342  -10.949  30.400 0.0000000000
58372  -49.279  -8.685  30.077 0.0000000000
57527  -51.434  -8.876  30.491 0.0000000000
57526  -50.565  -8.978  30.441 0.0000000000
56649  -52.894  -9.668  30.703 0.0000000000
56633  -54.430  -9.436  31.997 0.0000000000
57529  -53.246  -8.960  30.754 0.0000000000
58377  -53.567  -8.010  30.882 0.0000000000
58378  -54.356  -7.686  31.088 0.0000000000
58362  -55.250  -7.995  31.985 0.0000000000
59244  -53.733  -7.047  30.563 0.0000000000
58403  -51.641  -8.061  28.182 0.0000000000
57547  -50.648  -8.630  27.976 0.0000000000
60071  -54.693  -5.738  29.672 0.0000000000
60070  -53.537  -6.107  29.583 0.0000000000
60057  -55.121  -6.001  30.394 0.0000000000
59246  -55.662  -6.431  31.092 0.0000000000
60095  -56.939  -5.601  27.544 0.0000000000
39090  -40.425  -29.435  44.248 0.0000000000
39111  -40.799  -29.045  43.726 0.0000000000
39107  -37.314  -29.093  43.624 0.0000000000
38183  -39.218  -29.949  44.836 0.0000000000
49638  -40.965  -18.468  41.389 0.0000000000
49639  -42.178  -18.669  41.804 0.0000000000
49657  -41.469  -18.927  40.516 0.0000000000
48697  -42.057  -19.466  39.911 0.0000000000
53159  -50.226  -14.457  32.409 0.0000000000
52314  -51.198  -14.912  33.345 0.0000000000
53150  -53.150  -13.987  34.549 0.0000000000
53997  -53.318  -13.460  34.236 0.0000000000
53998  -53.940  -13.045  34.537 0.0000000000
54844  -53.044  -12.736  33.328 0.0000000000
33019  -13.825  -36.950  55.293 0.0000000000
33018  -12.911  -36.887  55.459 0.0000000000
32002  -13.572  -37.467  56.728 0.0000000000
31978  -13.422  -37.644  57.434 0.0000000000
31957  -13.247  -37.766  58.141 0.0000000000
45633  -43.103  -22.868  43.964 0.0000000000
46708  -42.164  -21.539  43.947 0.0000000000
47731  -38.974  -19.909  43.115 0.0000000000
30968  -21.011  -39.057  59.057 0.0000000000
34742  -29.041  -34.173  57.830 0.0000000000
34758  -30.138  -34.445  55.847 0.0000000000
36460  -36.173  -32.849  50.164 0.0000000000
34849  -35.831  -34.191  52.625 0.0000000000
35611  -36.557  -34.196  52.508 0.0000000000
35612  -36.972  -34.177  52.533 0.0000000000
34737  -19.985  -35.088  56.788 0.0000000000
32963  -20.071  -36.587  58.800 0.0000000000
31962  -20.331  -37.142  58.347 0.0000000000
30976  -20.531  -37.922  58.494 0.0000000000
48820  -44.888  -19.364  34.793 0.0000000000
40052  -43.359  -28.714  45.617 0.0000000000
41085  -42.185  -27.489  43.248 0.0000000000
41072  -42.686  -27.578  43.733 0.0000000000
42023  -42.821  -26.743  43.535 0.0000000000
42917  -42.856  -25.911  43.427 0.0000000000
35600  -21.271  -34.413  52.476 0.0000000000
36408  -22.534  -34.259  52.255 0.0000000000
37277  -22.702  -32.081  50.081 0.0000000000
36425  -24.336  -33.516  52.238 0.0000000000
35625  -24.802  -33.526  52.266 0.0000000000
35626  -25.420  -33.693  51.790 0.0000000000
38140  -36.608  -30.594  46.599 0.0000000000
37352  -36.840  -30.861  47.027 0.0000000000
37334  -36.728  -31.147  47.541 0.0000000000
36508  -36.527  -32.023  48.737 0.0000000000
36487  -38.889  -33.210  49.495 0.0000000000
36511  -39.448  -32.948  48.677 0.0000000000
36512  -40.294  -32.975  48.512 0.0000000000
37357  -41.583  -31.441  46.803 0.0000000000
37339  -41.847  -31.873  47.287 0.0000000000
35623  -20.066  -34.159  51.051 0.0000000000
35624  -20.516  -33.964  51.323 0.0000000000
49555  -45.589  -18.771  47.110 0.0000000000
50535  -45.043  -18.642  46.480 0.0000000000
50549  -45.428  -18.297  46.148 0.0000000000
49610  -45.570  -18.898  44.079 0.0000000000
49611  -46.648  -18.955  43.993 0.0000000000
50581  -48.346  -18.061  44.709 0.0000000000
49596  -47.895  -18.143  44.080 0.0000000000
49613  -48.200  -18.082  43.211 0.0000000000
50695  -47.567  -17.918  32.950 0.0000000000
49779  -49.138  -18.403  33.443 0.0000000000
49762  -50.371  -18.606  34.407 0.0000000000
49764  -51.929  -17.865  35.146 0.0000000000
49765  -52.507  -17.865  35.438 0.0000000000
56619  -55.507  -9.571  33.548 0.0000000000
51509  -43.975  -16.162  31.659 0.0000000000
52323  -43.651  -15.379  31.363 0.0000000000
54041  -46.932  -13.064  30.602 0.0000000000
54890  -48.125  -12.084  30.355 0.0000000000
31952  -9.121  -37.306  58.833 0.0000000000
32944  -8.525  -37.084  60.006 0.0000000000
30925  -13.897  -38.316  63.633 0.0000000000
31901  -12.952  -38.045  63.450 0.0000000000
32898  -9.011  -36.921  65.032 0.0000000000
32909  -8.311  -36.701  63.616 0.0000000000
32908  -7.543  -36.304  63.966 0.0000000000
33850  -6.491  -36.040  63.713 0.0000000000
32906  -6.290  -36.600  63.819 0.0000000000
40019  -44.359  -27.592  48.018 0.0000000000
41945  -44.952  -26.755  48.292 0.0000000000
41960  -45.482  -26.114  47.659 0.0000000000
45613  -45.366  -23.112  46.132 0.0000000000
44647  -45.365  -23.700  46.027 0.0000000000
44637  -45.695  -23.557  46.532 0.0000000000
44626  -46.055  -23.443  47.492 0.0000000000
45593  -46.320  -23.107  48.347 0.0000000000
47692  -45.552  -20.752  47.505 0.0000000000
47691  -45.319  -20.480  47.059 0.0000000000
48625  -44.046  -19.482  46.265 0.0000000000
49590  -40.827  -18.619  43.891 0.0000000000
50604  -40.618  -17.956  42.491 0.0000000000
50603  -39.949  -18.193  42.202 0.0000000000
49654  -38.587  -18.666  40.843 0.0000000000
33927  -23.452  -35.495  55.831 0.0000000000
33003  -23.334  -36.308  56.308 0.0000000000
33914  -23.791  -35.754  56.318 0.0000000000
32964  -24.538  -36.343  58.299 0.0000000000
34715  -26.526  -34.259  58.569 0.0000000000
34714  -25.956  -34.805  59.083 0.0000000000
35705  -27.905  -33.454  48.099 0.0000000000
35694  -27.577  -33.669  48.370 0.0000000000
35678  -27.511  -33.975  49.100 0.0000000000
34874  -27.189  -34.215  49.580 0.0000000000
34875  -27.666  -34.250  49.821 0.0000000000
34863  -28.432  -34.368  50.589 0.0000000000
34864  -28.884  -34.440  51.008 0.0000000000
38105  -32.343  -30.837  47.690 0.0000000000
37292  -31.925  -31.797  48.788 0.0000000000
35656  -32.625  -33.472  50.589 0.0000000000
35609  -31.588  -33.995  52.061 0.0000000000
33021  -18.842  -36.730  54.944 0.0000000000
32028  -18.327  -37.045  55.298 0.0000000000
32044  -17.571  -37.105  54.851 0.0000000000
32043  -16.807  -37.139  54.935 0.0000000000
32006  -17.508  -37.624  56.520 0.0000000000
31960  -17.702  -38.051  59.192 0.0000000000
30949  -19.862  -38.499  61.321 0.0000000000
31915  -19.762  -37.595  61.779 0.0000000000
48769  -41.594  -20.215  37.242 0.0000000000
48751  -41.851  -20.007  37.708 0.0000000000
48733  -44.014  -19.527  38.569 0.0000000000
49715  -46.344  -18.793  37.587 0.0000000000
49699  -46.708  -18.633  38.659 0.0000000000
49662  -48.556  -18.255  40.403 0.0000000000
49663  -49.316  -18.175  40.475 0.0000000000
50627  -50.857  -17.992  40.881 0.0000000000
48800  -49.753  -19.785  35.585 0.0000000000
48777  -49.468  -20.062  36.681 0.0000000000
55724  -49.368  -11.111  30.189 0.0000000000
56646  -50.463  -9.981  30.342 0.0000000000
58375  -51.635  -7.959  30.530 0.0000000000
59242  -51.874  -7.044  30.390 0.0000000000
60884  -55.264  -5.361  29.638 0.0000000000
60110  -57.352  -5.971  26.411 0.0000000000
60111  -58.109  -5.412  26.620 0.0000000000
39051  -42.872  -29.978  46.205 0.0000000000
40068  -41.971  -28.909  44.014 0.0000000000
41071  -42.052  -27.935  43.383 0.0000000000
37261  -21.457  -32.409  50.489 0.0000000000
37289  -22.347  -31.558  49.588 0.0000000000
37291  -23.638  -32.003  48.999 0.0000000000
39085  -35.448  -29.465  44.582 0.0000000000
39065  -36.294  -29.934  45.387 0.0000000000
38159  -37.058  -30.289  45.789 0.0000000000
38141  -37.457  -30.589  46.184 0.0000000000
37354  -38.553  -31.242  46.831 0.0000000000
37355  -39.641  -31.435  46.770 0.0000000000
38162  -39.882  -30.368  45.330 0.0000000000
50577  -43.252  -17.868  44.635 0.0000000000
50594  -43.241  -17.961  43.708 0.0000000000
49608  -43.571  -18.327  43.485 0.0000000000
49624  -44.276  -19.304  43.005 0.0000000000
48671  -44.938  -19.892  42.406 0.0000000000
51499  -48.698  -16.189  32.705 0.0000000000
50699  -51.351  -16.747  34.475 0.0000000000
52299  -50.769  -15.770  33.376 0.0000000000
51484  -51.274  -16.311  34.181 0.0000000000
50675  -53.306  -17.199  35.680 0.0000000000
32998  -11.467  -37.221  56.561 0.0000000000
31999  -11.297  -37.309  57.098 0.0000000000
31975  -11.068  -37.316  57.854 0.0000000000
42883  -45.096  -25.413  45.487 0.0000000000
43740  -45.009  -24.541  45.445 0.0000000000
46687  -44.245  -21.356  45.400 0.0000000000
47710  -43.817  -20.569  45.480 0.0000000000
47708  -42.442  -19.945  45.132 0.0000000000
48645  -41.300  -19.555  44.573 0.0000000000
47719  -40.934  -20.056  44.051 0.0000000000
49620  -38.416  -19.030  42.581 0.0000000000
35543  -25.007  -33.911  56.103 0.0000000000
34726  -26.436  -33.856  57.766 0.0000000000
35524  -27.415  -34.217  58.768 0.0000000000
34728  -29.645  -34.036  58.308 0.0000000000
36542  -28.591  -32.246  46.679 0.0000000000
37295  -34.008  -32.025  48.812 0.0000000000
35658  -34.564  -33.413  50.721 0.0000000000
34846  -33.667  -34.011  51.842 0.0000000000
34798  -35.747  -34.777  53.945 0.0000000000
33980  -18.444  -35.244  51.307 0.0000000000
33059  -18.930  -36.209  53.507 0.0000000000
33022  -19.391  -36.200  55.051 0.0000000000
32961  -19.029  -36.615  57.999 0.0000000000
32947  -19.666  -36.707  59.500 0.0000000000
32936  -20.111  -36.963  60.918 0.0000000000
31934  -20.075  -37.595  60.225 0.0000000000
48755  -45.607  -18.984  37.232 0.0000000000
49716  -47.363  -18.784  37.729 0.0000000000
49718  -48.891  -18.817  38.526 0.0000000000
57538  -47.185  -9.255  29.661 0.0000000000
58388  -48.736  -8.924  29.491 0.0000000000
59276  -54.676  -7.055  27.979 0.0000000000
58433  -55.497  -7.670  26.202 0.0000000000
59286  -56.054  -7.077  26.153 0.0000000000
59287  -56.692  -6.500  26.220 0.0000000000
30974  -15.776  -38.523  58.800 0.0000000000
30973  -14.788  -38.221  58.507 0.0000000000
30964  -15.073  -38.493  59.574 0.0000000000
39991  -43.789  -28.610  49.982 0.0000000000
40004  -43.875  -28.365  49.196 0.0000000000
41029  -44.544  -27.411  46.932 0.0000000000
39069  -43.046  -29.477  45.929 0.0000000000
41063  -43.055  -27.891  44.402 0.0000000000
41048  -43.979  -27.821  45.781 0.0000000000
41065  -44.157  -27.286  45.373 0.0000000000
44666  -42.548  -23.845  43.268 0.0000000000
45643  -41.300  -22.581  42.623 0.0000000000
33001  -21.560  -36.420  56.543 0.0000000000
33912  -21.784  -35.702  55.855 0.0000000000
33926  -22.585  -35.501  55.467 0.0000000000
35554  -22.063  -34.552  54.777 0.0000000000
34755  -22.432  -34.755  55.052 0.0000000000
34756  -23.248  -34.921  55.290 0.0000000000
34773  -23.626  -34.576  55.091 0.0000000000
36423  -22.814  -33.500  51.756 0.0000000000
36409  -23.172  -34.132  52.568 0.0000000000
35584  -23.490  -34.105  53.477 0.0000000000
36400  -25.318  -33.489  55.105 0.0000000000
35573  -25.768  -33.438  54.855 0.0000000000
35574  -26.743  -33.699  54.617 0.0000000000
39031  -32.374  -29.325  46.942 0.0000000000
39049  -34.623  -30.021  46.441 0.0000000000
38139  -35.457  -30.334  46.561 0.0000000000
38138  -34.892  -30.288  46.759 0.0000000000
37313  -33.772  -31.557  48.552 0.0000000000
37296  -34.761  -32.027  48.788 0.0000000000
35663  -39.719  -33.662  50.824 0.0000000000
35682  -39.184  -33.520  50.209 0.0000000000
35699  -41.040  -33.300  49.198 0.0000000000
36532  -41.559  -32.409  47.839 0.0000000000
36513  -41.226  -32.984  48.642 0.0000000000
35685  -41.409  -33.183  49.480 0.0000000000
36442  -42.352  -32.193  51.636 0.0000000000
34838  -18.937  -34.814  50.855 0.0000000000
33981  -19.215  -34.935  51.471 0.0000000000
34788  -19.868  -35.071  52.726 0.0000000000
34814  -20.421  -34.616  52.248 0.0000000000
34789  -20.698  -34.928  53.387 0.0000000000
34753  -20.797  -35.163  55.508 0.0000000000
48583  -47.653  -20.205  49.608 0.0000000000
49532  -47.566  -19.618  49.086 0.0000000000
49545  -47.832  -19.098  48.532 0.0000000000
49556  -48.354  -18.684  48.141 0.0000000000
50579  -44.578  -17.878  45.170 0.0000000000
50563  -44.859  -17.991  45.621 0.0000000000
49569  -45.790  -18.273  45.892 0.0000000000
49581  -46.088  -18.326  45.418 0.0000000000
50550  -46.540  -18.106  46.173 0.0000000000
48840  -46.341  -19.287  34.249 0.0000000000
49760  -48.574  -19.105  33.935 0.0000000000
50697  -49.755  -17.334  33.278 0.0000000000
48827  -51.586  -18.463  35.182 0.0000000000
33861  -5.323  -35.695  60.406 0.0000000000
48728  -39.755  -19.903  38.450 0.0000000000
47793  -40.615  -20.462  37.148 0.0000000000
47811  -39.592  -20.618  36.346 0.0000000000
47813  -41.300  -20.373  36.715 0.0000000000
47833  -41.554  -20.342  36.165 0.0000000000
48793  -41.990  -20.163  35.822 0.0000000000
48838  -42.881  -19.212  33.886 0.0000000000
49775  -44.929  -18.484  33.374 0.0000000000
49790  -43.820  -18.164  32.976 0.0000000000
49791  -44.369  -18.241  33.141 0.0000000000
50693  -45.526  -18.118  33.068 0.0000000000
51496  -45.397  -16.793  32.232 0.0000000000
50712  -47.027  -17.194  32.679 0.0000000000
51498  -47.616  -16.293  32.563 0.0000000000
54020  -43.962  -13.742  31.049 0.0000000000
53171  -45.166  -14.647  31.258 0.0000000000
52326  -46.583  -15.353  31.929 0.0000000000
52310  -47.199  -15.684  32.301 0.0000000000
52311  -48.251  -15.325  32.474 0.0000000000
53158  -49.012  -14.681  32.365 0.0000000000
54004  -50.527  -13.878  32.156 0.0000000000
30963  -13.959  -38.233  59.313 0.0000000000
30962  -13.000  -38.187  59.621 0.0000000000
31922  -12.816  -38.185  61.352 0.0000000000
30943  -12.897  -38.297  60.863 0.0000000000
30961  -12.513  -38.125  59.781 0.0000000000
31931  -12.042  -38.046  60.006 0.0000000000
31929  -10.351  -37.564  60.580 0.0000000000
31893  -11.154  -37.693  64.081 0.0000000000
31899  -10.992  -37.640  63.072 0.0000000000
31908  -10.674  -37.652  62.205 0.0000000000
31919  -10.095  -37.500  61.562 0.0000000000
31928  -9.653  -37.364  60.871 0.0000000000
32945  -9.103  -37.197  60.597 0.0000000000
32922  -7.914  -36.439  61.805 0.0000000000
33857  -5.865  -35.855  60.889 0.0000000000
34696  -5.337  -35.915  61.470 0.0000000000
34692  -4.977  -35.728  61.645 0.0000000000
33853  -5.536  -35.970  62.217 0.0000000000
32912  -5.065  -36.397  61.936 0.0000000000
43661  -47.851  -24.252  50.417 0.0000000000
39977  -44.927  -27.961  51.306 0.0000000000
41977  -45.585  -26.008  46.786 0.0000000000
43725  -46.102  -24.819  47.182 0.0000000000
42849  -46.088  -25.067  47.613 0.0000000000
42831  -45.810  -25.455  48.309 0.0000000000
42814  -45.693  -25.644  49.437 0.0000000000
42815  -46.046  -25.277  50.138 0.0000000000
44606  -46.929  -23.414  49.853 0.0000000000
45558  -47.267  -23.011  49.881 0.0000000000
45572  -47.492  -22.040  49.686 0.0000000000
47673  -47.101  -20.997  49.365 0.0000000000
47685  -46.701  -20.441  48.866 0.0000000000
47683  -45.572  -20.254  47.474 0.0000000000
49542  -45.442  -19.264  47.136 0.0000000000
49567  -43.361  -18.112  46.429 0.0000000000
47699  -43.594  -19.844  45.808 0.0000000000
48636  -42.925  -19.450  45.672 0.0000000000
49578  -41.286  -18.412  44.788 0.0000000000
49579  -42.225  -18.440  45.524 0.0000000000
50560  -42.582  -17.956  45.257 0.0000000000
50576  -42.429  -17.911  44.417 0.0000000000
50617  -41.233  -18.051  42.060 0.0000000000
48708  -39.302  -19.413  39.175 0.0000000000
46720  -39.642  -21.216  42.205 0.0000000000
47748  -39.781  -20.963  42.609 0.0000000000
47730  -38.591  -19.683  42.983 0.0000000000
48668  -37.892  -19.436  42.095 0.0000000000
48669  -38.293  -19.376  42.653 0.0000000000
49652  -36.346  -19.065  40.881 0.0000000000
32010  -23.342  -36.839  56.827 0.0000000000
33901  -24.713  -35.292  57.796 0.0000000000
36500  -24.408  -32.566  48.274 0.0000000000
36477  -24.915  -33.237  49.564 0.0000000000
35627  -26.286  -34.067  51.363 0.0000000000
34841  -26.960  -34.472  50.858 0.0000000000
34815  -27.057  -34.373  51.735 0.0000000000
35606  -27.300  -34.261  52.493 0.0000000000
35589  -28.146  -34.344  53.576 0.0000000000
34774  -28.828  -34.428  53.933 0.0000000000
36528  -30.291  -31.779  47.615 0.0000000000
36481  -32.741  -32.355  49.287 0.0000000000
35681  -30.519  -33.300  49.499 0.0000000000
35680  -29.608  -33.603  49.532 0.0000000000
35653  -29.309  -34.149  50.640 0.0000000000
35628  -29.606  -34.336  51.173 0.0000000000
34844  -29.281  -34.534  51.478 0.0000000000
35607  -30.439  -34.467  51.829 0.0000000000
34845  -29.780  -34.662  51.842 0.0000000000
34818  -29.368  -34.674  52.346 0.0000000000
34761  -33.526  -35.237  55.727 0.0000000000
33053  -13.355  -36.258  54.051 0.0000000000
31980  -15.044  -37.973  57.356 0.0000000000
33073  -17.311  -36.201  52.799 0.0000000000
33055  -15.220  -36.438  53.634 0.0000000000
32042  -15.895  -37.149  55.026 0.0000000000
32004  -15.373  -37.796  56.523 0.0000000000
30985  -15.501  -38.322  57.989 0.0000000000
32920  -19.813  -37.061  62.079 0.0000000000
48710  -41.048  -19.639  39.139 0.0000000000
48711  -41.797  -19.691  39.160 0.0000000000
48698  -42.816  -19.662  40.098 0.0000000000
48731  -42.240  -19.823  38.445 0.0000000000
48687  -45.699  -19.775  41.618 0.0000000000
48734  -44.802  -19.314  38.775 0.0000000000
48715  -45.198  -19.296  39.594 0.0000000000
48702  -46.131  -19.414  41.175 0.0000000000
48688  -46.522  -19.382  41.720 0.0000000000
49626  -48.193  -18.185  42.202 0.0000000000
50596  -48.914  -17.872  42.643 0.0000000000
50619  -48.854  -17.976  41.290 0.0000000000
50609  -49.614  -17.751  42.122 0.0000000000
48822  -46.870  -19.491  34.841 0.0000000000
48776  -48.307  -19.615  36.755 0.0000000000
48716  -50.762  -19.209  39.600 0.0000000000
49703  -50.089  -18.909  39.357 0.0000000000
49684  -50.496  -18.777  40.113 0.0000000000
54851  -51.478  -12.958  31.974 0.0000000000
55691  -52.540  -12.140  31.791 0.0000000000
55709  -51.551  -11.750  30.699 0.0000000000
56617  -53.724  -10.816  32.248 0.0000000000
56647  -51.331  -9.849  30.433 0.0000000000
56631  -52.779  -10.490  30.884 0.0000000000
56618  -54.609  -10.182  32.858 0.0000000000
57499  -55.091  -9.024  32.713 0.0000000000
57511  -54.635  -8.786  31.846 0.0000000000
58351  -55.685  -8.505  32.867 0.0000000000
58402  -50.292  -8.005  29.088 0.0000000000
60080  -51.586  -6.593  29.733 0.0000000000
60054  -52.329  -6.491  30.193 0.0000000000
60069  -52.517  -6.219  29.735 0.0000000000
60055  -53.060  -6.377  30.152 0.0000000000
59245  -54.821  -6.931  30.934 0.0000000000
60905  -56.967  -5.080  28.153 0.0000000000
60096  -58.299  -4.921  27.404 0.0000000000
29979  -20.936  -39.334  59.417 0.0000000000
30940  -19.584  -38.512  61.966 0.0000000000
30952  -12.661  -38.239  60.273 0.0000000000
30972  -14.149  -38.045  58.628 0.0000000000
31898  -10.263  -37.444  62.800 0.0000000000
31907  -10.109  -37.494  62.213 0.0000000000
31942  -13.135  -37.932  58.879 0.0000000000
31955  -11.656  -37.620  58.518 0.0000000000
31958  -14.052  -37.837  58.082 0.0000000000
31974  -10.144  -37.257  57.888 0.0000000000
31987  -23.524  -37.431  57.433 0.0000000000
32001  -12.795  -37.493  56.832 0.0000000000
32911  -9.747  -37.155  63.099 0.0000000000
32923  -8.867  -36.903  61.841 0.0000000000
32924  -9.531  -37.302  61.871 0.0000000000
32925  -9.831  -37.450  62.035 0.0000000000
32928  -20.080  -37.083  61.628 0.0000000000
32980  -20.370  -36.446  57.933 0.0000000000
33004  -23.841  -36.107  56.721 0.0000000000
33020  -14.305  -37.013  55.212 0.0000000000
33023  -22.530  -35.899  55.702 0.0000000000
33851  -6.984  -36.032  64.219 0.0000000000
33852  -5.072  -35.933  61.594 0.0000000000
33856  -4.863  -35.990  61.067 0.0000000000
33886  -20.167  -36.020  58.129 0.0000000000
33887  -24.934  -35.643  58.698 0.0000000000
33913  -22.293  -35.838  55.718 0.0000000000
34693  -5.263  -35.945  61.756 0.0000000000
34695  -5.084  -35.976  61.418 0.0000000000
34721  -20.036  -35.143  57.179 0.0000000000
34722  -20.299  -35.261  57.088 0.0000000000
34840  -20.143  -34.472  51.668 0.0000000000
34861  -27.032  -34.359  50.068 0.0000000000
34876  -28.069  -34.308  50.123 0.0000000000
35555  -22.322  -34.536  54.670 0.0000000000
35567  -21.374  -34.610  54.308 0.0000000000
35703  -26.894  -33.374  47.711 0.0000000000
35704  -27.425  -33.432  47.874 0.0000000000
36385  -25.820  -33.212  55.873 0.0000000000
36386  -26.099  -33.152  56.135 0.0000000000
36392  -25.657  -33.327  55.656 0.0000000000
36401  -25.702  -33.391  55.409 0.0000000000
37274  -21.236  -32.322  50.267 0.0000000000
37309  -23.923  -32.084  48.367 0.0000000000
37316  -36.275  -31.576  48.244 0.0000000000
38093  -22.153  -31.172  49.311 0.0000000000
38180  -36.722  -30.022  45.375 0.0000000000
41959  -45.121  -26.587  47.903 0.0000000000
41998  -45.509  -25.703  46.134 0.0000000000
42864  -46.047  -25.183  47.130 0.0000000000
43707  -46.072  -24.021  47.408 0.0000000000
47666  -47.693  -20.491  49.629 0.0000000000
47777  -50.759  -19.847  38.589 0.0000000000
47814  -41.734  -20.270  36.387 0.0000000000
47845  -40.677  -20.456  35.331 0.0000000000
48584  -47.818  -20.328  49.722 0.0000000000
48624  -43.479  -19.429  45.994 0.0000000000
48656  -40.182  -19.643  43.508 0.0000000000
48660  -47.369  -18.959  43.009 0.0000000000
48689  -46.910  -19.210  42.125 0.0000000000
49531  -47.316  -19.845  49.201 0.0000000000
49546  -48.548  -19.139  48.484 0.0000000000
49552  -43.291  -18.517  46.336 0.0000000000
49568  -45.544  -18.189  45.923 0.0000000000
49580  -45.467  -18.129  45.647 0.0000000000
49659  -46.072  -18.961  40.415 0.0000000000
49729  -46.906  -18.819  37.286 0.0000000000
50578  -44.159  -17.820  44.717 0.0000000000
50616  -40.441  -18.103  41.896 0.0000000000
50636  -50.297  -18.216  40.522 0.0000000000
50683  -51.122  -17.463  34.584 0.0000000000
50692  -45.050  -18.117  33.072 0.0000000000
50715  -49.645  -16.810  33.004 0.0000000000
51465  -53.107  -16.903  35.483 0.0000000000
53157  -48.418  -14.758  32.338 0.0000000000
54038  -44.503  -13.437  30.916 0.0000000000
58405  -53.652  -7.571  28.106 0.0000000000
59241  -51.214  -7.335  30.285 0.0000000000
59269  -54.345  -6.565  28.560 0.0000000000
60068  -51.836  -6.419  29.956 0.0000000000
60085  -56.682  -5.288  28.281 0.0000000000
