#!ascii label  , from subject sub-01 vox2ras=TkReg
593
28151  -16.584  -41.891  58.176 0.0000000000
38986  -44.328  -29.475  52.086 0.0000000000
46640  -47.742  -21.807  49.832 0.0000000000
49616  -52.374  -18.931  43.571 0.0000000000
36426  -41.861  -32.854  52.045 0.0000000000
50539  -49.249  -18.228  47.200 0.0000000000
47817  -52.406  -20.112  37.183 0.0000000000
49745  -54.298  -17.894  36.270 0.0000000000
37298  -46.936  -31.351  49.972 0.0000000000
40007  -48.463  -27.946  48.396 0.0000000000
41921  -46.401  -26.414  51.099 0.0000000000
28115  -20.161  -40.857  60.482 0.0000000000
29982  -24.444  -39.343  58.782 0.0000000000
34701  -28.013  -35.024  59.060 0.0000000000
33903  -32.696  -35.841  57.479 0.0000000000
33047  -36.392  -36.814  54.997 0.0000000000
33067  -40.213  -36.518  53.335 0.0000000000
34831  -43.832  -34.392  52.228 0.0000000000
43726  -51.158  -24.541  46.504 0.0000000000
51468  -55.061  -16.891  35.390 0.0000000000
38063  -45.856  -30.317  52.267 0.0000000000
39978  -46.967  -28.807  51.622 0.0000000000
40941  -45.283  -27.747  51.438 0.0000000000
29975  -21.141  -39.862  59.533 0.0000000000
29019  -22.851  -41.135  59.793 0.0000000000
34799  -36.730  -35.005  53.793 0.0000000000
33065  -38.029  -36.810  53.517 0.0000000000
34828  -39.487  -34.803  52.969 0.0000000000
37265  -43.309  -30.934  52.059 0.0000000000
36412  -43.005  -32.604  52.741 0.0000000000
37253  -44.365  -31.502  52.737 0.0000000000
35642  -45.004  -33.146  51.379 0.0000000000
42816  -48.696  -25.098  49.519 0.0000000000
41978  -50.058  -26.513  46.853 0.0000000000
44608  -49.365  -23.197  49.656 0.0000000000
49598  -50.978  -18.378  45.358 0.0000000000
47702  -50.499  -19.812  46.521 0.0000000000
47724  -51.467  -19.977  44.576 0.0000000000
46726  -51.893  -21.443  42.876 0.0000000000
47799  -54.819  -20.843  37.906 0.0000000000
46752  -54.422  -21.199  38.979 0.0000000000
35638  -39.418  -33.892  51.780 0.0000000000
50597  -49.724  -17.846  43.127 0.0000000000
48781  -54.178  -19.358  36.802 0.0000000000
48783  -55.327  -19.541  36.565 0.0000000000
50687  -55.652  -17.788  34.637 0.0000000000
36534  -45.761  -32.941  47.805 0.0000000000
38099  -47.578  -30.011  49.562 0.0000000000
40974  -47.739  -27.190  50.729 0.0000000000
27236  -19.280  -42.074  60.000 0.0000000000
29991  -25.277  -39.334  58.047 0.0000000000
32950  -25.832  -36.500  59.372 0.0000000000
32965  -26.868  -36.670  58.224 0.0000000000
32968  -29.651  -36.752  59.322 0.0000000000
31969  -31.179  -37.078  58.734 0.0000000000
32016  -33.145  -37.656  56.685 0.0000000000
33917  -34.647  -36.196  56.037 0.0000000000
32051  -37.472  -38.386  54.397 0.0000000000
35591  -41.497  -34.136  52.679 0.0000000000
33961  -42.186  -35.325  52.800 0.0000000000
32092  -43.343  -37.226  51.320 0.0000000000
34000  -45.166  -35.892  50.141 0.0000000000
34880  -46.058  -35.012  48.537 0.0000000000
46668  -50.127  -21.155  48.126 0.0000000000
48718  -52.234  -19.594  40.243 0.0000000000
47762  -53.612  -20.682  42.071 0.0000000000
27234  -17.207  -42.332  59.634 0.0000000000
38974  -45.402  -29.522  52.501 0.0000000000
39939  -45.634  -28.897  52.377 0.0000000000
39958  -44.643  -28.837  51.947 0.0000000000
34826  -37.380  -34.544  53.188 0.0000000000
34827  -38.390  -34.716  53.084 0.0000000000
38072  -43.675  -29.975  51.847 0.0000000000
37252  -43.609  -31.624  52.701 0.0000000000
38062  -44.802  -30.243  52.646 0.0000000000
37254  -45.189  -31.212  52.423 0.0000000000
43663  -49.008  -23.745  49.855 0.0000000000
45573  -48.455  -22.314  50.055 0.0000000000
50584  -51.380  -18.435  44.422 0.0000000000
48638  -51.460  -18.823  45.166 0.0000000000
48648  -51.723  -19.263  44.733 0.0000000000
47737  -51.646  -20.507  43.631 0.0000000000
47738  -52.542  -20.341  43.486 0.0000000000
45709  -55.695  -21.954  36.866 0.0000000000
46760  -55.265  -21.648  37.860 0.0000000000
44768  -54.869  -23.074  36.966 0.0000000000
49743  -52.304  -18.344  35.513 0.0000000000
49731  -54.698  -18.656  36.509 0.0000000000
48782  -54.923  -19.371  36.810 0.0000000000
49732  -55.294  -18.894  36.396 0.0000000000
48804  -55.689  -19.723  36.107 0.0000000000
49746  -55.067  -18.192  36.080 0.0000000000
36516  -46.266  -32.533  48.689 0.0000000000
37320  -46.732  -31.535  48.829 0.0000000000
38098  -47.268  -30.678  49.392 0.0000000000
41906  -46.748  -26.991  51.431 0.0000000000
39979  -47.419  -28.415  51.049 0.0000000000
41922  -47.258  -26.351  51.131 0.0000000000
42798  -47.462  -25.227  50.736 0.0000000000
42797  -46.651  -25.398  50.732 0.0000000000
27247  -20.315  -42.070  59.110 0.0000000000
27238  -21.050  -41.784  59.670 0.0000000000
29981  -23.900  -39.995  59.033 0.0000000000
34709  -26.863  -34.884  59.350 0.0000000000
33876  -26.682  -35.663  59.346 0.0000000000
31948  -25.733  -37.359  58.918 0.0000000000
33877  -27.747  -35.503  59.018 0.0000000000
32966  -27.632  -36.167  58.568 0.0000000000
33878  -28.931  -35.549  59.612 0.0000000000
32971  -31.555  -36.442  58.693 0.0000000000
31993  -32.326  -37.257  57.770 0.0000000000
32989  -33.060  -36.539  57.544 0.0000000000
34781  -35.868  -35.672  54.612 0.0000000000
34763  -34.906  -35.716  55.338 0.0000000000
33918  -35.333  -36.507  55.810 0.0000000000
33010  -35.310  -36.852  56.120 0.0000000000
33030  -36.088  -36.965  55.670 0.0000000000
31010  -36.710  -38.322  54.890 0.0000000000
32050  -37.137  -37.837  54.757 0.0000000000
33066  -39.173  -36.696  53.346 0.0000000000
32061  -38.852  -37.739  53.440 0.0000000000
32062  -40.083  -37.701  53.312 0.0000000000
32074  -41.133  -37.746  53.057 0.0000000000
35615  -40.407  -34.362  52.577 0.0000000000
35616  -41.332  -33.652  52.251 0.0000000000
35617  -43.789  -33.586  52.596 0.0000000000
34805  -42.900  -34.359  52.633 0.0000000000
34830  -43.275  -34.841  52.348 0.0000000000
33081  -43.058  -36.110  51.941 0.0000000000
33982  -43.944  -35.431  51.643 0.0000000000
33983  -44.381  -35.432  51.223 0.0000000000
36466  -45.962  -32.876  50.089 0.0000000000
35686  -45.762  -34.084  49.396 0.0000000000
36491  -46.119  -33.156  49.130 0.0000000000
36515  -45.990  -33.143  48.544 0.0000000000
29968  -19.947  -39.405  61.567 0.0000000000
28107  -19.296  -40.767  61.643 0.0000000000
27214  -18.433  -41.668  61.324 0.0000000000
39037  -47.662  -29.175  47.382 0.0000000000
40037  -48.987  -28.476  46.687 0.0000000000
42865  -50.469  -26.058  46.496 0.0000000000
49547  -49.059  -19.094  48.244 0.0000000000
47676  -49.339  -20.529  49.093 0.0000000000
47693  -50.058  -20.309  47.803 0.0000000000
47722  -50.300  -20.590  45.650 0.0000000000
46688  -50.381  -21.397  46.257 0.0000000000
46750  -54.486  -22.164  39.784 0.0000000000
47771  -53.635  -20.771  39.819 0.0000000000
46746  -54.245  -21.816  40.610 0.0000000000
48705  -53.235  -19.765  41.171 0.0000000000
46741  -53.898  -21.615  41.717 0.0000000000
45663  -53.236  -22.926  41.963 0.0000000000
51466  -53.633  -16.732  35.634 0.0000000000
51467  -54.428  -16.741  35.623 0.0000000000
51475  -54.064  -16.028  35.517 0.0000000000
52291  -53.638  -15.220  35.320 0.0000000000
37267  -46.234  -31.209  51.453 0.0000000000
38086  -47.374  -30.330  50.451 0.0000000000
38987  -46.716  -29.414  51.926 0.0000000000
39960  -46.314  -28.495  52.080 0.0000000000
41905  -46.125  -27.114  51.434 0.0000000000
29009  -20.484  -40.728  60.241 0.0000000000
28126  -21.662  -41.240  59.813 0.0000000000
29989  -23.638  -39.542  58.701 0.0000000000
34782  -36.899  -35.681  53.951 0.0000000000
33049  -37.387  -36.524  53.828 0.0000000000
33956  -37.691  -35.688  53.601 0.0000000000
34801  -38.906  -35.244  53.315 0.0000000000
34802  -39.975  -35.184  53.178 0.0000000000
36442  -42.352  -32.193  51.636 0.0000000000
36411  -42.123  -33.170  52.599 0.0000000000
37251  -43.126  -32.126  52.837 0.0000000000
36413  -43.608  -32.545  52.828 0.0000000000
35618  -44.257  -33.319  52.493 0.0000000000
35641  -44.654  -33.395  51.902 0.0000000000
36428  -44.839  -32.328  52.287 0.0000000000
37266  -45.754  -31.230  51.929 0.0000000000
30958  -20.157  -38.546  60.535 0.0000000000
41947  -48.619  -26.291  49.227 0.0000000000
41011  -48.942  -27.242  47.892 0.0000000000
42833  -48.920  -25.677  48.961 0.0000000000
43694  -49.588  -24.443  48.687 0.0000000000
44628  -50.459  -24.043  47.696 0.0000000000
50553  -49.799  -18.222  46.501 0.0000000000
48617  -50.112  -18.817  46.805 0.0000000000
49583  -50.720  -18.509  45.868 0.0000000000
47723  -50.873  -20.073  45.197 0.0000000000
47798  -54.126  -20.591  38.006 0.0000000000
47797  -53.132  -20.462  38.045 0.0000000000
47781  -54.478  -20.992  38.578 0.0000000000
45685  -54.544  -22.793  39.233 0.0000000000
38996  -43.879  -29.268  51.230 0.0000000000
37279  -43.098  -30.488  51.241 0.0000000000
48585  -48.145  -20.183  49.928 0.0000000000
50552  -49.042  -17.859  46.591 0.0000000000
50567  -49.805  -18.008  45.714 0.0000000000
50583  -50.834  -18.140  44.836 0.0000000000
50599  -51.393  -18.313  43.878 0.0000000000
48780  -52.915  -19.432  36.504 0.0000000000
47819  -54.505  -20.126  37.242 0.0000000000
47820  -55.023  -20.178  37.103 0.0000000000
46769  -55.654  -21.525  36.491 0.0000000000
50678  -55.317  -17.608  35.428 0.0000000000
49767  -55.790  -18.767  35.089 0.0000000000
37342  -46.316  -31.196  47.641 0.0000000000
39020  -47.248  -29.876  48.168 0.0000000000
40006  -48.132  -28.664  48.975 0.0000000000
38999  -47.666  -29.323  50.451 0.0000000000
39993  -48.036  -28.335  50.057 0.0000000000
40975  -48.212  -27.195  49.762 0.0000000000
41936  -48.073  -26.159  50.240 0.0000000000
43661  -47.851  -24.252  50.417 0.0000000000
40957  -44.490  -27.880  50.349 0.0000000000
40973  -44.972  -26.951  49.896 0.0000000000
42815  -46.046  -25.277  50.138 0.0000000000
27245  -17.995  -42.171  59.000 0.0000000000
27246  -19.017  -42.062  59.084 0.0000000000
30994  -25.836  -38.867  56.567 0.0000000000
31963  -23.875  -38.101  58.071 0.0000000000
30969  -24.623  -38.402  58.797 0.0000000000
30970  -25.098  -38.383  58.928 0.0000000000
30982  -26.026  -37.840  58.202 0.0000000000
32012  -29.931  -37.097  57.578 0.0000000000
31991  -30.728  -37.309  58.283 0.0000000000
34746  -32.956  -35.271  56.669 0.0000000000
34747  -33.690  -35.494  56.350 0.0000000000
33904  -33.652  -35.972  56.854 0.0000000000
32990  -33.742  -36.636  57.106 0.0000000000
32035  -33.989  -37.849  55.844 0.0000000000
32060  -37.782  -37.869  53.989 0.0000000000
35614  -38.966  -34.352  52.512 0.0000000000
34829  -40.242  -34.849  52.949 0.0000000000
33959  -40.555  -35.603  53.384 0.0000000000
35592  -42.421  -33.621  52.712 0.0000000000
34804  -41.843  -34.542  52.844 0.0000000000
33069  -41.795  -36.100  53.009 0.0000000000
33080  -42.463  -36.544  52.355 0.0000000000
32091  -42.952  -37.889  51.584 0.0000000000
33133  -45.078  -36.763  48.623 0.0000000000
34865  -44.935  -34.549  50.640 0.0000000000
34001  -45.601  -35.730  49.593 0.0000000000
33156  -45.558  -36.339  47.864 0.0000000000
34890  -45.833  -34.907  47.584 0.0000000000
27224  -18.422  -42.052  60.756 0.0000000000
46650  -49.253  -21.390  49.472 0.0000000000
46659  -50.199  -21.814  48.441 0.0000000000
45594  -50.783  -22.606  47.478 0.0000000000
47701  -50.306  -20.254  46.921 0.0000000000
46689  -50.869  -22.156  46.488 0.0000000000
43742  -51.274  -24.365  45.774 0.0000000000
50610  -50.514  -17.752  42.491 0.0000000000
49645  -52.130  -18.271  42.248 0.0000000000
47779  -52.768  -20.417  38.938 0.0000000000
47769  -51.861  -19.859  39.536 0.0000000000
49666  -52.518  -18.990  41.151 0.0000000000
49646  -52.782  -18.788  41.855 0.0000000000
48675  -53.025  -19.280  42.642 0.0000000000
46727  -52.973  -21.537  43.022 0.0000000000
38973  -44.884  -29.444  52.472 0.0000000000
39938  -45.061  -28.969  52.392 0.0000000000
35612  -36.972  -34.177  52.533 0.0000000000
35613  -37.872  -34.304  52.519 0.0000000000
38073  -44.170  -30.040  52.432 0.0000000000
38061  -43.971  -30.665  52.629 0.0000000000
45560  -47.916  -22.486  50.111 0.0000000000
44595  -48.291  -23.276  50.184 0.0000000000
46641  -48.079  -21.568  50.026 0.0000000000
49615  -51.760  -18.639  44.043 0.0000000000
49600  -51.976  -18.913  44.233 0.0000000000
48649  -52.280  -19.470  43.891 0.0000000000
45730  -55.195  -22.620  36.534 0.0000000000
45708  -55.376  -22.453  37.254 0.0000000000
50675  -53.306  -17.199  35.680 0.0000000000
36492  -46.494  -32.259  49.565 0.0000000000
27226  -20.191  -41.360  60.259 0.0000000000
29029  -24.200  -40.375  58.923 0.0000000000
34700  -27.332  -34.952  59.291 0.0000000000
33864  -27.434  -35.157  59.214 0.0000000000
33865  -28.512  -35.184  59.339 0.0000000000
33892  -31.992  -35.673  58.237 0.0000000000
32988  -32.240  -36.446  58.011 0.0000000000
33940  -35.988  -36.086  54.828 0.0000000000
33930  -35.645  -36.319  55.285 0.0000000000
33931  -36.111  -36.618  55.134 0.0000000000
33029  -35.634  -36.666  55.767 0.0000000000
33031  -36.595  -37.236  55.076 0.0000000000
32063  -40.646  -37.100  53.180 0.0000000000
33068  -41.092  -36.457  53.240 0.0000000000
34806  -43.486  -33.887  52.576 0.0000000000
33973  -43.448  -35.412  52.024 0.0000000000
34850  -44.143  -34.901  51.675 0.0000000000
36467  -46.373  -31.907  50.504 0.0000000000
28108  -19.833  -40.624  61.161 0.0000000000
28114  -19.640  -40.940  61.005 0.0000000000
27215  -19.268  -41.301  61.112 0.0000000000
40020  -48.090  -28.579  47.767 0.0000000000
40036  -48.141  -28.871  46.959 0.0000000000
42851  -50.907  -25.067  46.768 0.0000000000
41999  -50.877  -26.754  45.521 0.0000000000
42885  -50.911  -26.040  45.312 0.0000000000
42886  -51.099  -25.464  45.510 0.0000000000
49557  -48.910  -18.565  47.906 0.0000000000
48608  -49.468  -19.664  48.406 0.0000000000
49558  -49.454  -18.714  47.444 0.0000000000
46747  -54.368  -22.500  40.297 0.0000000000
38074  -46.172  -30.772  51.838 0.0000000000
38075  -46.682  -30.347  51.581 0.0000000000
38064  -46.390  -29.877  52.084 0.0000000000
39959  -45.209  -28.276  51.931 0.0000000000
40942  -45.846  -27.728  51.736 0.0000000000
41904  -45.531  -27.334  51.292 0.0000000000
29016  -20.535  -40.000  60.459 0.0000000000
34783  -37.413  -35.658  53.683 0.0000000000
33958  -39.546  -35.779  53.448 0.0000000000
37264  -42.950  -31.746  52.261 0.0000000000
36427  -42.598  -32.430  52.472 0.0000000000
37246  -43.821  -32.044  52.881 0.0000000000
36414  -44.155  -32.462  52.782 0.0000000000
36429  -45.353  -31.735  52.044 0.0000000000
29974  -20.633  -39.535  60.058 0.0000000000
43709  -50.081  -24.541  47.917 0.0000000000
44618  -50.079  -23.538  48.455 0.0000000000
50568  -50.437  -18.269  45.761 0.0000000000
50554  -50.261  -18.338  46.137 0.0000000000
48647  -51.409  -19.611  45.096 0.0000000000
48637  -51.197  -19.171  45.553 0.0000000000
47736  -50.553  -20.493  44.149 0.0000000000
38085  -43.271  -29.847  50.749 0.0000000000
50566  -48.738  -17.923  45.614 0.0000000000
49614  -49.006  -17.994  43.473 0.0000000000
50598  -50.633  -17.971  43.621 0.0000000000
48803  -52.801  -18.682  35.992 0.0000000000
47821  -55.481  -20.582  36.680 0.0000000000
47835  -55.641  -20.905  35.753 0.0000000000
49747  -55.629  -18.722  35.742 0.0000000000
50677  -54.734  -17.431  35.825 0.0000000000
36544  -45.470  -33.021  46.470 0.0000000000
37359  -45.794  -32.182  45.695 0.0000000000
37341  -45.743  -32.016  47.008 0.0000000000
38112  -47.020  -30.371  48.332 0.0000000000
38113  -47.415  -30.192  49.000 0.0000000000
39021  -47.560  -29.556  48.535 0.0000000000
39010  -47.853  -29.331  49.651 0.0000000000
38998  -47.213  -29.471  51.219 0.0000000000
41935  -47.714  -26.382  50.811 0.0000000000
27235  -18.230  -42.154  59.878 0.0000000000
28153  -18.601  -42.046  58.203 0.0000000000
28127  -22.518  -41.449  59.806 0.0000000000
28140  -22.922  -41.614  59.696 0.0000000000
29061  -25.109  -40.303  56.963 0.0000000000
29995  -25.458  -39.531  57.204 0.0000000000
30000  -25.424  -39.631  56.222 0.0000000000
31988  -24.143  -36.909  57.932 0.0000000000
30980  -24.074  -38.580  58.462 0.0000000000
31947  -25.127  -37.457  59.104 0.0000000000
31949  -26.285  -37.051  58.620 0.0000000000
31965  -25.995  -37.606  58.509 0.0000000000
30992  -26.091  -38.005  57.708 0.0000000000
31966  -26.344  -37.342  57.981 0.0000000000
32984  -26.955  -36.962  57.329 0.0000000000
32967  -28.657  -36.303  58.969 0.0000000000
32986  -28.446  -36.424  58.044 0.0000000000
33008  -29.080  -36.651  57.563 0.0000000000
32987  -29.325  -36.724  58.402 0.0000000000
32970  -31.004  -36.624  59.511 0.0000000000
31968  -30.599  -37.118  59.114 0.0000000000
31992  -31.450  -37.391  57.948 0.0000000000
32015  -32.447  -37.777  57.024 0.0000000000
30998  -32.596  -38.199  56.381 0.0000000000
30999  -33.026  -38.076  56.275 0.0000000000
34748  -34.199  -35.697  55.885 0.0000000000
33916  -33.970  -35.789  56.283 0.0000000000
33905  -34.092  -36.354  56.689 0.0000000000
32019  -35.312  -37.360  55.937 0.0000000000
32018  -34.672  -37.306  56.153 0.0000000000
32036  -34.837  -37.858  55.586 0.0000000000
31007  -34.154  -38.571  55.355 0.0000000000
31018  -37.009  -38.907  54.536 0.0000000000
31017  -36.357  -39.463  54.503 0.0000000000
33943  -37.714  -36.193  53.638 0.0000000000
33064  -37.393  -37.086  53.976 0.0000000000
35590  -41.053  -34.527  52.800 0.0000000000
34803  -40.908  -34.815  53.015 0.0000000000
33960  -41.394  -35.392  53.175 0.0000000000
33087  -43.051  -36.857  51.686 0.0000000000
33098  -44.645  -36.366  50.476 0.0000000000
33115  -45.145  -36.472  49.557 0.0000000000
35666  -44.786  -33.818  51.197 0.0000000000
35667  -45.316  -33.631  50.552 0.0000000000
34866  -45.464  -34.766  49.929 0.0000000000
34877  -45.857  -35.128  49.267 0.0000000000
34013  -45.939  -35.832  48.767 0.0000000000
34031  -45.716  -35.918  47.765 0.0000000000
35706  -45.601  -33.969  47.147 0.0000000000
27225  -19.339  -41.779  60.683 0.0000000000
41012  -49.523  -27.044  47.211 0.0000000000
41030  -49.207  -27.637  47.140 0.0000000000
41031  -49.970  -27.521  46.545 0.0000000000
48597  -48.341  -19.995  49.703 0.0000000000
47668  -48.179  -20.736  49.902 0.0000000000
47686  -49.754  -20.555  48.480 0.0000000000
46658  -49.764  -21.281  48.812 0.0000000000
45584  -50.398  -22.527  48.208 0.0000000000
46669  -50.524  -21.855  47.781 0.0000000000
48626  -50.354  -19.593  46.799 0.0000000000
45615  -50.903  -22.602  45.926 0.0000000000
45604  -51.097  -22.711  46.748 0.0000000000
44649  -51.005  -23.597  45.480 0.0000000000
50611  -51.408  -18.012  42.879 0.0000000000
50622  -51.250  -17.878  41.722 0.0000000000
47780  -53.902  -20.816  38.883 0.0000000000
47770  -52.558  -20.006  39.903 0.0000000000
48717  -51.610  -19.552  39.803 0.0000000000
49685  -51.230  -18.921  40.352 0.0000000000
48703  -52.013  -19.159  40.587 0.0000000000
48691  -53.367  -19.841  41.681 0.0000000000
48690  -53.073  -19.306  41.412 0.0000000000
49647  -53.226  -19.279  41.966 0.0000000000
49629  -53.069  -19.144  42.343 0.0000000000
48676  -53.250  -19.806  42.466 0.0000000000
48662  -53.129  -20.157  42.906 0.0000000000
47752  -53.248  -20.762  42.786 0.0000000000
38975  -46.113  -29.410  52.349 0.0000000000
34800  -37.731  -35.282  53.542 0.0000000000
43662  -48.582  -24.189  50.014 0.0000000000
43677  -48.794  -24.455  49.708 0.0000000000
44607  -48.842  -22.896  50.030 0.0000000000
45574  -49.122  -22.250  49.828 0.0000000000
49584  -51.198  -18.588  45.347 0.0000000000
49599  -51.440  -18.586  44.803 0.0000000000
47725  -52.053  -19.912  44.145 0.0000000000
46714  -52.608  -21.054  43.233 0.0000000000
47800  -55.265  -20.911  37.387 0.0000000000
49730  -53.747  -18.608  36.358 0.0000000000
49733  -55.573  -19.151  36.274 0.0000000000
51476  -54.889  -16.112  35.152 0.0000000000
51477  -55.499  -16.468  34.676 0.0000000000
50700  -55.474  -18.008  34.062 0.0000000000
36535  -46.148  -32.042  48.041 0.0000000000
39961  -46.927  -28.166  51.623 0.0000000000
40959  -47.168  -27.455  51.384 0.0000000000
43660  -47.175  -24.227  50.406 0.0000000000
27237  -19.897  -41.992  59.977 0.0000000000
32951  -26.676  -36.295  58.970 0.0000000000
32952  -27.440  -35.907  58.960 0.0000000000
33890  -28.558  -35.797  59.270 0.0000000000
32953  -29.193  -36.106  59.678 0.0000000000
31970  -31.731  -36.967  58.266 0.0000000000
31994  -33.164  -37.225  57.358 0.0000000000
34780  -34.989  -35.147  54.740 0.0000000000
33929  -35.131  -36.022  55.451 0.0000000000
32037  -35.667  -37.719  55.434 0.0000000000
35639  -40.454  -33.745  51.648 0.0000000000
35593  -43.314  -33.341  52.742 0.0000000000
33972  -42.869  -35.384  52.360 0.0000000000
33088  -43.622  -36.455  51.429 0.0000000000
33089  -44.174  -36.107  51.147 0.0000000000
33990  -44.793  -35.338  50.692 0.0000000000
36444  -45.610  -32.229  51.338 0.0000000000
35700  -45.872  -33.910  48.332 0.0000000000
29002  -19.785  -40.150  61.738 0.0000000000
41979  -50.589  -26.689  46.201 0.0000000000
48607  -48.780  -19.521  48.986 0.0000000000
48598  -49.010  -19.940  49.354 0.0000000000
47711  -50.397  -20.345  46.293 0.0000000000
46749  -54.282  -21.411  39.503 0.0000000000
47765  -53.001  -19.968  40.470 0.0000000000
48704  -52.819  -19.605  40.694 0.0000000000
47766  -53.502  -20.422  40.906 0.0000000000
46728  -53.498  -21.582  42.457 0.0000000000
50676  -53.945  -17.229  35.985 0.0000000000
52292  -54.722  -15.166  35.154 0.0000000000
37280  -46.725  -31.145  50.875 0.0000000000
40943  -46.551  -27.658  51.654 0.0000000000
28125  -20.806  -41.046  59.871 0.0000000000
28116  -20.934  -40.822  59.945 0.0000000000
29028  -23.168  -40.669  59.247 0.0000000000
29990  -24.243  -38.959  58.681 0.0000000000
34731  -32.466  -35.107  57.657 0.0000000000
33941  -36.385  -36.269  54.606 0.0000000000
33048  -36.982  -36.860  54.474 0.0000000000
33942  -37.282  -36.058  53.824 0.0000000000
33957  -38.273  -35.884  53.551 0.0000000000
37245  -43.386  -32.152  52.834 0.0000000000
35594  -43.877  -33.060  52.798 0.0000000000
34832  -44.282  -33.875  52.084 0.0000000000
36443  -44.991  -32.763  51.790 0.0000000000
36445  -46.254  -31.596  51.051 0.0000000000
29971  -20.274  -39.412  60.871 0.0000000000
29008  -20.265  -40.260  60.856 0.0000000000
40993  -48.592  -27.220  48.855 0.0000000000
40021  -48.686  -27.952  47.541 0.0000000000
41961  -48.906  -26.623  48.464 0.0000000000
41962  -49.442  -26.313  47.780 0.0000000000
42817  -49.201  -24.732  49.059 0.0000000000
42834  -49.390  -25.281  48.453 0.0000000000
42850  -50.293  -25.487  47.172 0.0000000000
43710  -50.718  -24.550  47.230 0.0000000000
50540  -49.527  -18.375  46.949 0.0000000000
49559  -49.869  -18.661  46.955 0.0000000000
49571  -50.130  -18.497  46.503 0.0000000000
48627  -50.508  -19.130  46.438 0.0000000000
47712  -50.741  -19.853  46.014 0.0000000000
47818  -53.600  -20.091  37.262 0.0000000000
46753  -54.762  -21.665  38.822 0.0000000000
45679  -54.338  -22.884  39.945 0.0000000000
38985  -43.931  -29.544  51.751 0.0000000000
38997  -44.320  -28.999  51.565 0.0000000000
39975  -43.864  -28.863  50.585 0.0000000000
36441  -41.821  -32.781  51.007 0.0000000000
37278  -42.694  -31.312  51.139 0.0000000000
47674  -47.630  -20.860  49.612 0.0000000000
47667  -47.834  -20.856  49.764 0.0000000000
48596  -47.747  -19.954  49.632 0.0000000000
49532  -47.566  -19.618  49.086 0.0000000000
50582  -49.520  -18.084  44.427 0.0000000000
46761  -55.552  -21.511  37.123 0.0000000000
46785  -55.512  -21.914  35.999 0.0000000000
38130  -46.587  -30.272  47.089 0.0000000000
39036  -47.207  -29.691  47.509 0.0000000000
38087  -47.699  -29.793  50.073 0.0000000000
39994  -48.352  -27.909  49.250 0.0000000000
42799  -48.064  -25.136  50.388 0.0000000000
41923  -47.717  -25.860  50.755 0.0000000000
45559  -47.502  -22.691  49.895 0.0000000000
39976  -44.400  -28.414  50.963 0.0000000000
40958  -44.910  -27.524  50.768 0.0000000000
41920  -45.539  -26.732  50.785 0.0000000000
42796  -45.900  -25.928  50.449 0.0000000000
46648  -47.574  -21.338  49.630 0.0000000000
27244  -17.385  -42.241  58.942 0.0000000000
28152  -17.541  -42.085  58.258 0.0000000000
27227  -21.414  -41.431  59.737 0.0000000000
30981  -25.562  -38.296  58.361 0.0000000000
30991  -25.762  -38.726  57.496 0.0000000000
33879  -29.550  -35.731  60.190 0.0000000000
32954  -29.859  -36.353  60.062 0.0000000000
31990  -30.059  -37.161  58.735 0.0000000000
32014  -31.750  -37.856  57.184 0.0000000000
34761  -33.526  -35.237  55.727 0.0000000000
34732  -33.051  -35.542  56.970 0.0000000000
31995  -33.737  -37.155  56.981 0.0000000000
33009  -34.343  -36.796  56.590 0.0000000000
32017  -33.877  -37.373  56.418 0.0000000000
32034  -33.407  -37.884  56.202 0.0000000000
32059  -37.279  -37.421  54.341 0.0000000000
31019  -37.751  -38.867  54.075 0.0000000000
33079  -41.697  -36.922  52.818 0.0000000000
32075  -42.082  -37.801  52.457 0.0000000000
34851  -44.446  -34.454  51.489 0.0000000000
33991  -45.211  -35.284  50.191 0.0000000000
34904  -45.234  -35.474  46.715 0.0000000000
34905  -45.289  -34.885  46.637 0.0000000000
27223  -17.410  -42.250  60.644 0.0000000000
46649  -48.588  -21.464  49.878 0.0000000000
45583  -49.852  -22.282  49.090 0.0000000000
44619  -50.570  -23.062  47.855 0.0000000000
44629  -50.854  -23.578  47.289 0.0000000000
48616  -50.037  -19.314  47.238 0.0000000000
46678  -50.333  -21.161  47.326 0.0000000000
46679  -50.830  -21.937  47.020 0.0000000000
44638  -51.233  -23.552  46.286 0.0000000000
50609  -49.614  -17.751  42.122 0.0000000000
49627  -52.052  -18.504  43.241 0.0000000000
47796  -51.906  -20.302  38.019 0.0000000000
47778  -51.455  -19.984  38.975 0.0000000000
49664  -50.988  -18.433  40.573 0.0000000000
49665  -51.764  -18.343  41.117 0.0000000000
50628  -51.344  -18.001  41.188 0.0000000000
49628  -52.768  -18.845  42.742 0.0000000000
48661  -52.904  -19.608  43.150 0.0000000000
47751  -52.922  -20.867  43.162 0.0000000000
45648  -53.118  -22.257  42.550 0.0000000000
45647  -52.618  -21.990  42.701 0.0000000000
27216  -19.759  -41.081  60.702 0.0000000000
28128  -23.039  -41.297  59.667 0.0000000000
33889  -28.034  -35.762  58.856 0.0000000000
34764  -35.362  -35.942  55.138 0.0000000000
37244  -43.266  -32.314  52.793 0.0000000000
39937  -44.746  -29.171  52.270 0.0000000000
41948  -49.041  -26.039  48.579 0.0000000000
42866  -50.965  -25.629  46.102 0.0000000000
42867  -51.209  -25.247  45.782 0.0000000000
42904  -50.980  -25.651  45.198 0.0000000000
43678  -49.212  -24.178  49.466 0.0000000000
43727  -51.335  -24.975  45.968 0.0000000000
44596  -48.820  -23.452  49.993 0.0000000000
44708  -54.355  -23.195  39.631 0.0000000000
45731  -55.559  -22.175  36.544 0.0000000000
45752  -55.390  -22.327  36.230 0.0000000000
47739  -52.999  -20.385  43.131 0.0000000000
49570  -49.715  -18.449  46.849 0.0000000000
50637  -50.473  -18.404  40.460 0.0000000000
