#!ascii label  , from subject sub-01 vox2ras=TkReg
1419
39894  -40.560  -28.649  54.631 0.0000000000
55644  -51.019  -11.558  39.011 0.0000000000
53811  -42.227  -13.347  49.530 0.0000000000
40889  -10.411  -27.226  55.474 0.0000000000
46534  -27.482  -21.933  58.840 0.0000000000
45445  -9.241  -22.008  58.886 0.0000000000
43515  -10.748  -24.390  66.796 0.0000000000
54735  -46.585  -12.611  44.504 0.0000000000
47632  -12.845  -20.784  53.221 0.0000000000
37178  -7.056  -30.399  62.802 0.0000000000
43674  -40.022  -24.721  48.976 0.0000000000
38955  -35.137  -28.170  54.456 0.0000000000
39845  -32.332  -28.513  57.691 0.0000000000
58309  -52.071  -8.894  37.320 0.0000000000
54701  -44.794  -12.548  47.432 0.0000000000
43617  -21.846  -24.105  54.855 0.0000000000
49450  -14.466  -18.278  57.505 0.0000000000
43580  -11.902  -24.407  56.981 0.0000000000
44542  -8.038  -23.056  54.567 0.0000000000
41885  -10.971  -26.901  51.815 0.0000000000
37183  -15.804  -30.294  63.529 0.0000000000
37160  -12.580  -31.012  66.337 0.0000000000
52146  -40.754  -15.753  51.384 0.0000000000
43560  -30.823  -24.378  61.364 0.0000000000
41875  -26.338  -26.586  54.531 0.0000000000
44434  -10.007  -22.940  63.292 0.0000000000
41810  -12.405  -26.432  60.975 0.0000000000
54774  -49.402  -12.638  41.235 0.0000000000
38846  -18.377  -29.019  61.391 0.0000000000
40867  -20.073  -26.257  57.998 0.0000000000
46548  -10.390  -21.110  55.871 0.0000000000
45542  -9.237  -22.432  51.106 0.0000000000
42652  -13.624  -26.181  68.432 0.0000000000
38824  -10.922  -29.127  64.833 0.0000000000
39805  -7.931  -28.637  59.372 0.0000000000
41876  -42.452  -26.930  53.894 0.0000000000
39935  -39.429  -28.295  52.640 0.0000000000
40940  -41.330  -26.641  51.590 0.0000000000
38957  -37.607  -28.386  54.504 0.0000000000
39932  -36.435  -27.575  52.851 0.0000000000
38895  -37.124  -28.975  57.038 0.0000000000
56580  -51.531  -10.355  38.022 0.0000000000
54818  -47.701  -12.250  37.959 0.0000000000
56587  -48.221  -10.407  37.391 0.0000000000
58314  -48.837  -8.934  36.525 0.0000000000
53826  -44.075  -13.118  48.944 0.0000000000
52171  -39.286  -15.267  48.701 0.0000000000
53014  -40.367  -14.166  47.614 0.0000000000
53849  -41.517  -13.114  46.405 0.0000000000
41853  -12.045  -26.290  56.932 0.0000000000
43615  -11.045  -25.158  54.711 0.0000000000
40908  -10.795  -27.533  53.199 0.0000000000
39962  -10.493  -28.812  50.956 0.0000000000
38963  -9.644  -29.171  52.673 0.0000000000
37192  -14.827  -30.529  60.812 0.0000000000
35509  -13.741  -31.494  62.355 0.0000000000
51348  -41.476  -16.712  52.279 0.0000000000
45548  -40.915  -22.353  51.813 0.0000000000
45570  -39.691  -23.051  49.674 0.0000000000
47656  -39.677  -20.396  51.262 0.0000000000
50505  -39.492  -17.573  50.939 0.0000000000
43562  -32.715  -24.026  61.076 0.0000000000
38928  -29.873  -28.604  54.594 0.0000000000
40882  -29.323  -27.632  56.823 0.0000000000
60009  -50.611  -6.259  35.420 0.0000000000
60838  -51.958  -5.281  35.179 0.0000000000
44429  -10.218  -23.672  64.856 0.0000000000
43536  -11.838  -24.922  62.458 0.0000000000
42672  -11.617  -25.563  64.268 0.0000000000
54761  -47.781  -12.545  42.478 0.0000000000
54745  -44.431  -12.781  43.521 0.0000000000
53888  -44.999  -12.944  41.811 0.0000000000
53921  -46.356  -13.000  40.041 0.0000000000
38836  -19.608  -28.991  62.851 0.0000000000
38843  -21.474  -28.754  62.125 0.0000000000
47571  -10.625  -20.429  59.768 0.0000000000
47586  -11.648  -20.114  58.881 0.0000000000
47593  -8.683  -21.136  57.471 0.0000000000
43633  -8.548  -24.252  52.009 0.0000000000
46611  -7.683  -21.900  53.040 0.0000000000
43664  -7.880  -23.458  49.874 0.0000000000
41779  -15.311  -26.260  66.904 0.0000000000
36304  -10.356  -31.505  64.728 0.0000000000
37981  -11.094  -30.226  65.882 0.0000000000
38811  -9.270  -29.753  63.507 0.0000000000
39780  -9.339  -28.664  62.428 0.0000000000
39777  -6.696  -28.765  62.323 0.0000000000
43649  -41.930  -24.496  51.402 0.0000000000
41829  -33.955  -26.458  59.854 0.0000000000
38872  -35.447  -28.607  58.687 0.0000000000
38911  -33.381  -28.661  55.951 0.0000000000
59178  -54.239  -7.431  37.195 0.0000000000
59183  -49.971  -8.012  36.272 0.0000000000
54722  -45.666  -12.395  45.525 0.0000000000
54719  -42.839  -12.608  45.117 0.0000000000
46584  -26.006  -22.321  55.205 0.0000000000
46540  -24.947  -21.944  56.964 0.0000000000
48539  -13.897  -19.712  55.542 0.0000000000
44492  -9.978  -23.106  58.381 0.0000000000
45474  -8.816  -22.592  56.822 0.0000000000
44528  -10.291  -23.949  55.339 0.0000000000
43627  -10.046  -24.885  53.282 0.0000000000
41908  -10.515  -26.855  49.983 0.0000000000
38816  -16.094  -29.034  64.689 0.0000000000
38807  -14.285  -28.953  65.936 0.0000000000
36308  -14.045  -31.112  64.777 0.0000000000
35496  -12.099  -33.017  63.891 0.0000000000
53799  -40.947  -13.990  50.515 0.0000000000
51367  -39.003  -16.083  50.050 0.0000000000
45452  -29.349  -23.159  60.411 0.0000000000
41826  -31.102  -26.384  59.499 0.0000000000
42719  -28.948  -25.571  58.749 0.0000000000
44518  -28.123  -24.143  56.997 0.0000000000
47545  -9.973  -20.373  61.928 0.0000000000
47515  -9.809  -20.978  63.878 0.0000000000
45422  -9.484  -22.334  61.556 0.0000000000
44468  -10.927  -23.579  60.543 0.0000000000
42716  -12.382  -25.730  59.113 0.0000000000
40848  -11.045  -26.903  58.528 0.0000000000
54795  -49.853  -12.296  39.608 0.0000000000
54792  -47.352  -12.774  38.938 0.0000000000
38818  -17.862  -28.938  63.836 0.0000000000
38010  -16.566  -29.736  62.124 0.0000000000
38025  -15.809  -29.785  59.724 0.0000000000
44495  -24.452  -23.123  58.684 0.0000000000
42718  -23.089  -25.763  58.773 0.0000000000
40822  -22.700  -27.667  60.550 0.0000000000
39810  -19.444  -27.685  59.952 0.0000000000
38868  -16.085  -29.347  58.023 0.0000000000
49438  -13.870  -18.302  58.494 0.0000000000
47607  -13.171  -19.904  56.912 0.0000000000
47623  -11.986  -20.760  54.468 0.0000000000
46561  -8.314  -21.913  54.960 0.0000000000
46594  -9.082  -21.634  53.573 0.0000000000
46615  -11.823  -21.613  52.176 0.0000000000
42655  -11.616  -25.585  67.370 0.0000000000
39745  -13.460  -27.910  67.793 0.0000000000
39749  -12.085  -27.532  67.195 0.0000000000
40779  -11.968  -27.224  65.523 0.0000000000
40802  -11.537  -27.784  62.781 0.0000000000
40819  -10.401  -27.665  60.447 0.0000000000
40864  -9.055  -27.676  57.373 0.0000000000
38859  -5.283  -29.538  59.252 0.0000000000
40861  -6.059  -28.248  58.063 0.0000000000
39883  -8.597  -28.775  54.543 0.0000000000
40905  -42.044  -27.521  54.565 0.0000000000
40895  -41.125  -27.687  55.847 0.0000000000
39916  -40.525  -28.488  53.608 0.0000000000
40913  -41.065  -28.090  53.061 0.0000000000
38937  -39.087  -29.094  55.037 0.0000000000
38971  -38.690  -28.439  53.478 0.0000000000
38917  -39.808  -28.951  55.990 0.0000000000
38916  -38.737  -28.907  55.982 0.0000000000
56569  -51.352  -11.016  38.549 0.0000000000
55642  -49.119  -11.749  38.541 0.0000000000
56577  -48.226  -11.185  37.796 0.0000000000
56578  -49.248  -10.872  38.031 0.0000000000
57448  -49.754  -10.156  37.542 0.0000000000
53825  -43.006  -13.146  48.705 0.0000000000
53813  -44.444  -13.374  49.739 0.0000000000
53802  -44.036  -13.375  50.516 0.0000000000
52185  -39.816  -14.671  48.400 0.0000000000
52997  -41.075  -13.367  48.612 0.0000000000
53839  -41.493  -13.264  47.430 0.0000000000
41852  -11.435  -26.553  56.724 0.0000000000
41863  -11.172  -26.430  55.482 0.0000000000
40899  -10.688  -27.250  54.381 0.0000000000
39898  -10.453  -28.182  53.077 0.0000000000
40898  -10.060  -27.812  54.578 0.0000000000
36353  -14.450  -31.647  59.075 0.0000000000
36345  -13.872  -31.601  59.947 0.0000000000
47647  -40.844  -20.482  52.354 0.0000000000
46633  -40.085  -21.303  51.478 0.0000000000
48562  -41.004  -19.675  52.349 0.0000000000
49510  -40.962  -18.499  51.924 0.0000000000
60002  -52.906  -6.416  36.067 0.0000000000
60837  -51.070  -5.661  35.247 0.0000000000
60839  -53.011  -5.312  35.433 0.0000000000
44425  -10.236  -23.698  65.731 0.0000000000
43521  -10.920  -24.627  64.804 0.0000000000
42667  -10.873  -24.772  65.662 0.0000000000
54748  -47.503  -12.546  43.227 0.0000000000
54749  -48.765  -12.283  43.381 0.0000000000
54746  -45.349  -12.763  43.569 0.0000000000
54760  -44.315  -12.996  42.683 0.0000000000
53876  -46.077  -12.811  42.699 0.0000000000
53890  -46.766  -12.638  41.841 0.0000000000
39774  -21.459  -28.166  62.825 0.0000000000
40800  -22.527  -27.375  62.764 0.0000000000
46525  -27.647  -21.774  59.923 0.0000000000
46524  -26.846  -21.541  59.675 0.0000000000
48547  -14.660  -19.586  53.945 0.0000000000
47569  -9.564  -21.176  59.412 0.0000000000
47584  -9.577  -20.930  58.523 0.0000000000
46530  -8.895  -21.691  58.117 0.0000000000
42784  -8.815  -25.020  50.385 0.0000000000
43642  -7.852  -24.017  51.149 0.0000000000
42800  -8.264  -24.796  49.257 0.0000000000
42666  -15.544  -25.390  66.076 0.0000000000
41782  -15.773  -26.336  65.790 0.0000000000
36321  -9.069  -31.268  63.263 0.0000000000
37166  -9.826  -30.755  64.119 0.0000000000
37986  -7.894  -30.099  63.478 0.0000000000
38830  -7.163  -29.107  63.746 0.0000000000
38828  -6.164  -29.385  62.941 0.0000000000
42774  -42.608  -25.450  52.626 0.0000000000
42781  -42.066  -25.470  51.745 0.0000000000
43641  -42.662  -24.375  52.438 0.0000000000
44574  -42.119  -23.199  52.267 0.0000000000
38934  -35.894  -28.553  55.087 0.0000000000
38893  -34.948  -29.008  56.963 0.0000000000
38932  -33.858  -28.414  55.360 0.0000000000
38931  -32.785  -28.356  55.374 0.0000000000
59177  -53.457  -7.961  37.028 0.0000000000
57460  -51.255  -8.785  37.084 0.0000000000
58315  -49.616  -8.588  36.496 0.0000000000
58317  -51.668  -8.214  36.833 0.0000000000
59185  -51.692  -7.354  36.350 0.0000000000
54710  -44.748  -12.455  46.422 0.0000000000
54712  -46.852  -12.382  46.789 0.0000000000
54702  -45.805  -12.516  47.852 0.0000000000
53851  -43.305  -12.709  47.195 0.0000000000
53859  -42.191  -12.743  45.802 0.0000000000
54709  -43.679  -12.554  46.300 0.0000000000
54721  -44.630  -12.373  45.411 0.0000000000
49458  -14.938  -18.220  56.291 0.0000000000
49470  -14.971  -18.648  55.214 0.0000000000
48532  -14.402  -19.069  55.820 0.0000000000
44493  -10.844  -23.538  58.441 0.0000000000
44502  -9.962  -23.197  57.482 0.0000000000
44514  -11.161  -24.010  56.238 0.0000000000
42762  -10.922  -26.074  53.249 0.0000000000
43614  -10.583  -24.975  54.132 0.0000000000
42770  -10.778  -26.298  52.365 0.0000000000
42768  -9.603  -25.012  52.113 0.0000000000
41893  -10.728  -26.902  50.893 0.0000000000
39963  -10.774  -28.359  50.481 0.0000000000
37989  -16.186  -29.845  64.293 0.0000000000
37164  -15.235  -29.870  64.771 0.0000000000
37171  -14.942  -30.648  64.474 0.0000000000
35507  -12.247  -32.450  62.190 0.0000000000
35502  -12.537  -32.659  63.140 0.0000000000
35501  -11.765  -33.056  62.973 0.0000000000
36324  -10.313  -32.609  63.374 0.0000000000
52958  -41.144  -14.856  51.622 0.0000000000
51357  -40.111  -16.408  51.098 0.0000000000
50514  -38.879  -16.964  50.505 0.0000000000
52155  -40.306  -15.570  50.847 0.0000000000
52163  -39.834  -15.246  50.136 0.0000000000
45430  -30.629  -23.205  62.917 0.0000000000
45429  -30.008  -23.173  62.328 0.0000000000
44474  -30.168  -24.073  61.011 0.0000000000
40837  -32.788  -27.325  59.390 0.0000000000
41828  -32.973  -26.494  59.833 0.0000000000
40855  -31.615  -27.560  58.585 0.0000000000
40880  -28.028  -27.132  55.890 0.0000000000
41849  -28.728  -26.761  57.497 0.0000000000
41848  -28.288  -26.375  57.106 0.0000000000
42735  -27.973  -25.069  57.123 0.0000000000
43604  -26.781  -25.284  55.103 0.0000000000
43618  -26.474  -24.585  54.555 0.0000000000
45397  -9.682  -22.263  64.543 0.0000000000
45403  -9.497  -22.046  63.296 0.0000000000
46485  -9.372  -21.452  62.590 0.0000000000
45412  -9.640  -22.442  62.691 0.0000000000
44452  -9.819  -22.702  61.016 0.0000000000
44453  -10.563  -23.405  61.606 0.0000000000
42690  -12.300  -25.606  62.285 0.0000000000
43543  -12.034  -24.920  61.543 0.0000000000
42707  -12.522  -25.726  60.142 0.0000000000
41836  -12.162  -26.186  58.826 0.0000000000
40831  -11.776  -26.879  60.042 0.0000000000
54781  -49.374  -12.703  40.290 0.0000000000
54783  -51.613  -12.471  40.643 0.0000000000
54775  -50.784  -12.591  41.446 0.0000000000
53922  -47.253  -12.815  40.189 0.0000000000
53942  -47.047  -12.862  39.233 0.0000000000
53944  -48.375  -12.852  39.946 0.0000000000
54794  -48.650  -12.680  39.529 0.0000000000
39761  -18.620  -28.194  63.556 0.0000000000
38005  -19.371  -29.184  62.285 0.0000000000
38004  -18.503  -29.292  62.410 0.0000000000
38011  -17.670  -29.307  61.819 0.0000000000
38019  -16.486  -29.675  60.998 0.0000000000
38853  -16.854  -29.175  60.297 0.0000000000
44531  -23.289  -22.758  55.732 0.0000000000
45467  -24.523  -22.356  57.471 0.0000000000
44515  -22.872  -23.815  56.815 0.0000000000
40879  -20.415  -25.956  57.577 0.0000000000
42724  -22.178  -25.615  57.820 0.0000000000
41838  -22.192  -26.498  58.653 0.0000000000
41823  -23.109  -26.548  59.757 0.0000000000
40851  -21.932  -27.327  59.227 0.0000000000
39812  -21.275  -28.219  59.988 0.0000000000
39822  -20.222  -27.306  59.265 0.0000000000
39819  -17.009  -27.670  58.191 0.0000000000
49431  -13.298  -18.417  59.636 0.0000000000
47595  -10.125  -20.792  57.626 0.0000000000
47597  -12.609  -20.014  57.846 0.0000000000
47605  -11.085  -20.854  56.460 0.0000000000
47615  -12.234  -20.517  55.621 0.0000000000
46565  -10.832  -20.915  55.191 0.0000000000
44526  -8.758  -22.800  55.678 0.0000000000
45472  -8.688  -22.345  55.602 0.0000000000
45485  -7.967  -22.382  54.736 0.0000000000
45527  -8.191  -22.239  52.208 0.0000000000
46593  -8.131  -21.604  53.658 0.0000000000
46613  -9.519  -21.859  52.596 0.0000000000
46595  -10.249  -21.581  53.418 0.0000000000
45530  -10.277  -22.119  51.474 0.0000000000
45545  -11.456  -22.117  50.953 0.0000000000
42651  -12.873  -26.165  68.196 0.0000000000
37974  -13.959  -29.632  65.840 0.0000000000
38802  -13.811  -28.780  66.749 0.0000000000
37970  -13.104  -29.525  66.626 0.0000000000
38813  -10.626  -29.787  65.248 0.0000000000
38805  -11.531  -29.114  66.509 0.0000000000
39751  -11.617  -28.201  66.095 0.0000000000
40776  -11.708  -27.123  66.666 0.0000000000
39758  -11.499  -28.282  64.916 0.0000000000
40783  -11.844  -27.449  64.526 0.0000000000
39770  -11.069  -28.620  63.852 0.0000000000
39788  -8.041  -28.524  61.375 0.0000000000
39790  -10.231  -28.132  61.609 0.0000000000
39799  -9.300  -28.175  60.452 0.0000000000
40828  -9.531  -27.651  59.297 0.0000000000
40827  -8.646  -28.003  59.045 0.0000000000
38867  -5.094  -29.519  58.153 0.0000000000
39804  -5.642  -28.857  59.434 0.0000000000
42767  -43.179  -25.410  53.883 0.0000000000
39955  -38.516  -27.701  51.691 0.0000000000
40938  -40.030  -27.507  51.355 0.0000000000
40924  -40.940  -27.627  52.380 0.0000000000
41882  -42.251  -26.774  52.903 0.0000000000
39892  -36.350  -28.305  54.505 0.0000000000
39913  -37.339  -27.872  53.737 0.0000000000
39934  -38.494  -27.903  52.752 0.0000000000
38915  -37.692  -28.872  56.075 0.0000000000
57451  -52.953  -9.498  37.785 0.0000000000
56585  -46.366  -11.176  36.751 0.0000000000
57456  -47.377  -9.985  36.805 0.0000000000
57470  -47.421  -9.171  36.233 0.0000000000
57457  -48.348  -9.522  36.800 0.0000000000
57449  -50.553  -9.838  37.503 0.0000000000
53841  -43.781  -12.798  47.976 0.0000000000
53843  -45.448  -12.939  48.740 0.0000000000
53827  -44.933  -13.212  49.187 0.0000000000
53815  -45.648  -13.076  50.042 0.0000000000
51391  -38.747  -15.688  48.434 0.0000000000
52184  -39.235  -15.167  47.756 0.0000000000
52195  -39.041  -15.058  46.847 0.0000000000
53027  -39.506  -14.496  46.358 0.0000000000
53036  -40.097  -14.059  45.822 0.0000000000
53838  -40.862  -13.629  46.824 0.0000000000
53840  -42.639  -12.934  47.768 0.0000000000
42731  -12.371  -25.773  57.171 0.0000000000
43587  -11.794  -24.680  56.086 0.0000000000
42744  -11.924  -25.808  56.137 0.0000000000
41871  -11.059  -26.699  53.929 0.0000000000
41878  -11.092  -26.874  52.792 0.0000000000
39941  -10.738  -28.237  51.469 0.0000000000
39919  -10.630  -28.191  52.350 0.0000000000
38977  -9.854  -29.314  51.836 0.0000000000
37187  -14.985  -30.612  61.996 0.0000000000
37181  -14.575  -31.147  63.438 0.0000000000
35510  -14.085  -31.087  61.876 0.0000000000
52147  -41.296  -15.803  52.027 0.0000000000
44591  -40.532  -23.521  50.535 0.0000000000
44605  -40.061  -23.991  49.347 0.0000000000
45557  -39.968  -22.210  50.722 0.0000000000
46638  -39.326  -21.286  50.580 0.0000000000
47665  -39.247  -20.414  50.699 0.0000000000
49509  -39.991  -18.546  51.401 0.0000000000
50493  -40.108  -17.680  51.419 0.0000000000
43561  -31.697  -24.453  61.349 0.0000000000
38877  -31.368  -28.785  56.740 0.0000000000
39843  -30.305  -28.195  57.184 0.0000000000
39879  -29.498  -28.300  55.945 0.0000000000
39890  -28.069  -28.124  54.406 0.0000000000
60020  -49.591  -5.931  34.986 0.0000000000
60848  -49.655  -5.237  34.671 0.0000000000
61616  -49.821  -4.578  34.258 0.0000000000
61629  -49.909  -3.967  33.793 0.0000000000
44428  -9.909  -23.009  64.279 0.0000000000
44443  -10.492  -23.367  62.889 0.0000000000
43534  -10.733  -24.042  63.532 0.0000000000
42682  -11.843  -25.462  63.305 0.0000000000
41798  -12.198  -26.334  63.038 0.0000000000
54773  -48.704  -12.653  41.523 0.0000000000
54750  -50.147  -12.155  43.499 0.0000000000
53887  -44.153  -12.989  41.842 0.0000000000
53902  -44.794  -13.089  40.922 0.0000000000
53920  -45.462  -13.282  40.002 0.0000000000
53903  -45.668  -12.936  40.894 0.0000000000
53905  -47.489  -12.711  41.035 0.0000000000
39762  -19.776  -28.294  63.352 0.0000000000
39763  -20.590  -28.345  63.190 0.0000000000
38837  -20.707  -28.833  62.726 0.0000000000
38848  -20.113  -29.016  61.437 0.0000000000
40891  -19.507  -26.022  55.744 0.0000000000
39859  -19.409  -26.374  57.706 0.0000000000
48500  -11.868  -19.762  60.279 0.0000000000
48509  -12.023  -19.837  59.616 0.0000000000
47585  -10.423  -20.621  58.688 0.0000000000
47603  -9.079  -20.985  56.738 0.0000000000
44556  -8.213  -23.581  53.565 0.0000000000
45512  -7.017  -22.709  53.539 0.0000000000
44576  -7.971  -23.422  51.975 0.0000000000
45540  -8.059  -22.840  51.585 0.0000000000
45551  -8.689  -22.902  50.431 0.0000000000
43522  -15.392  -24.527  65.254 0.0000000000
42663  -15.106  -25.305  66.960 0.0000000000
41777  -14.715  -26.505  67.683 0.0000000000
36305  -11.391  -31.631  65.299 0.0000000000
37159  -11.737  -30.979  66.144 0.0000000000
37168  -10.687  -30.996  65.322 0.0000000000
37980  -10.414  -30.459  65.111 0.0000000000
38822  -9.957  -29.707  64.059 0.0000000000
38833  -10.355  -29.195  64.059 0.0000000000
38831  -9.180  -29.137  63.544 0.0000000000
39778  -7.445  -28.663  62.371 0.0000000000
40807  -7.100  -28.311  60.958 0.0000000000
41933  -40.321  -25.992  49.502 0.0000000000
41902  -40.877  -26.512  50.890 0.0000000000
41919  -41.058  -26.024  50.606 0.0000000000
43659  -41.360  -24.681  50.790 0.0000000000
44583  -41.463  -23.298  51.634 0.0000000000
45537  -41.227  -22.138  52.249 0.0000000000
39827  -33.602  -28.469  58.562 0.0000000000
38882  -36.456  -28.780  58.069 0.0000000000
38880  -34.330  -28.927  57.654 0.0000000000
38879  -33.245  -28.741  57.431 0.0000000000
38910  -32.327  -28.757  55.804 0.0000000000
59193  -47.744  -7.721  35.648 0.0000000000
59196  -50.576  -6.996  35.895 0.0000000000
60001  -52.153  -6.756  36.119 0.0000000000
54724  -47.938  -12.489  45.734 0.0000000000
53857  -40.704  -13.530  45.252 0.0000000000
54732  -43.598  -12.514  44.327 0.0000000000
54733  -44.533  -12.482  44.410 0.0000000000
46554  -26.931  -22.225  57.219 0.0000000000
46542  -26.350  -21.912  57.680 0.0000000000
46568  -25.453  -22.054  55.575 0.0000000000
45488  -23.707  -22.348  55.240 0.0000000000
49481  -14.948  -18.839  54.646 0.0000000000
47625  -14.192  -19.888  54.291 0.0000000000
44480  -9.578  -22.558  58.930 0.0000000000
45455  -9.028  -22.397  57.891 0.0000000000
44501  -9.173  -22.814  57.620 0.0000000000
44512  -9.095  -22.767  56.556 0.0000000000
44527  -9.195  -23.291  55.494 0.0000000000
44529  -11.199  -24.451  55.558 0.0000000000
44544  -10.198  -24.248  54.453 0.0000000000
44557  -9.113  -23.938  53.467 0.0000000000
43634  -9.321  -24.659  52.281 0.0000000000
39750  -15.279  -27.826  65.900 0.0000000000
38808  -15.014  -28.682  65.303 0.0000000000
37162  -14.195  -30.180  65.404 0.0000000000
36298  -13.749  -30.987  65.374 0.0000000000
36318  -14.018  -31.429  64.183 0.0000000000
35493  -13.007  -32.528  64.696 0.0000000000
36306  -12.485  -32.224  65.193 0.0000000000
36314  -10.543  -32.267  64.295 0.0000000000
36323  -9.699  -32.123  63.634 0.0000000000
37186  -8.635  -31.260  62.557 0.0000000000
53800  -41.872  -13.611  50.646 0.0000000000
53792  -43.597  -13.325  51.178 0.0000000000
53791  -42.860  -13.404  51.553 0.0000000000
45580  -39.565  -23.536  48.542 0.0000000000
51366  -38.356  -16.364  49.443 0.0000000000
52983  -40.265  -14.217  49.977 0.0000000000
45441  -29.091  -22.680  60.726 0.0000000000
45460  -28.224  -22.741  58.578 0.0000000000
42705  -33.341  -24.949  60.342 0.0000000000
42704  -32.388  -24.954  60.600 0.0000000000
42702  -30.705  -25.075  60.286 0.0000000000
40853  -29.760  -27.267  58.155 0.0000000000
41825  -30.217  -26.421  59.353 0.0000000000
42711  -30.022  -25.337  59.812 0.0000000000
43569  -29.254  -24.625  59.374 0.0000000000
44496  -28.727  -23.701  58.833 0.0000000000
45468  -27.648  -22.748  57.379 0.0000000000
44532  -26.843  -23.261  55.326 0.0000000000
62384  -50.983  -3.465  33.531 0.0000000000
63168  -50.847  -3.028  32.978 0.0000000000
63178  -51.747  -2.339  32.731 0.0000000000
47558  -9.983  -20.477  60.912 0.0000000000
46505  -9.288  -21.294  60.223 0.0000000000
47530  -9.861  -20.747  62.836 0.0000000000
46495  -9.036  -21.258  61.380 0.0000000000
45432  -9.461  -21.786  59.849 0.0000000000
44466  -9.778  -22.464  59.894 0.0000000000
44482  -10.502  -23.246  59.461 0.0000000000
43565  -11.542  -24.065  59.630 0.0000000000
44454  -11.058  -23.897  61.240 0.0000000000
43554  -12.129  -24.963  60.449 0.0000000000
43575  -12.388  -25.185  58.467 0.0000000000
42722  -12.389  -25.731  58.149 0.0000000000
41844  -11.605  -26.561  57.685 0.0000000000
40866  -10.883  -26.869  57.533 0.0000000000
55627  -50.731  -11.922  39.465 0.0000000000
53940  -45.201  -13.741  39.057 0.0000000000
53957  -45.759  -13.679  38.385 0.0000000000
53969  -45.980  -13.315  37.743 0.0000000000
54806  -48.027  -12.444  38.536 0.0000000000
54807  -48.986  -12.294  38.945 0.0000000000
38817  -17.162  -29.106  64.434 0.0000000000
37990  -16.952  -29.666  64.036 0.0000000000
38825  -18.851  -28.832  63.193 0.0000000000
37995  -17.231  -29.559  63.409 0.0000000000
38002  -16.521  -29.834  63.071 0.0000000000
37198  -15.381  -30.165  60.288 0.0000000000
46532  -25.654  -21.954  58.320 0.0000000000
45450  -25.362  -22.472  59.581 0.0000000000
45439  -25.087  -23.093  59.887 0.0000000000
43582  -22.771  -24.514  57.290 0.0000000000
44483  -24.139  -24.048  59.089 0.0000000000
43558  -24.602  -24.588  60.857 0.0000000000
42700  -24.337  -25.513  61.044 0.0000000000
42697  -24.170  -26.107  61.934 0.0000000000
41803  -23.569  -26.771  62.503 0.0000000000
39793  -22.372  -28.273  61.432 0.0000000000
38857  -20.653  -28.938  60.902 0.0000000000
38863  -19.663  -28.350  60.528 0.0000000000
39820  -17.887  -26.934  58.806 0.0000000000
39808  -17.309  -27.706  59.150 0.0000000000
38861  -17.334  -28.370  59.828 0.0000000000
38860  -16.295  -29.246  59.166 0.0000000000
49449  -14.064  -18.755  57.882 0.0000000000
48518  -12.989  -19.739  58.511 0.0000000000
48519  -13.602  -19.353  57.999 0.0000000000
48523  -13.725  -19.423  57.138 0.0000000000
48531  -13.803  -19.546  56.351 0.0000000000
47624  -13.376  -20.169  54.696 0.0000000000
45454  -8.622  -22.337  57.340 0.0000000000
46545  -8.818  -21.763  56.152 0.0000000000
46546  -9.229  -21.487  55.994 0.0000000000
46592  -7.382  -21.776  53.775 0.0000000000
46577  -8.725  -21.486  54.366 0.0000000000
46564  -10.068  -21.153  55.127 0.0000000000
46579  -10.911  -21.043  54.324 0.0000000000
46596  -11.587  -21.286  53.231 0.0000000000
46597  -12.249  -21.250  52.687 0.0000000000
46627  -12.146  -21.796  51.251 0.0000000000
39747  -15.102  -27.846  66.843 0.0000000000
39746  -14.489  -27.977  67.597 0.0000000000
40770  -13.957  -27.161  68.484 0.0000000000
37968  -12.029  -29.544  66.982 0.0000000000
39744  -12.479  -27.941  67.229 0.0000000000
40768  -12.607  -26.923  68.164 0.0000000000
41775  -12.201  -26.394  67.712 0.0000000000
41778  -11.427  -26.163  67.020 0.0000000000
42665  -11.189  -25.467  66.445 0.0000000000
41784  -12.010  -26.046  65.041 0.0000000000
40793  -12.020  -26.991  63.788 0.0000000000
40811  -12.056  -27.141  61.840 0.0000000000
39781  -10.180  -28.515  62.588 0.0000000000
40810  -11.271  -27.760  61.684 0.0000000000
40820  -11.295  -27.355  60.599 0.0000000000
40830  -11.248  -27.033  59.566 0.0000000000
40847  -10.191  -27.107  58.423 0.0000000000
40875  -9.885  -27.368  56.453 0.0000000000
38009  -6.622  -30.487  61.350 0.0000000000
38016  -5.871  -30.386  60.725 0.0000000000
38007  -5.775  -29.794  61.923 0.0000000000
38845  -5.677  -29.268  61.218 0.0000000000
40814  -6.370  -28.463  59.903 0.0000000000
41834  -7.100  -28.182  59.144 0.0000000000
39833  -6.362  -28.252  57.172 0.0000000000
40863  -7.959  -28.252  57.865 0.0000000000
39835  -8.421  -28.189  56.971 0.0000000000
39854  -8.795  -27.988  56.257 0.0000000000
39872  -9.506  -27.895  54.962 0.0000000000
39896  -9.251  -28.802  53.909 0.0000000000
38059  -8.812  -29.882  52.183 0.0000000000
39895  -41.180  -28.050  54.832 0.0000000000
40896  -41.738  -27.363  55.779 0.0000000000
39881  -41.145  -27.805  55.552 0.0000000000
38938  -40.049  -29.105  54.917 0.0000000000
38960  -40.128  -29.004  54.070 0.0000000000
39880  -40.651  -28.264  55.589 0.0000000000
56570  -52.754  -10.924  38.721 0.0000000000
55645  -51.969  -11.362  39.097 0.0000000000
55643  -50.031  -11.760  38.990 0.0000000000
56567  -49.672  -11.414  38.539 0.0000000000
56568  -50.297  -11.207  38.538 0.0000000000
53812  -43.468  -13.316  49.626 0.0000000000
53823  -41.284  -13.317  49.089 0.0000000000
53824  -41.831  -13.269  48.454 0.0000000000
40876  -10.687  -26.909  56.498 0.0000000000
43518  -10.568  -24.370  66.203 0.0000000000
43520  -10.630  -24.428  65.411 0.0000000000
42664  -10.848  -24.870  66.007 0.0000000000
54736  -47.763  -12.527  44.522 0.0000000000
54747  -46.333  -12.735  43.542 0.0000000000
41795  -22.642  -26.459  63.077 0.0000000000
47633  -14.027  -20.130  53.632 0.0000000000
47640  -14.064  -20.331  52.536 0.0000000000
46517  -9.538  -21.497  59.070 0.0000000000
42783  -8.243  -24.823  49.979 0.0000000000
40781  -15.869  -27.265  65.234 0.0000000000
37173  -7.549  -30.224  63.231 0.0000000000
37174  -8.623  -30.448  63.252 0.0000000000
38819  -7.093  -29.501  63.696 0.0000000000
37993  -6.542  -29.863  63.215 0.0000000000
43632  -43.170  -24.396  53.357 0.0000000000
44575  -42.666  -23.305  52.910 0.0000000000
38933  -34.853  -28.523  55.247 0.0000000000
38954  -34.281  -28.012  54.716 0.0000000000
58310  -53.015  -8.596  37.271 0.0000000000
54700  -44.028  -12.582  47.101 0.0000000000
50427  -14.896  -17.649  57.080 0.0000000000
48524  -14.286  -18.948  56.758 0.0000000000
44503  -11.080  -23.722  57.281 0.0000000000
41884  -10.460  -26.242  51.533 0.0000000000
40944  -10.822  -27.540  50.223 0.0000000000
40926  -10.914  -27.597  51.181 0.0000000000
37177  -15.866  -30.163  64.115 0.0000000000
36320  -15.466  -30.241  64.446 0.0000000000
37176  -15.243  -30.669  63.993 0.0000000000
53782  -41.796  -14.336  52.223 0.0000000000
52957  -40.689  -15.264  51.162 0.0000000000
43551  -31.207  -24.152  62.012 0.0000000000
44463  -30.749  -23.836  62.247 0.0000000000
44462  -30.239  -23.726  61.737 0.0000000000
44475  -30.504  -23.995  61.643 0.0000000000
39826  -32.548  -28.131  58.351 0.0000000000
40856  -32.363  -27.620  58.886 0.0000000000
39825  -31.511  -28.094  57.978 0.0000000000
40892  -27.014  -27.004  54.818 0.0000000000
41856  -28.004  -26.685  56.412 0.0000000000
41868  -27.576  -26.714  55.642 0.0000000000
42748  -27.307  -25.814  55.796 0.0000000000
42747  -26.732  -25.927  55.151 0.0000000000
42759  -26.154  -25.882  54.601 0.0000000000
42758  -25.837  -26.147  54.239 0.0000000000
45404  -9.693  -22.546  63.646 0.0000000000
45396  -9.571  -21.827  64.041 0.0000000000
44442  -9.944  -22.875  62.185 0.0000000000
42698  -12.466  -25.686  61.231 0.0000000000
41821  -12.271  -26.400  59.880 0.0000000000
40821  -11.943  -27.025  60.822 0.0000000000
53906  -48.465  -12.762  41.074 0.0000000000
53923  -48.070  -12.834  40.350 0.0000000000
53924  -48.706  -12.840  40.295 0.0000000000
38012  -18.863  -29.172  61.915 0.0000000000
38020  -17.441  -29.184  61.088 0.0000000000
44530  -22.654  -23.403  55.799 0.0000000000
44516  -23.296  -23.114  56.530 0.0000000000
43603  -22.021  -24.089  55.481 0.0000000000
41847  -21.760  -26.162  58.107 0.0000000000
41837  -21.428  -26.449  58.303 0.0000000000
40850  -21.198  -27.158  58.785 0.0000000000
40849  -20.422  -26.791  58.579 0.0000000000
49430  -13.051  -18.984  59.911 0.0000000000
47604  -9.811  -20.995  56.739 0.0000000000
46549  -10.957  -20.956  55.707 0.0000000000
45486  -8.467  -22.713  55.124 0.0000000000
45499  -7.832  -22.703  54.642 0.0000000000
45528  -8.935  -22.069  51.917 0.0000000000
45529  -9.763  -22.082  51.683 0.0000000000
45544  -10.731  -22.211  51.146 0.0000000000
45543  -9.954  -22.336  51.032 0.0000000000
42658  -14.314  -25.691  67.746 0.0000000000
42657  -13.334  -25.535  67.966 0.0000000000
37161  -13.447  -30.485  66.061 0.0000000000
37158  -13.275  -30.019  66.417 0.0000000000
37157  -12.842  -30.264  66.584 0.0000000000
38814  -11.141  -29.155  65.683 0.0000000000
38834  -10.684  -29.116  64.393 0.0000000000
39798  -8.241  -28.540  60.316 0.0000000000
39807  -8.820  -28.250  59.679 0.0000000000
39806  -8.128  -28.510  59.520 0.0000000000
38036  -4.705  -30.230  56.398 0.0000000000
38032  -4.958  -30.562  57.646 0.0000000000
41877  -42.897  -26.255  54.447 0.0000000000
39956  -39.450  -27.657  51.471 0.0000000000
39936  -40.282  -28.032  52.489 0.0000000000
40914  -41.812  -27.590  53.213 0.0000000000
41883  -42.681  -26.195  53.415 0.0000000000
39893  -36.919  -28.183  54.338 0.0000000000
38972  -39.164  -28.430  53.308 0.0000000000
38936  -38.135  -28.798  55.146 0.0000000000
38935  -37.060  -28.575  55.122 0.0000000000
56581  -52.429  -10.133  38.044 0.0000000000
57443  -53.306  -10.260  38.300 0.0000000000
54817  -46.960  -12.563  37.798 0.0000000000
54823  -46.600  -12.316  37.212 0.0000000000
55652  -47.527  -11.923  37.595 0.0000000000
56586  -47.295  -11.019  37.389 0.0000000000
57455  -46.703  -10.428  36.684 0.0000000000
56588  -49.006  -10.052  37.350 0.0000000000
57450  -51.598  -9.507  37.527 0.0000000000
53842  -44.792  -12.863  48.389 0.0000000000
53803  -44.795  -13.425  50.398 0.0000000000
53814  -45.159  -13.391  49.857 0.0000000000
53804  -45.343  -13.199  50.437 0.0000000000
53013  -39.688  -14.636  47.022 0.0000000000
53028  -40.259  -14.169  46.599 0.0000000000
39918  -10.184  -28.709  52.522 0.0000000000
38976  -9.275  -29.669  52.049 0.0000000000
36339  -14.323  -30.805  61.431 0.0000000000
44582  -40.697  -22.881  51.198 0.0000000000
47657  -40.187  -20.449  51.789 0.0000000000
46632  -39.671  -21.010  51.115 0.0000000000
48582  -39.280  -19.509  50.810 0.0000000000
48571  -39.791  -19.503  51.366 0.0000000000
50494  -40.789  -17.553  51.757 0.0000000000
43552  -31.892  -23.978  61.938 0.0000000000
38908  -30.466  -28.695  55.430 0.0000000000
38888  -30.270  -28.725  55.862 0.0000000000
38907  -29.693  -28.521  55.435 0.0000000000
60008  -49.649  -6.692  35.303 0.0000000000
60019  -48.658  -6.220  34.890 0.0000000000
60021  -50.310  -5.632  35.034 0.0000000000
60849  -50.716  -5.034  34.807 0.0000000000
60850  -51.443  -4.766  34.752 0.0000000000
44435  -10.309  -23.548  63.904 0.0000000000
43526  -10.562  -24.199  64.429 0.0000000000
42671  -11.282  -25.012  64.575 0.0000000000
43527  -10.970  -24.597  64.056 0.0000000000
42681  -11.349  -25.056  63.862 0.0000000000
54762  -48.502  -12.504  42.203 0.0000000000
54759  -43.490  -12.789  42.666 0.0000000000
53889  -45.853  -12.747  41.812 0.0000000000
53878  -47.475  -12.582  42.573 0.0000000000
53891  -47.725  -12.657  41.938 0.0000000000
53892  -48.365  -12.660  41.670 0.0000000000
40791  -20.869  -28.054  63.200 0.0000000000
38838  -21.625  -28.428  62.437 0.0000000000
39773  -20.840  -28.441  63.010 0.0000000000
38842  -20.852  -29.054  62.014 0.0000000000
38006  -20.123  -29.064  62.231 0.0000000000
38849  -20.772  -29.046  61.463 0.0000000000
40877  -18.985  -26.328  56.094 0.0000000000
47560  -11.358  -19.931  60.408 0.0000000000
47572  -11.372  -20.044  59.894 0.0000000000
47583  -9.243  -21.203  58.302 0.0000000000
47594  -9.238  -20.875  57.571 0.0000000000
44568  -8.180  -23.779  52.554 0.0000000000
44567  -7.582  -23.246  53.070 0.0000000000
44577  -8.101  -24.012  51.788 0.0000000000
43651  -7.686  -23.795  50.310 0.0000000000
44584  -7.873  -23.401  51.008 0.0000000000
45550  -8.229  -22.926  50.677 0.0000000000
45561  -8.479  -23.074  50.153 0.0000000000
44609  -8.674  -23.721  49.183 0.0000000000
37169  -11.191  -30.987  65.706 0.0000000000
37978  -9.606  -29.912  63.764 0.0000000000
37979  -10.076  -30.353  64.392 0.0000000000
38812  -10.232  -30.005  64.681 0.0000000000
37988  -9.888  -29.933  64.007 0.0000000000
38821  -9.047  -29.445  63.542 0.0000000000
39765  -7.027  -28.759  62.939 0.0000000000
39766  -7.669  -28.880  63.308 0.0000000000
39787  -7.224  -28.450  61.591 0.0000000000
41944  -39.782  -25.885  48.783 0.0000000000
40939  -40.621  -27.156  51.428 0.0000000000
40955  -39.772  -27.260  50.753 0.0000000000
41903  -41.477  -26.063  51.292 0.0000000000
42795  -41.394  -25.330  50.828 0.0000000000
44592  -41.277  -24.144  50.847 0.0000000000
45538  -41.833  -22.340  52.618 0.0000000000
39817  -35.213  -27.891  58.970 0.0000000000
39816  -34.503  -28.041  59.103 0.0000000000
38865  -34.778  -28.608  58.918 0.0000000000
38894  -36.035  -29.073  57.083 0.0000000000
38912  -34.429  -28.703  56.052 0.0000000000
38892  -33.903  -28.790  56.782 0.0000000000
38891  -32.822  -28.773  56.550 0.0000000000
38951  -30.901  -28.034  54.453 0.0000000000
59186  -52.978  -7.292  36.500 0.0000000000
57471  -48.130  -8.848  36.342 0.0000000000
58328  -49.290  -7.934  36.163 0.0000000000
59195  -49.662  -7.440  35.811 0.0000000000
58318  -52.546  -7.874  36.805 0.0000000000
54723  -46.757  -12.459  45.632 0.0000000000
54703  -46.968  -12.491  47.888 0.0000000000
54687  -46.169  -12.761  48.745 0.0000000000
53848  -40.794  -13.579  46.072 0.0000000000
53858  -41.456  -13.118  45.534 0.0000000000
53867  -42.085  -12.755  45.078 0.0000000000
54731  -42.604  -12.526  44.287 0.0000000000
54734  -45.517  -12.519  44.492 0.0000000000
46553  -26.356  -22.094  56.704 0.0000000000
46566  -24.245  -22.197  54.841 0.0000000000
49471  -15.444  -17.982  55.382 0.0000000000
48540  -14.501  -19.431  54.824 0.0000000000
44491  -9.447  -22.802  58.438 0.0000000000
44513  -10.105  -23.507  56.404 0.0000000000
43600  -11.488  -25.214  55.395 0.0000000000
43613  -9.815  -24.295  53.731 0.0000000000
44543  -9.242  -23.716  54.359 0.0000000000
43626  -9.455  -24.443  53.070 0.0000000000
41892  -10.231  -26.339  50.586 0.0000000000
42776  -9.765  -25.659  51.086 0.0000000000
38990  -10.512  -29.095  50.353 0.0000000000
38815  -15.644  -28.572  64.851 0.0000000000
38809  -15.413  -29.279  64.797 0.0000000000
36300  -14.899  -29.952  64.889 0.0000000000
37163  -14.722  -29.959  65.057 0.0000000000
36299  -14.461  -30.429  65.036 0.0000000000
36325  -14.227  -31.424  63.552 0.0000000000
35504  -13.760  -31.730  63.381 0.0000000000
35497  -12.822  -32.688  64.026 0.0000000000
36316  -12.482  -32.658  64.495 0.0000000000
36315  -11.697  -32.533  64.518 0.0000000000
36328  -9.607  -32.211  62.889 0.0000000000
36327  -9.136  -31.879  62.838 0.0000000000
37180  -8.936  -31.308  62.957 0.0000000000
51356  -39.408  -16.537  50.708 0.0000000000
50513  -38.299  -17.141  49.873 0.0000000000
52970  -40.596  -14.761  50.786 0.0000000000
53810  -41.084  -13.541  49.823 0.0000000000
45442  -29.706  -23.313  61.172 0.0000000000
46514  -29.330  -22.599  61.734 0.0000000000
46526  -28.399  -22.206  60.281 0.0000000000
45451  -28.912  -22.966  59.677 0.0000000000
41827  -32.006  -26.417  59.668 0.0000000000
41814  -32.186  -25.677  60.112 0.0000000000
41813  -31.320  -25.687  59.972 0.0000000000
42703  -31.470  -24.990  60.606 0.0000000000
39842  -29.704  -28.000  56.862 0.0000000000
40871  -30.209  -27.722  57.683 0.0000000000
40870  -29.688  -27.598  57.340 0.0000000000
41840  -29.037  -26.598  58.342 0.0000000000
41824  -29.529  -26.074  59.102 0.0000000000
42710  -29.448  -25.438  59.266 0.0000000000
43592  -28.003  -24.592  57.000 0.0000000000
43584  -28.237  -24.604  57.441 0.0000000000
44507  -28.216  -23.536  57.670 0.0000000000
44517  -27.815  -23.460  56.780 0.0000000000
44533  -27.212  -23.518  55.685 0.0000000000
43630  -25.547  -24.569  53.413 0.0000000000
43631  -25.989  -24.442  54.019 0.0000000000
61630  -50.458  -3.762  33.755 0.0000000000
63177  -50.520  -2.473  32.393 0.0000000000
48482  -10.390  -20.123  61.903 0.0000000000
48490  -10.173  -20.281  61.555 0.0000000000
47557  -9.271  -20.880  60.576 0.0000000000
47544  -9.347  -20.751  61.924 0.0000000000
47502  -9.832  -21.379  64.646 0.0000000000
45411  -9.345  -21.873  62.073 0.0000000000
45421  -9.203  -21.769  60.904 0.0000000000
45433  -9.478  -22.202  60.465 0.0000000000
44467  -10.203  -22.935  60.313 0.0000000000
43541  -10.923  -23.871  62.647 0.0000000000
43542  -11.306  -24.267  61.929 0.0000000000
43566  -12.283  -24.994  59.328 0.0000000000
41835  -11.692  -26.530  58.636 0.0000000000
41845  -12.160  -26.224  57.872 0.0000000000
54796  -51.077  -12.271  39.936 0.0000000000
54656  -44.366  -13.151  51.446 0.0000000000
53941  -46.100  -13.359  39.163 0.0000000000
53958  -46.515  -13.092  38.382 0.0000000000
53100  -45.595  -13.737  37.939 0.0000000000
53970  -46.445  -12.992  37.895 0.0000000000
54805  -47.264  -12.727  38.634 0.0000000000
54808  -49.501  -12.046  39.050 0.0000000000
37984  -17.295  -29.357  64.148 0.0000000000
38835  -18.989  -29.126  62.913 0.0000000000
38003  -17.468  -29.467  62.666 0.0000000000
37996  -18.295  -29.292  63.002 0.0000000000
37188  -15.767  -30.289  62.592 0.0000000000
37202  -15.066  -30.514  59.110 0.0000000000
37209  -15.100  -31.019  58.542 0.0000000000
46541  -25.642  -21.894  57.294 0.0000000000
46531  -25.105  -22.056  57.677 0.0000000000
45456  -24.142  -23.007  57.963 0.0000000000
45457  -24.832  -22.422  58.331 0.0000000000
45449  -24.918  -22.813  59.135 0.0000000000
44484  -24.437  -23.677  59.395 0.0000000000
43589  -21.679  -24.744  56.126 0.0000000000
42733  -22.071  -24.901  56.942 0.0000000000
42725  -23.052  -25.094  57.899 0.0000000000
43567  -23.984  -24.648  59.301 0.0000000000
43568  -24.414  -24.329  60.032 0.0000000000
42709  -24.307  -25.014  60.238 0.0000000000
41811  -22.989  -27.110  60.131 0.0000000000
42699  -24.010  -26.340  61.189 0.0000000000
41812  -23.404  -27.009  60.721 0.0000000000
41807  -23.892  -26.521  62.255 0.0000000000
40823  -23.088  -27.609  60.950 0.0000000000
39794  -22.811  -28.028  61.789 0.0000000000
40812  -22.877  -27.865  61.098 0.0000000000
39811  -20.418  -28.076  60.063 0.0000000000
39801  -20.831  -28.568  60.425 0.0000000000
38864  -20.325  -28.590  60.590 0.0000000000
39857  -17.498  -27.158  56.369 0.0000000000
39840  -18.757  -26.604  58.154 0.0000000000
39839  -17.643  -26.923  57.572 0.0000000000
38876  -16.465  -28.511  57.781 0.0000000000
38869  -16.682  -28.477  58.709 0.0000000000
50398  -13.794  -17.680  59.348 0.0000000000
49439  -14.362  -17.794  58.143 0.0000000000
48510  -12.631  -19.710  59.152 0.0000000000
47587  -12.452  -19.919  58.577 0.0000000000
47606  -12.282  -20.355  56.760 0.0000000000
47598  -13.302  -19.724  57.465 0.0000000000
47616  -13.139  -20.041  55.972 0.0000000000
45464  -8.859  -22.677  57.232 0.0000000000
45463  -8.721  -22.344  56.649 0.0000000000
46562  -8.753  -21.611  55.073 0.0000000000
46610  -7.098  -22.140  53.329 0.0000000000
46591  -6.906  -22.174  53.908 0.0000000000
46578  -9.660  -21.380  54.367 0.0000000000
46614  -10.687  -21.891  52.164 0.0000000000
46616  -12.631  -21.322  52.082 0.0000000000
38804  -14.896  -28.096  66.189 0.0000000000
38803  -14.618  -28.362  66.503 0.0000000000
39742  -14.045  -27.579  68.220 0.0000000000
37971  -11.792  -29.907  66.726 0.0000000000
37969  -12.371  -29.651  66.828 0.0000000000
39748  -12.075  -28.008  66.767 0.0000000000
39743  -12.185  -28.271  67.013 0.0000000000
40773  -12.761  -27.432  67.905 0.0000000000
40772  -12.147  -27.159  67.581 0.0000000000
40777  -11.869  -27.274  67.171 0.0000000000
42661  -11.206  -25.486  67.005 0.0000000000
41780  -11.665  -26.154  65.995 0.0000000000
41781  -11.966  -26.535  65.519 0.0000000000
40792  -11.650  -27.719  63.771 0.0000000000
40784  -12.080  -26.806  64.673 0.0000000000
40803  -12.056  -27.114  62.854 0.0000000000
39768  -9.524  -28.875  63.220 0.0000000000
39769  -10.301  -28.804  63.395 0.0000000000
39800  -9.793  -28.075  61.034 0.0000000000
40809  -10.843  -27.753  61.072 0.0000000000
40846  -9.262  -27.374  58.351 0.0000000000
40865  -9.998  -27.114  57.433 0.0000000000
38026  -5.305  -30.396  58.899 0.0000000000
38021  -5.318  -30.111  60.042 0.0000000000
38015  -5.439  -29.944  61.040 0.0000000000
38852  -5.413  -29.403  60.265 0.0000000000
40842  -5.889  -28.457  58.733 0.0000000000
40824  -6.171  -28.473  59.466 0.0000000000
41818  -6.872  -28.015  59.681 0.0000000000
40843  -6.610  -28.343  58.899 0.0000000000
40862  -6.898  -28.249  58.012 0.0000000000
39834  -7.404  -28.310  57.092 0.0000000000
39871  -8.839  -28.079  55.354 0.0000000000
40887  -9.162  -27.839  55.879 0.0000000000
39884  -9.413  -28.290  54.477 0.0000000000
40906  -42.614  -26.907  54.801 0.0000000000
40897  -42.379  -27.073  55.374 0.0000000000
39915  -39.720  -28.767  53.458 0.0000000000
39917  -41.412  -28.066  53.848 0.0000000000
38958  -38.360  -28.544  54.161 0.0000000000
38959  -39.289  -29.063  53.959 0.0000000000
38897  -39.171  -28.440  56.414 0.0000000000
39866  -40.156  -28.060  56.235 0.0000000000
55653  -48.246  -11.895  38.021 0.0000000000
55654  -48.685  -11.421  38.128 0.0000000000
56579  -50.455  -10.566  38.028 0.0000000000
54666  -44.574  -13.342  50.845 0.0000000000
52996  -40.447  -13.846  48.853 0.0000000000
53015  -41.001  -13.545  48.158 0.0000000000
41864  -11.699  -26.243  56.329 0.0000000000
40907  -10.416  -27.849  53.738 0.0000000000
39897  -9.920  -28.513  53.543 0.0000000000
37197  -14.684  -30.778  59.570 0.0000000000
36346  -14.067  -31.122  60.190 0.0000000000
36352  -13.834  -32.066  59.514 0.0000000000
46624  -41.004  -21.656  52.279 0.0000000000
48572  -40.413  -19.572  51.873 0.0000000000
43563  -33.711  -24.309  60.361 0.0000000000
59197  -51.349  -6.664  35.932 0.0000000000
60010  -51.818  -6.134  35.626 0.0000000000
60011  -52.612  -5.780  35.641 0.0000000000
60835  -53.750  -5.390  35.939 0.0000000000
42669  -11.567  -25.424  64.974 0.0000000000
54737  -49.014  -12.197  44.596 0.0000000000
53875  -45.185  -12.973  42.699 0.0000000000
53877  -46.973  -12.700  42.645 0.0000000000
40799  -21.412  -27.554  63.003 0.0000000000
39775  -22.153  -28.029  62.560 0.0000000000
38839  -22.061  -28.260  62.315 0.0000000000
46512  -27.944  -21.689  60.904 0.0000000000
48548  -15.109  -18.994  53.522 0.0000000000
48555  -14.771  -19.735  53.042 0.0000000000
47570  -9.833  -20.877  59.671 0.0000000000
46539  -8.472  -21.585  57.513 0.0000000000
43653  -8.435  -24.601  50.797 0.0000000000
43643  -8.236  -24.361  51.226 0.0000000000
43652  -8.033  -24.480  50.312 0.0000000000
43665  -8.023  -23.906  49.515 0.0000000000
40778  -15.484  -27.142  66.464 0.0000000000
36312  -9.551  -31.313  63.814 0.0000000000
36303  -9.861  -31.273  64.340 0.0000000000
36302  -9.714  -30.893  64.035 0.0000000000
37165  -9.277  -30.476  63.512 0.0000000000
38810  -8.702  -29.715  63.486 0.0000000000
38820  -7.817  -29.262  63.689 0.0000000000
38829  -6.672  -29.072  63.288 0.0000000000
38841  -6.252  -29.020  62.794 0.0000000000
41890  -42.048  -26.217  52.133 0.0000000000
42773  -42.262  -25.731  52.155 0.0000000000
42782  -42.388  -24.847  51.994 0.0000000000
43650  -42.359  -24.392  51.943 0.0000000000
43640  -42.304  -23.830  52.028 0.0000000000
39954  -37.625  -27.513  51.810 0.0000000000
38914  -36.595  -28.941  56.098 0.0000000000
38913  -35.483  -28.859  56.089 0.0000000000
57459  -50.503  -9.063  37.041 0.0000000000
58316  -50.608  -8.411  36.616 0.0000000000
59184  -50.678  -7.725  36.304 0.0000000000
54711  -45.762  -12.365  46.631 0.0000000000
54708  -42.965  -12.612  45.856 0.0000000000
54720  -43.684  -12.462  45.251 0.0000000000
45516  -25.324  -22.891  53.653 0.0000000000
42755  -11.101  -25.727  54.430 0.0000000000
42754  -10.805  -25.382  54.053 0.0000000000
42761  -10.598  -25.431  53.602 0.0000000000
42769  -10.067  -25.411  52.405 0.0000000000
37982  -15.725  -29.648  64.622 0.0000000000
37172  -15.662  -29.970  64.495 0.0000000000
36310  -15.232  -30.118  64.662 0.0000000000
36309  -14.796  -30.478  64.700 0.0000000000
35508  -12.981  -32.018  62.232 0.0000000000
35503  -13.185  -32.153  63.273 0.0000000000
35495  -11.167  -32.921  63.730 0.0000000000
35500  -10.918  -33.033  62.839 0.0000000000
36329  -10.304  -32.553  62.477 0.0000000000
52971  -41.241  -14.167  51.061 0.0000000000
53790  -41.876  -13.926  51.593 0.0000000000
45569  -39.172  -21.988  49.869 0.0000000000
51368  -39.760  -15.960  50.547 0.0000000000
44486  -29.480  -23.799  60.195 0.0000000000
40838  -33.785  -27.306  59.544 0.0000000000
40836  -31.765  -27.078  59.218 0.0000000000
40881  -28.666  -27.390  56.425 0.0000000000
40869  -29.070  -27.277  57.114 0.0000000000
41857  -28.569  -26.959  56.914 0.0000000000
42727  -28.420  -25.731  57.639 0.0000000000
42734  -27.930  -25.790  56.851 0.0000000000
43591  -27.701  -24.628  56.457 0.0000000000
43605  -27.141  -24.682  55.522 0.0000000000
43619  -26.849  -24.678  55.053 0.0000000000
42766  -25.951  -25.075  54.089 0.0000000000
61614  -48.292  -5.105  34.186 0.0000000000
47514  -9.717  -21.407  63.924 0.0000000000
46477  -9.591  -21.598  63.549 0.0000000000
41820  -11.859  -26.581  59.385 0.0000000000
54782  -50.377  -12.554  40.502 0.0000000000
53943  -47.883  -12.804  39.694 0.0000000000
54793  -47.719  -12.726  39.064 0.0000000000
37998  -19.794  -29.062  62.559 0.0000000000
37997  -19.114  -29.176  62.672 0.0000000000
45476  -24.374  -22.245  56.756 0.0000000000
45466  -23.882  -22.760  57.087 0.0000000000
44505  -23.372  -23.778  57.521 0.0000000000
41855  -20.538  -25.698  56.732 0.0000000000
42723  -21.521  -25.505  57.632 0.0000000000
41846  -21.207  -25.853  57.751 0.0000000000
42717  -22.491  -25.965  58.423 0.0000000000
42708  -23.808  -25.857  60.123 0.0000000000
41839  -22.769  -26.499  59.175 0.0000000000
41822  -22.546  -27.085  59.617 0.0000000000
40833  -22.004  -27.863  59.920 0.0000000000
40832  -21.486  -27.720  59.438 0.0000000000
39823  -20.924  -27.814  59.420 0.0000000000
39838  -16.632  -27.870  57.005 0.0000000000
38875  -16.070  -29.077  56.935 0.0000000000
48511  -13.330  -19.158  58.916 0.0000000000
47596  -11.337  -20.476  57.714 0.0000000000
47614  -11.401  -20.779  55.370 0.0000000000
47622  -11.286  -20.824  54.836 0.0000000000
44511  -8.889  -22.714  56.106 0.0000000000
45473  -8.693  -22.711  56.268 0.0000000000
46612  -8.532  -21.815  52.826 0.0000000000
46626  -11.394  -21.930  51.535 0.0000000000
38806  -13.922  -29.210  66.124 0.0000000000
39789  -9.173  -28.409  61.554 0.0000000000
40818  -9.928  -27.673  59.884 0.0000000000
39818  -5.437  -28.824  58.519 0.0000000000
39832  -5.444  -28.506  57.438 0.0000000000
39853  -8.007  -28.313  56.194 0.0000000000
39973  -38.447  -27.392  50.592 0.0000000000
39974  -39.020  -27.259  50.284 0.0000000000
39957  -40.252  -27.627  51.833 0.0000000000
40925  -41.543  -27.062  52.251 0.0000000000
41891  -42.435  -26.191  52.751 0.0000000000
38956  -35.752  -28.173  54.283 0.0000000000
39912  -36.183  -27.886  53.778 0.0000000000
39933  -37.483  -27.574  52.756 0.0000000000
39914  -38.173  -27.904  53.430 0.0000000000
57452  -53.959  -9.145  37.813 0.0000000000
56576  -47.813  -11.531  37.692 0.0000000000
56597  -46.094  -10.398  36.311 0.0000000000
57458  -49.510  -9.422  37.028 0.0000000000
53828  -45.578  -13.096  49.379 0.0000000000
52203  -38.862  -14.833  46.243 0.0000000000
53850  -42.520  -12.785  46.704 0.0000000000
50413  -14.767  -17.339  57.844 0.0000000000
43581  -12.361  -25.082  57.582 0.0000000000
43588  -12.218  -25.153  56.619 0.0000000000
43601  -11.951  -25.228  56.037 0.0000000000
42743  -11.466  -25.818  55.368 0.0000000000
40915  -10.954  -27.578  52.145 0.0000000000
39940  -10.337  -28.806  51.654 0.0000000000
37182  -14.965  -30.777  63.159 0.0000000000
36332  -14.383  -31.052  62.431 0.0000000000
35518  -13.707  -31.213  60.708 0.0000000000
35515  -13.852  -31.073  61.293 0.0000000000
35514  -13.462  -31.512  61.276 0.0000000000
35513  -12.793  -31.959  61.014 0.0000000000
52945  -41.580  -15.066  52.394 0.0000000000
43658  -40.726  -24.721  50.099 0.0000000000
46639  -39.787  -21.607  50.929 0.0000000000
45556  -39.475  -21.842  50.403 0.0000000000
46646  -39.058  -21.547  50.057 0.0000000000
46637  -38.926  -21.028  50.141 0.0000000000
47664  -38.796  -20.406  50.122 0.0000000000
48581  -38.789  -19.524  50.223 0.0000000000
49520  -39.401  -18.574  50.871 0.0000000000
50506  -40.219  -17.113  51.469 0.0000000000
39844  -31.294  -28.486  57.308 0.0000000000
39863  -30.766  -28.616  56.784 0.0000000000
39862  -30.032  -28.463  56.365 0.0000000000
39861  -29.282  -27.957  56.312 0.0000000000
38927  -28.949  -28.433  54.620 0.0000000000
39891  -28.566  -28.186  54.993 0.0000000000
39860  -28.700  -27.747  55.913 0.0000000000
39876  -27.659  -27.671  54.834 0.0000000000
40903  -26.620  -27.153  54.327 0.0000000000
40902  -26.112  -27.009  54.033 0.0000000000
60847  -48.766  -5.471  34.559 0.0000000000
61615  -48.876  -4.826  34.246 0.0000000000
61628  -49.003  -4.184  33.793 0.0000000000
61617  -50.890  -4.213  34.260 0.0000000000
61606  -52.638  -5.009  35.125 0.0000000000
43535  -11.300  -24.569  63.142 0.0000000000
41805  -12.430  -26.431  62.031 0.0000000000
54763  -49.812  -12.441  42.358 0.0000000000
53886  -43.288  -12.793  41.895 0.0000000000
53919  -44.529  -13.385  40.077 0.0000000000
53904  -46.561  -12.739  40.941 0.0000000000
40789  -19.761  -27.743  63.577 0.0000000000
38826  -20.072  -28.636  63.031 0.0000000000
39764  -20.987  -28.159  63.072 0.0000000000
38827  -20.609  -28.569  63.030 0.0000000000
38013  -19.697  -29.115  61.892 0.0000000000
38847  -19.348  -28.958  61.498 0.0000000000
42757  -21.200  -25.091  54.559 0.0000000000
42745  -20.615  -25.644  55.272 0.0000000000
41865  -20.210  -25.799  55.340 0.0000000000
41866  -20.454  -25.746  55.965 0.0000000000
40878  -19.717  -26.124  56.861 0.0000000000
39858  -18.622  -26.531  56.918 0.0000000000
48501  -12.602  -19.424  59.974 0.0000000000
44555  -7.260  -23.189  53.959 0.0000000000
45526  -7.579  -22.611  52.676 0.0000000000
45541  -8.574  -22.546  51.281 0.0000000000
45552  -9.449  -22.844  50.386 0.0000000000
43519  -15.314  -24.518  66.210 0.0000000000
44423  -15.184  -23.994  66.319 0.0000000000
43517  -15.038  -24.458  66.779 0.0000000000
42662  -14.763  -24.999  67.170 0.0000000000
36296  -12.192  -31.525  65.817 0.0000000000
36295  -11.787  -31.387  65.767 0.0000000000
37167  -10.173  -30.937  64.813 0.0000000000
38823  -10.456  -29.545  64.607 0.0000000000
38832  -9.684  -29.240  63.701 0.0000000000
39767  -8.629  -28.893  63.179 0.0000000000
39757  -8.169  -28.965  63.708 0.0000000000
39779  -8.325  -28.715  62.410 0.0000000000
40817  -7.470  -28.489  60.720 0.0000000000
42813  -40.231  -25.404  49.325 0.0000000000
40956  -40.213  -26.803  50.334 0.0000000000
41918  -40.567  -26.284  50.097 0.0000000000
42794  -40.767  -25.684  50.061 0.0000000000
45549  -41.408  -22.683  52.020 0.0000000000
40839  -34.718  -27.194  59.436 0.0000000000
39815  -33.671  -28.001  59.100 0.0000000000
39846  -33.132  -28.604  58.056 0.0000000000
38881  -35.332  -29.053  57.927 0.0000000000
38871  -34.537  -28.835  58.486 0.0000000000
38870  -33.802  -28.780  58.080 0.0000000000
38878  -32.145  -28.774  57.032 0.0000000000
38890  -31.812  -28.923  56.328 0.0000000000
38909  -31.315  -28.756  55.635 0.0000000000
38930  -31.677  -28.350  55.214 0.0000000000
58327  -48.537  -8.260  36.181 0.0000000000
59192  -47.033  -8.011  35.550 0.0000000000
54744  -43.559  -12.665  43.464 0.0000000000
46543  -27.103  -22.077  57.951 0.0000000000
46552  -25.542  -21.945  56.414 0.0000000000
46551  -24.724  -21.978  56.080 0.0000000000
46567  -24.805  -22.068  55.179 0.0000000000
46550  -24.251  -22.123  55.499 0.0000000000
44546  -22.219  -23.543  54.514 0.0000000000
44545  -21.949  -23.842  54.171 0.0000000000
42764  -21.241  -24.772  53.778 0.0000000000
44479  -9.246  -22.412  58.782 0.0000000000
44490  -9.525  -22.739  58.370 0.0000000000
44500  -9.301  -22.704  57.814 0.0000000000
45465  -9.042  -22.852  56.958 0.0000000000
43599  -10.854  -24.641  54.905 0.0000000000
43625  -8.801  -24.069  52.830 0.0000000000
42775  -9.401  -25.029  51.604 0.0000000000
43644  -8.783  -24.621  51.369 0.0000000000
37976  -15.061  -29.539  64.890 0.0000000000
37975  -14.532  -29.497  65.334 0.0000000000
36297  -13.030  -31.593  65.871 0.0000000000
37175  -14.655  -31.106  63.831 0.0000000000
37170  -14.648  -30.908  64.379 0.0000000000
35498  -13.346  -32.085  64.154 0.0000000000
36317  -13.486  -31.778  64.606 0.0000000000
36307  -13.260  -31.901  65.080 0.0000000000
36313  -9.844  -31.810  64.157 0.0000000000
36322  -9.313  -31.473  63.382 0.0000000000
37179  -8.330  -30.758  62.839 0.0000000000
53801  -43.002  -13.403  50.485 0.0000000000
44616  -39.806  -24.201  48.270 0.0000000000
51379  -38.192  -16.179  48.779 0.0000000000
51380  -38.766  -15.760  49.157 0.0000000000
52172  -39.713  -14.720  49.245 0.0000000000
46503  -29.585  -22.336  62.683 0.0000000000
46513  -28.650  -22.111  61.264 0.0000000000
46535  -28.168  -22.241  59.408 0.0000000000
41815  -33.139  -25.685  60.093 0.0000000000
39824  -30.746  -28.047  57.675 0.0000000000
40854  -30.654  -27.541  58.250 0.0000000000
40835  -30.855  -27.067  59.026 0.0000000000
40852  -29.252  -27.153  57.691 0.0000000000
41841  -29.654  -26.783  58.842 0.0000000000
42712  -30.647  -25.758  59.755 0.0000000000
42701  -30.372  -24.982  60.145 0.0000000000
43559  -30.365  -24.691  60.464 0.0000000000
43570  -29.866  -24.533  60.197 0.0000000000
44485  -29.060  -23.782  59.526 0.0000000000
43577  -28.621  -24.634  58.289 0.0000000000
45459  -27.675  -22.433  58.106 0.0000000000
45490  -26.973  -22.814  55.867 0.0000000000
45489  -26.624  -22.805  55.408 0.0000000000
44548  -26.942  -24.181  55.091 0.0000000000
44547  -26.646  -23.510  54.919 0.0000000000
62382  -49.289  -3.591  33.299 0.0000000000
62383  -50.121  -3.511  33.354 0.0000000000
62393  -50.435  -3.136  32.995 0.0000000000
63943  -51.344  -1.900  32.200 0.0000000000
48491  -10.586  -20.033  61.272 0.0000000000
47529  -9.582  -21.195  63.153 0.0000000000
45446  -9.577  -22.211  59.564 0.0000000000
44481  -9.742  -22.794  59.245 0.0000000000
43574  -11.900  -24.358  58.238 0.0000000000
43553  -11.490  -24.310  60.881 0.0000000000
55628  -51.657  -11.801  39.534 0.0000000000
53079  -44.692  -14.013  38.630 0.0000000000
53080  -45.171  -13.985  38.553 0.0000000000
53956  -45.393  -13.914  38.495 0.0000000000
53099  -45.181  -13.989  38.154 0.0000000000
53119  -45.258  -13.671  37.613 0.0000000000
54816  -46.363  -12.901  37.660 0.0000000000
55641  -48.604  -12.139  38.498 0.0000000000
37983  -16.573  -29.489  64.411 0.0000000000
37994  -16.435  -29.923  63.814 0.0000000000
37991  -17.726  -29.255  63.613 0.0000000000
37193  -15.693  -30.228  61.479 0.0000000000
37201  -14.856  -31.305  58.721 0.0000000000
46533  -26.527  -21.763  58.667 0.0000000000
46523  -25.918  -21.850  59.703 0.0000000000
45458  -25.352  -22.264  58.983 0.0000000000
45427  -25.190  -23.205  60.688 0.0000000000
43590  -22.292  -24.204  56.442 0.0000000000
44504  -23.025  -24.046  57.195 0.0000000000
43583  -23.187  -24.517  57.739 0.0000000000
43576  -23.454  -24.608  58.301 0.0000000000
44494  -24.009  -23.839  58.595 0.0000000000
44473  -24.761  -23.763  60.388 0.0000000000
44460  -25.016  -23.853  61.475 0.0000000000
44447  -25.049  -24.155  62.664 0.0000000000
42689  -24.217  -25.622  62.740 0.0000000000
40805  -23.131  -27.518  62.333 0.0000000000
39783  -22.561  -28.073  62.166 0.0000000000
38851  -21.876  -28.662  61.811 0.0000000000
39813  -21.707  -28.300  60.300 0.0000000000
39802  -21.405  -28.646  60.728 0.0000000000
38858  -21.128  -28.987  61.114 0.0000000000
38856  -19.884  -28.811  60.975 0.0000000000
38855  -18.990  -28.662  60.984 0.0000000000
39841  -19.712  -26.642  58.557 0.0000000000
39821  -19.102  -26.941  59.225 0.0000000000
39809  -18.272  -27.536  59.696 0.0000000000
38862  -18.619  -28.172  60.370 0.0000000000
38854  -17.908  -28.735  60.736 0.0000000000
38034  -15.632  -30.116  57.254 0.0000000000
38031  -15.400  -30.400  58.328 0.0000000000
48502  -13.087  -19.203  59.546 0.0000000000
48520  -14.082  -18.982  57.457 0.0000000000
46529  -8.376  -21.804  57.839 0.0000000000
46538  -8.347  -21.871  56.999 0.0000000000
47601  -8.474  -21.529  56.733 0.0000000000
47602  -8.699  -21.277  56.693 0.0000000000
46547  -9.626  -21.286  55.959 0.0000000000
45498  -7.235  -22.696  54.316 0.0000000000
46575  -7.445  -22.002  54.383 0.0000000000
46576  -8.007  -21.620  54.357 0.0000000000
46563  -9.265  -21.341  55.115 0.0000000000
46580  -11.633  -20.956  53.930 0.0000000000
47631  -12.034  -20.952  53.722 0.0000000000
46628  -13.065  -21.468  51.166 0.0000000000
46634  -12.594  -21.816  50.391 0.0000000000
42654  -11.060  -24.993  67.097 0.0000000000
40775  -15.006  -27.193  67.382 0.0000000000
40774  -14.437  -27.204  68.075 0.0000000000
41776  -14.180  -26.610  68.280 0.0000000000
41773  -13.760  -26.687  68.610 0.0000000000
37972  -12.233  -30.435  66.625 0.0000000000
38801  -12.855  -28.736  66.956 0.0000000000
38800  -12.089  -28.929  67.003 0.0000000000
40769  -13.368  -27.188  68.366 0.0000000000
41772  -13.135  -26.629  68.505 0.0000000000
41774  -11.748  -26.241  67.366 0.0000000000
40771  -11.738  -26.734  67.354 0.0000000000
42660  -10.921  -24.966  66.645 0.0000000000
41783  -11.595  -25.656  65.427 0.0000000000
40780  -12.088  -26.667  65.227 0.0000000000
41787  -11.936  -26.234  63.993 0.0000000000
39782  -10.888  -28.293  62.738 0.0000000000
39791  -10.673  -28.176  62.146 0.0000000000
40829  -10.402  -27.290  59.368 0.0000000000
37185  -7.477  -30.637  62.133 0.0000000000
37184  -6.741  -30.438  62.428 0.0000000000
38022  -5.882  -30.575  59.730 0.0000000000
38008  -5.953  -30.303  61.650 0.0000000000
38000  -6.234  -30.255  62.485 0.0000000000
37999  -6.050  -29.717  62.673 0.0000000000
38840  -6.019  -29.128  62.185 0.0000000000
39776  -6.379  -28.771  61.768 0.0000000000
39795  -5.993  -28.667  60.349 0.0000000000
39786  -6.748  -28.483  61.197 0.0000000000
40806  -6.970  -28.264  60.672 0.0000000000
40816  -7.049  -28.412  60.164 0.0000000000
41819  -7.049  -28.294  59.606 0.0000000000
40844  -7.325  -28.339  58.842 0.0000000000
40826  -7.609  -28.413  59.267 0.0000000000
40845  -8.395  -28.062  58.470 0.0000000000
39836  -8.955  -27.933  56.777 0.0000000000
40874  -9.278  -27.728  56.388 0.0000000000
40888  -9.636  -27.696  55.572 0.0000000000
38069  -8.731  -30.013  51.574 0.0000000000
35494  -13.191  -32.226  64.697 0.0000000000
35499  -13.822  -31.674  63.836 0.0000000000
36301  -9.618  -30.648  63.820 0.0000000000
36311  -9.409  -30.786  63.607 0.0000000000
36319  -15.157  -30.403  64.529 0.0000000000
36326  -14.462  -31.196  63.121 0.0000000000
37973  -13.579  -29.602  66.246 0.0000000000
37977  -8.974  -29.971  63.623 0.0000000000
37985  -7.067  -30.167  63.553 0.0000000000
37987  -9.715  -29.835  63.763 0.0000000000
37992  -6.128  -29.721  63.009 0.0000000000
38001  -6.525  -30.450  62.063 0.0000000000
38014  -20.300  -29.056  61.830 0.0000000000
38844  -22.035  -28.508  62.089 0.0000000000
38850  -21.506  -28.814  61.479 0.0000000000
38866  -35.006  -28.422  58.990 0.0000000000
38889  -30.847  -28.879  56.183 0.0000000000
38906  -29.237  -28.413  55.193 0.0000000000
39741  -13.753  -27.439  68.294 0.0000000000
39756  -7.804  -29.018  63.723 0.0000000000
39784  -23.002  -27.926  61.979 0.0000000000
39785  -6.156  -28.760  61.279 0.0000000000
39792  -21.883  -28.605  61.046 0.0000000000
39796  -6.404  -28.530  60.780 0.0000000000
39797  -7.768  -28.677  60.010 0.0000000000
39803  -22.062  -28.305  60.633 0.0000000000
39814  -33.016  -27.960  58.879 0.0000000000
39828  -34.251  -28.476  58.856 0.0000000000
39877  -28.228  -27.832  55.298 0.0000000000
39878  -29.016  -28.192  55.503 0.0000000000
40790  -20.540  -27.949  63.361 0.0000000000
40801  -23.209  -27.038  62.731 0.0000000000
40804  -22.602  -27.754  62.495 0.0000000000
40808  -7.346  -28.480  61.214 0.0000000000
40813  -23.115  -27.689  61.515 0.0000000000
40815  -6.813  -28.370  60.181 0.0000000000
40825  -6.716  -28.398  59.553 0.0000000000
40834  -30.145  -27.101  58.803 0.0000000000
40860  -5.671  -28.454  58.155 0.0000000000
40868  -20.792  -26.440  58.186 0.0000000000
40893  -27.521  -27.221  55.155 0.0000000000
40894  -28.246  -27.463  55.777 0.0000000000
40904  -27.269  -27.417  54.694 0.0000000000
40911  -25.996  -27.098  53.554 0.0000000000
41771  -12.674  -26.550  68.172 0.0000000000
41806  -23.757  -26.855  61.780 0.0000000000
41808  -6.890  -27.667  59.880 0.0000000000
41809  -6.929  -28.054  59.938 0.0000000000
41833  -6.980  -28.348  59.330 0.0000000000
41854  -20.090  -25.893  56.134 0.0000000000
41867  -26.865  -26.581  55.034 0.0000000000
41907  -10.170  -26.439  49.983 0.0000000000
42653  -14.000  -26.297  68.446 0.0000000000
42659  -14.894  -25.948  67.359 0.0000000000
42668  -11.179  -25.111  65.516 0.0000000000
42696  -24.032  -26.456  61.636 0.0000000000
42726  -28.202  -25.999  57.212 0.0000000000
42732  -21.331  -25.248  57.045 0.0000000000
42756  -20.618  -25.581  54.827 0.0000000000
42819  -8.700  -25.242  48.316 0.0000000000
43550  -30.892  -24.139  61.950 0.0000000000
43616  -21.681  -24.237  54.266 0.0000000000
43635  -9.722  -24.831  52.780 0.0000000000
44506  -27.916  -23.234  57.250 0.0000000000
44541  -7.303  -23.029  54.310 0.0000000000
44597  -7.988  -23.222  50.227 0.0000000000
45428  -25.404  -22.788  61.483 0.0000000000
45469  -27.967  -22.832  57.899 0.0000000000
45475  -23.872  -22.373  56.152 0.0000000000
45478  -27.169  -22.668  56.476 0.0000000000
45501  -23.800  -22.435  54.310 0.0000000000
45503  -25.613  -22.637  54.225 0.0000000000
46581  -24.268  -22.303  54.454 0.0000000000
47501  -9.807  -21.399  64.254 0.0000000000
47592  -8.318  -21.403  57.074 0.0000000000
48481  -10.146  -20.270  61.811 0.0000000000
53907  -49.022  -12.775  40.701 0.0000000000
