#!ascii label  , from subject sub-01 vox2ras=TkReg
1265
35744  -45.801  -33.795  43.947 0.0000000000
30011  -33.424  -39.076  55.016 0.0000000000
45721  -45.629  -22.551  36.454 0.0000000000
37518  -38.156  -31.052  34.801 0.0000000000
42039  -46.529  -26.567  42.441 0.0000000000
31081  -41.915  -38.618  50.124 0.0000000000
34909  -29.989  -35.413  45.437 0.0000000000
37416  -35.406  -31.274  41.083 0.0000000000
31002  -26.020  -38.226  56.141 0.0000000000
45751  -55.075  -22.447  35.968 0.0000000000
34077  -24.039  -35.513  44.367 0.0000000000
35803  -42.307  -33.294  39.548 0.0000000000
39146  -41.401  -29.705  39.142 0.0000000000
38201  -47.191  -30.644  42.483 0.0000000000
32176  -44.353  -37.018  47.109 0.0000000000
34044  -39.542  -35.209  46.728 0.0000000000
35755  -40.787  -33.577  42.875 0.0000000000
37456  -37.189  -32.493  37.241 0.0000000000
48844  -54.645  -19.657  33.903 0.0000000000
32032  -29.886  -37.369  56.026 0.0000000000
32103  -24.384  -36.966  50.475 0.0000000000
31091  -28.562  -39.406  49.764 0.0000000000
44714  -45.131  -23.261  39.875 0.0000000000
29142  -37.928  -39.748  52.602 0.0000000000
31092  -32.358  -38.841  49.365 0.0000000000
33997  -36.270  -35.958  49.254 0.0000000000
35735  -33.599  -33.250  44.653 0.0000000000
29058  -21.190  -41.014  56.084 0.0000000000
46711  -49.607  -21.478  44.025 0.0000000000
45674  -50.249  -22.743  41.016 0.0000000000
45678  -54.195  -23.066  40.632 0.0000000000
45725  -49.860  -23.240  36.542 0.0000000000
46819  -51.480  -21.590  33.441 0.0000000000
32079  -20.376  -37.932  51.123 0.0000000000
32205  -27.659  -37.803  44.434 0.0000000000
35767  -45.026  -34.017  42.228 0.0000000000
37420  -44.984  -31.737  41.381 0.0000000000
36582  -47.033  -32.014  43.702 0.0000000000
34921  -44.975  -35.458  46.126 0.0000000000
34066  -43.629  -36.039  44.752 0.0000000000
34109  -44.163  -35.263  42.925 0.0000000000
35775  -42.024  -33.808  40.891 0.0000000000
46793  -44.702  -22.084  33.850 0.0000000000
46795  -46.535  -21.930  34.122 0.0000000000
31004  -31.781  -38.733  55.703 0.0000000000
32072  -29.213  -38.140  52.713 0.0000000000
30069  -30.919  -39.434  52.711 0.0000000000
39185  -37.976  -29.603  35.670 0.0000000000
41113  -44.433  -27.740  40.542 0.0000000000
41119  -41.741  -27.559  39.125 0.0000000000
42062  -43.658  -26.530  39.853 0.0000000000
43805  -43.384  -24.667  39.348 0.0000000000
43792  -45.450  -24.409  41.736 0.0000000000
30100  -39.795  -39.531  51.543 0.0000000000
31076  -37.538  -38.551  51.229 0.0000000000
32134  -39.028  -37.321  49.766 0.0000000000
35739  -37.470  -33.500  44.436 0.0000000000
35721  -36.110  -33.953  45.435 0.0000000000
36575  -35.477  -32.559  43.375 0.0000000000
36661  -37.833  -32.533  35.867 0.0000000000
46738  -49.756  -21.722  42.333 0.0000000000
44751  -52.679  -24.398  38.064 0.0000000000
45727  -52.516  -23.494  36.349 0.0000000000
45763  -50.733  -22.581  34.847 0.0000000000
46782  -53.225  -22.187  34.958 0.0000000000
47866  -53.298  -20.070  32.527 0.0000000000
29098  -23.977  -40.339  55.000 0.0000000000
30044  -21.585  -39.232  53.870 0.0000000000
31023  -22.960  -38.897  52.977 0.0000000000
33125  -23.979  -36.610  48.093 0.0000000000
33123  -22.037  -36.770  48.164 0.0000000000
34056  -21.480  -35.868  45.346 0.0000000000
33150  -31.397  -36.849  47.229 0.0000000000
31130  -29.692  -38.412  46.490 0.0000000000
33203  -29.241  -36.938  44.765 0.0000000000
36664  -39.854  -32.463  36.652 0.0000000000
38259  -40.353  -30.776  37.446 0.0000000000
37440  -42.346  -31.825  39.165 0.0000000000
39126  -45.152  -29.873  41.498 0.0000000000
41102  -46.739  -28.159  42.114 0.0000000000
32139  -43.216  -37.794  49.430 0.0000000000
33131  -40.538  -36.823  48.272 0.0000000000
33153  -42.107  -36.752  47.016 0.0000000000
34930  -40.192  -34.295  44.884 0.0000000000
36592  -38.455  -32.516  42.474 0.0000000000
37428  -37.415  -31.868  40.386 0.0000000000
36614  -38.931  -32.571  40.632 0.0000000000
35810  -39.504  -33.379  38.204 0.0000000000
47848  -54.809  -20.759  34.713 0.0000000000
49747  -55.629  -18.722  35.742 0.0000000000
33006  -27.571  -36.691  56.632 0.0000000000
32068  -25.075  -37.535  53.188 0.0000000000
33062  -27.493  -37.171  53.466 0.0000000000
32105  -26.585  -37.349  50.306 0.0000000000
32182  -26.227  -37.267  46.972 0.0000000000
40146  -39.229  -28.277  37.872 0.0000000000
44746  -43.251  -23.055  37.496 0.0000000000
45689  -45.706  -22.841  38.252 0.0000000000
29101  -35.531  -40.039  54.008 0.0000000000
29155  -32.860  -39.885  51.744 0.0000000000
30095  -34.878  -39.433  51.945 0.0000000000
33108  -34.244  -37.017  49.763 0.0000000000
34883  -32.992  -35.221  47.443 0.0000000000
34025  -37.519  -35.379  47.622 0.0000000000
34885  -34.773  -34.848  47.219 0.0000000000
35717  -32.280  -33.841  45.141 0.0000000000
38148  -46.869  -30.304  46.040 0.0000000000
32037  -35.667  -37.719  55.434 0.0000000000
31031  -39.402  -38.621  53.266 0.0000000000
31044  -41.390  -38.641  52.328 0.0000000000
38168  -49.372  -30.273  44.916 0.0000000000
40092  -50.571  -28.760  44.069 0.0000000000
42922  -49.997  -26.030  44.030 0.0000000000
44648  -50.424  -22.996  45.165 0.0000000000
43773  -48.741  -24.476  43.673 0.0000000000
44678  -47.959  -23.283  42.526 0.0000000000
44701  -47.919  -23.286  40.387 0.0000000000
45691  -47.715  -23.255  38.623 0.0000000000
45676  -52.542  -23.381  41.277 0.0000000000
44748  -49.376  -23.534  38.144 0.0000000000
45723  -47.637  -22.660  36.559 0.0000000000
46797  -48.568  -22.260  34.421 0.0000000000
47857  -52.468  -20.860  33.381 0.0000000000
29116  -18.968  -40.495  53.531 0.0000000000
32148  -17.922  -37.389  48.877 0.0000000000
32101  -22.587  -37.504  50.397 0.0000000000
33121  -20.085  -36.526  48.307 0.0000000000
30139  -30.693  -39.555  49.504 0.0000000000
31117  -28.360  -38.882  47.177 0.0000000000
33200  -25.820  -36.826  44.127 0.0000000000
33247  -25.540  -37.142  40.374 0.0000000000
34955  -45.273  -34.312  42.824 0.0000000000
35768  -45.687  -33.428  42.602 0.0000000000
35745  -46.241  -33.080  43.793 0.0000000000
34935  -44.999  -34.918  44.459 0.0000000000
34085  -44.548  -35.763  44.563 0.0000000000
34946  -45.056  -34.913  43.518 0.0000000000
34961  -43.847  -34.518  41.967 0.0000000000
45720  -44.725  -22.446  36.327 0.0000000000
46777  -44.727  -22.087  34.663 0.0000000000
46794  -45.602  -22.012  33.995 0.0000000000
46778  -45.612  -22.083  34.831 0.0000000000
30009  -32.121  -38.830  55.468 0.0000000000
31029  -31.245  -38.949  54.183 0.0000000000
30070  -31.896  -39.657  52.832 0.0000000000
38306  -36.989  -30.504  34.157 0.0000000000
38286  -38.104  -30.419  35.057 0.0000000000
42064  -44.871  -27.200  40.828 0.0000000000
42063  -44.302  -26.853  40.354 0.0000000000
42050  -44.728  -26.289  40.841 0.0000000000
42948  -44.662  -25.433  40.863 0.0000000000
42937  -46.219  -25.478  42.537 0.0000000000
30124  -40.289  -39.095  51.183 0.0000000000
31078  -39.405  -38.602  50.686 0.0000000000
32114  -40.295  -38.351  50.129 0.0000000000
36590  -36.647  -32.398  42.776 0.0000000000
36576  -36.333  -32.708  43.400 0.0000000000
37392  -35.578  -32.314  42.836 0.0000000000
37402  -34.688  -31.666  42.066 0.0000000000
36681  -37.714  -32.073  35.358 0.0000000000
37493  -36.639  -31.885  35.087 0.0000000000
37516  -36.832  -31.382  34.440 0.0000000000
44766  -53.166  -23.952  37.027 0.0000000000
45728  -53.660  -23.243  36.334 0.0000000000
45765  -52.595  -22.514  35.015 0.0000000000
46783  -53.968  -22.107  35.230 0.0000000000
30008  -24.986  -39.756  55.124 0.0000000000
30026  -24.157  -39.713  54.236 0.0000000000
31012  -24.742  -39.111  54.056 0.0000000000
34039  -23.957  -35.914  45.840 0.0000000000
33167  -22.807  -36.439  46.619 0.0000000000
34076  -22.944  -35.456  44.267 0.0000000000
33209  -21.660  -36.731  43.074 0.0000000000
34092  -22.443  -35.855  43.204 0.0000000000
34040  -30.927  -35.881  46.761 0.0000000000
33190  -29.984  -36.884  45.974 0.0000000000
34061  -29.645  -35.801  45.271 0.0000000000
35812  -41.092  -33.097  38.394 0.0000000000
36636  -41.304  -32.426  38.154 0.0000000000
36627  -42.430  -32.651  39.229 0.0000000000
37421  -45.883  -31.491  42.040 0.0000000000
38213  -44.980  -30.804  41.461 0.0000000000
38214  -45.587  -30.694  41.768 0.0000000000
40121  -45.685  -28.707  41.494 0.0000000000
39128  -46.767  -29.415  42.306 0.0000000000
32159  -43.605  -37.525  48.395 0.0000000000
32174  -42.996  -37.385  47.567 0.0000000000
32188  -43.404  -37.127  46.946 0.0000000000
34942  -42.063  -34.862  43.510 0.0000000000
34920  -41.228  -34.808  44.876 0.0000000000
35742  -41.154  -34.172  43.844 0.0000000000
35754  -39.542  -33.174  43.437 0.0000000000
36580  -39.814  -32.987  42.685 0.0000000000
36603  -38.649  -32.422  41.575 0.0000000000
36594  -40.236  -33.080  41.870 0.0000000000
35789  -41.792  -33.628  39.903 0.0000000000
35787  -40.240  -33.459  39.300 0.0000000000
35801  -40.726  -33.370  38.796 0.0000000000
35822  -39.716  -33.220  37.497 0.0000000000
33027  -28.493  -36.848  55.942 0.0000000000
33045  -26.932  -37.015  54.534 0.0000000000
32031  -29.035  -37.153  55.038 0.0000000000
31055  -29.003  -38.840  51.491 0.0000000000
32088  -28.285  -38.111  51.677 0.0000000000
32130  -27.146  -38.009  49.506 0.0000000000
32151  -26.447  -37.700  48.475 0.0000000000
31107  -27.345  -38.590  48.518 0.0000000000
38246  -40.695  -30.348  38.045 0.0000000000
39165  -39.537  -29.602  37.502 0.0000000000
39145  -40.979  -29.352  38.914 0.0000000000
42075  -41.893  -26.447  38.689 0.0000000000
42073  -40.386  -26.537  38.195 0.0000000000
42966  -40.525  -26.088  37.933 0.0000000000
44697  -43.977  -24.133  39.925 0.0000000000
44712  -43.700  -23.709  39.221 0.0000000000
44728  -44.265  -23.181  38.850 0.0000000000
45687  -44.006  -22.799  37.662 0.0000000000
45681  -44.953  -22.966  38.843 0.0000000000
29121  -36.628  -40.078  53.490 0.0000000000
29139  -34.906  -39.815  52.692 0.0000000000
30073  -36.543  -39.754  52.443 0.0000000000
33095  -36.866  -37.113  50.453 0.0000000000
33094  -35.828  -37.153  50.542 0.0000000000
33109  -35.107  -36.598  49.981 0.0000000000
34005  -33.552  -36.164  48.736 0.0000000000
34006  -34.475  -35.746  48.705 0.0000000000
34012  -40.196  -35.996  47.723 0.0000000000
34011  -39.498  -35.913  48.030 0.0000000000
34026  -38.513  -35.398  47.428 0.0000000000
35720  -35.031  -33.704  45.336 0.0000000000
35710  -35.436  -34.191  45.892 0.0000000000
35709  -34.538  -34.079  45.852 0.0000000000
34912  -32.982  -34.200  45.829 0.0000000000
37437  -37.330  -31.913  39.335 0.0000000000
31043  -40.750  -38.662  52.760 0.0000000000
33097  -44.103  -36.755  50.819 0.0000000000
39070  -48.381  -30.065  45.372 0.0000000000
41032  -50.637  -27.561  45.765 0.0000000000
42015  -50.973  -26.896  44.854 0.0000000000
41075  -49.915  -27.755  43.616 0.0000000000
42903  -50.830  -25.853  44.785 0.0000000000
45625  -49.576  -22.490  44.483 0.0000000000
44660  -50.064  -23.573  44.668 0.0000000000
45624  -49.143  -22.834  44.141 0.0000000000
44668  -47.991  -23.813  43.157 0.0000000000
46723  -49.085  -22.023  43.346 0.0000000000
45660  -49.968  -22.117  41.609 0.0000000000
44690  -48.816  -22.741  41.248 0.0000000000
44702  -49.179  -23.034  40.482 0.0000000000
45684  -47.389  -23.196  39.202 0.0000000000
44717  -48.835  -23.549  39.555 0.0000000000
45677  -53.492  -23.464  41.142 0.0000000000
44764  -51.039  -24.026  37.343 0.0000000000
44750  -51.387  -24.249  38.010 0.0000000000
45706  -50.002  -23.563  37.337 0.0000000000
45705  -48.811  -23.279  37.675 0.0000000000
45724  -48.735  -22.924  36.552 0.0000000000
46781  -48.040  -22.356  35.175 0.0000000000
45746  -49.754  -22.873  35.598 0.0000000000
46818  -50.506  -21.867  33.332 0.0000000000
46817  -49.517  -22.043  33.349 0.0000000000
46835  -50.373  -21.501  32.502 0.0000000000
47859  -54.178  -20.399  34.102 0.0000000000
47847  -53.622  -20.911  34.300 0.0000000000
47858  -53.627  -20.232  33.535 0.0000000000
31035  -20.257  -38.765  52.537 0.0000000000
31034  -19.610  -39.057  52.309 0.0000000000
31049  -19.419  -38.614  51.553 0.0000000000
32096  -18.016  -38.056  50.114 0.0000000000
32122  -19.235  -37.323  49.609 0.0000000000
33075  -25.017  -37.062  52.227 0.0000000000
32066  -23.917  -37.661  52.166 0.0000000000
32102  -23.390  -37.254  50.471 0.0000000000
33122  -21.062  -36.674  48.216 0.0000000000
31141  -19.559  -38.277  44.893 0.0000000000
30119  -32.764  -39.613  50.685 0.0000000000
30118  -31.984  -39.680  50.483 0.0000000000
30151  -31.803  -39.335  49.200 0.0000000000
31136  -28.684  -38.174  45.495 0.0000000000
31118  -29.113  -38.884  46.856 0.0000000000
31135  -28.019  -38.215  45.441 0.0000000000
32195  -26.949  -37.774  45.477 0.0000000000
32213  -26.683  -37.720  43.524 0.0000000000
33246  -24.514  -37.169  40.155 0.0000000000
35791  -43.451  -33.413  40.536 0.0000000000
36617  -43.633  -32.767  40.264 0.0000000000
35778  -44.692  -33.412  41.542 0.0000000000
36607  -45.581  -32.661  42.068 0.0000000000
37406  -47.025  -31.358  42.634 0.0000000000
34048  -45.189  -35.981  46.871 0.0000000000
33176  -43.996  -36.633  46.061 0.0000000000
33205  -44.224  -36.111  44.892 0.0000000000
34098  -43.333  -35.428  43.384 0.0000000000
34951  -42.327  -34.736  42.884 0.0000000000
35764  -41.167  -33.599  41.469 0.0000000000
35766  -42.880  -34.490  41.968 0.0000000000
35776  -43.044  -34.148  41.337 0.0000000000
46831  -46.388  -21.891  32.385 0.0000000000
32033  -30.795  -38.110  56.087 0.0000000000
32048  -29.760  -37.640  54.628 0.0000000000
31014  -30.306  -38.356  54.144 0.0000000000
31041  -29.924  -38.916  52.660 0.0000000000
30090  -29.943  -39.600  51.280 0.0000000000
40127  -43.075  -28.454  40.190 0.0000000000
40134  -41.948  -28.465  39.483 0.0000000000
41111  -43.058  -27.738  39.904 0.0000000000
42069  -43.071  -26.702  39.451 0.0000000000
42962  -42.639  -25.831  38.866 0.0000000000
43804  -42.763  -25.152  38.796 0.0000000000
43800  -43.790  -25.151  39.914 0.0000000000
43801  -44.412  -24.673  40.546 0.0000000000
44686  -45.036  -23.892  41.005 0.0000000000
29159  -38.815  -39.929  52.000 0.0000000000
30098  -37.881  -39.543  51.784 0.0000000000
30099  -39.008  -39.379  51.588 0.0000000000
32111  -37.676  -37.924  50.598 0.0000000000
33112  -38.314  -36.729  49.607 0.0000000000
35723  -38.163  -34.027  44.914 0.0000000000
34900  -37.703  -34.646  46.367 0.0000000000
35722  -37.170  -33.972  45.140 0.0000000000
35737  -35.509  -33.370  44.710 0.0000000000
36559  -34.042  -32.832  44.085 0.0000000000
36573  -33.524  -32.391  43.465 0.0000000000
37390  -34.034  -31.996  42.776 0.0000000000
36644  -37.115  -32.471  36.307 0.0000000000
37473  -36.351  -32.060  35.866 0.0000000000
47736  -50.553  -20.493  44.149 0.0000000000
46724  -49.624  -21.498  43.095 0.0000000000
47749  -50.788  -20.747  43.442 0.0000000000
46739  -50.789  -21.712  42.189 0.0000000000
45661  -51.045  -22.277  41.624 0.0000000000
44723  -54.344  -23.453  39.388 0.0000000000
43806  -53.291  -24.430  39.334 0.0000000000
43824  -53.481  -24.320  38.342 0.0000000000
44765  -51.963  -24.074  37.166 0.0000000000
45747  -50.854  -23.055  35.640 0.0000000000
45748  -52.003  -23.044  35.631 0.0000000000
45764  -51.766  -22.580  34.880 0.0000000000
46820  -52.064  -21.628  33.826 0.0000000000
49782  -54.351  -18.999  33.178 0.0000000000
48847  -53.845  -19.450  32.841 0.0000000000
49792  -54.395  -18.933  32.390 0.0000000000
29076  -22.603  -40.594  55.424 0.0000000000
30023  -21.150  -39.822  54.629 0.0000000000
30024  -22.158  -39.695  54.373 0.0000000000
31022  -22.035  -38.757  53.166 0.0000000000
31051  -21.797  -38.201  51.713 0.0000000000
33106  -24.553  -36.740  48.772 0.0000000000
33105  -23.529  -36.714  48.938 0.0000000000
33124  -23.000  -36.656  48.173 0.0000000000
33166  -22.011  -36.544  46.648 0.0000000000
34074  -20.703  -36.068  44.686 0.0000000000
32203  -20.452  -37.474  43.990 0.0000000000
33208  -20.888  -36.751  43.753 0.0000000000
32154  -32.090  -37.895  48.266 0.0000000000
31109  -31.190  -39.173  48.101 0.0000000000
32171  -31.074  -37.868  47.189 0.0000000000
32185  -29.344  -38.137  46.005 0.0000000000
32206  -28.447  -37.631  44.284 0.0000000000
37496  -38.987  -31.750  35.685 0.0000000000
38288  -38.989  -31.374  35.667 0.0000000000
37457  -40.286  -31.795  37.036 0.0000000000
37447  -41.322  -31.579  38.156 0.0000000000
38237  -42.380  -30.581  39.706 0.0000000000
37430  -43.641  -31.958  40.228 0.0000000000
38226  -43.304  -30.693  40.335 0.0000000000
39136  -43.047  -29.666  40.377 0.0000000000
40129  -44.598  -28.633  40.899 0.0000000000
40130  -45.211  -28.345  41.078 0.0000000000
41086  -46.651  -27.549  42.176 0.0000000000
32138  -42.225  -38.173  49.413 0.0000000000
32137  -41.351  -38.088  49.335 0.0000000000
32157  -41.619  -37.627  48.576 0.0000000000
33132  -41.484  -37.061  47.832 0.0000000000
34029  -41.127  -35.964  46.919 0.0000000000
34047  -42.416  -35.967  45.869 0.0000000000
34063  -40.980  -35.167  45.858 0.0000000000
34902  -39.586  -34.792  46.077 0.0000000000
35724  -39.161  -34.083  44.817 0.0000000000
36578  -38.186  -32.761  43.311 0.0000000000
37404  -37.001  -32.139  42.068 0.0000000000
37417  -36.650  -31.726  41.236 0.0000000000
37418  -37.745  -32.116  41.384 0.0000000000
37429  -38.228  -32.293  40.457 0.0000000000
37446  -38.046  -32.649  38.810 0.0000000000
36605  -40.401  -33.331  40.812 0.0000000000
36615  -39.704  -33.169  40.046 0.0000000000
36632  -38.021  -32.954  37.710 0.0000000000
36646  -38.999  -33.226  37.028 0.0000000000
36662  -38.638  -32.678  36.102 0.0000000000
46784  -54.961  -21.737  35.384 0.0000000000
47835  -55.641  -20.905  35.753 0.0000000000
48829  -55.716  -19.784  35.193 0.0000000000
48828  -55.330  -19.807  34.497 0.0000000000
49766  -55.479  -18.810  34.496 0.0000000000
50700  -55.474  -18.008  34.062 0.0000000000
33005  -26.808  -37.049  56.368 0.0000000000
32045  -25.560  -38.075  54.713 0.0000000000
33044  -26.268  -37.304  54.566 0.0000000000
33061  -26.147  -37.226  53.666 0.0000000000
33085  -26.195  -36.974  51.899 0.0000000000
32057  -28.603  -37.481  53.165 0.0000000000
32069  -27.155  -37.386  51.810 0.0000000000
32104  -25.549  -36.957  50.361 0.0000000000
32150  -25.466  -37.016  48.482 0.0000000000
33148  -25.456  -36.782  47.050 0.0000000000
33169  -24.930  -36.262  46.115 0.0000000000
39175  -39.335  -30.245  36.769 0.0000000000
40154  -38.329  -29.104  36.688 0.0000000000
40139  -40.489  -28.306  38.686 0.0000000000
45701  -44.752  -22.657  37.152 0.0000000000
45702  -45.656  -22.718  37.326 0.0000000000
30031  -34.733  -39.632  54.404 0.0000000000
29117  -33.189  -39.851  53.373 0.0000000000
29138  -33.849  -39.932  52.733 0.0000000000
29156  -33.884  -39.847  52.087 0.0000000000
30120  -33.648  -39.364  51.044 0.0000000000
31059  -36.414  -38.881  51.690 0.0000000000
31074  -34.910  -38.376  50.875 0.0000000000
32132  -33.480  -37.795  49.607 0.0000000000
33128  -33.091  -36.641  48.753 0.0000000000
34020  -32.526  -35.891  47.905 0.0000000000
34894  -31.810  -35.086  46.482 0.0000000000
33114  -40.168  -37.200  48.979 0.0000000000
33129  -38.792  -36.385  49.024 0.0000000000
33998  -37.272  -36.001  49.109 0.0000000000
34899  -36.880  -34.656  46.426 0.0000000000
34024  -36.544  -35.370  47.694 0.0000000000
34023  -35.579  -35.278  47.834 0.0000000000
34884  -33.768  -34.926  47.343 0.0000000000
34895  -32.810  -34.768  46.659 0.0000000000
38235  -35.803  -30.811  39.113 0.0000000000
36550  -45.644  -33.104  45.221 0.0000000000
37370  -46.042  -32.439  44.973 0.0000000000
29059  -23.837  -40.983  56.196 0.0000000000
31989  -26.456  -37.510  57.093 0.0000000000
32984  -26.955  -36.962  57.329 0.0000000000
32986  -28.446  -36.424  58.044 0.0000000000
32014  -31.750  -37.856  57.184 0.0000000000
30997  -32.015  -38.418  56.545 0.0000000000
31006  -33.135  -38.421  55.769 0.0000000000
31007  -34.154  -38.571  55.355 0.0000000000
30013  -35.302  -39.396  54.745 0.0000000000
30034  -36.784  -39.699  54.247 0.0000000000
30054  -37.960  -39.504  53.522 0.0000000000
31030  -38.484  -38.714  53.562 0.0000000000
30055  -38.910  -39.417  53.102 0.0000000000
30077  -40.180  -39.409  52.436 0.0000000000
30102  -40.874  -39.218  51.929 0.0000000000
31062  -41.420  -38.867  51.500 0.0000000000
32115  -42.807  -38.326  50.331 0.0000000000
32116  -43.607  -37.429  50.569 0.0000000000
32140  -44.277  -37.172  49.409 0.0000000000
35706  -45.601  -33.969  47.147 0.0000000000
37383  -47.013  -32.047  44.182 0.0000000000
37385  -48.458  -30.934  44.376 0.0000000000
38203  -48.704  -30.484  43.421 0.0000000000
40038  -50.138  -28.458  45.722 0.0000000000
39093  -50.183  -29.703  44.364 0.0000000000
39122  -49.015  -29.461  43.325 0.0000000000
40108  -48.591  -28.687  43.231 0.0000000000
41074  -48.844  -27.694  43.323 0.0000000000
42026  -47.610  -26.530  43.059 0.0000000000
43758  -50.902  -24.524  44.886 0.0000000000
43774  -49.622  -25.182  43.937 0.0000000000
42919  -47.029  -25.634  43.062 0.0000000000
43782  -46.769  -24.538  42.779 0.0000000000
44676  -46.289  -23.835  42.071 0.0000000000
44687  -45.966  -23.489  41.188 0.0000000000
46737  -49.079  -21.999  42.672 0.0000000000
44689  -48.090  -23.040  41.525 0.0000000000
44699  -45.677  -23.238  40.237 0.0000000000
45683  -46.737  -23.042  39.375 0.0000000000
45690  -46.701  -22.907  38.442 0.0000000000
45703  -46.657  -22.753  37.450 0.0000000000
45662  -52.219  -22.479  42.100 0.0000000000
45675  -51.422  -23.062  41.139 0.0000000000
44720  -52.241  -24.337  39.744 0.0000000000
44719  -51.154  -24.106  39.685 0.0000000000
44718  -49.994  -23.747  39.611 0.0000000000
44747  -48.803  -23.393  38.280 0.0000000000
45704  -47.710  -22.942  37.559 0.0000000000
45743  -46.540  -22.383  35.738 0.0000000000
46779  -46.540  -22.106  34.958 0.0000000000
46796  -47.513  -22.007  34.234 0.0000000000
46815  -47.466  -21.790  33.355 0.0000000000
45762  -49.772  -22.537  34.769 0.0000000000
46816  -48.476  -21.979  33.395 0.0000000000
46833  -48.359  -21.762  32.521 0.0000000000
46802  -53.751  -21.571  34.799 0.0000000000
46801  -52.701  -21.803  34.279 0.0000000000
47856  -51.872  -20.933  32.753 0.0000000000
46836  -51.223  -21.234  32.610 0.0000000000
30042  -19.657  -39.967  53.791 0.0000000000
31039  -23.981  -38.279  52.699 0.0000000000
31052  -22.634  -38.195  51.605 0.0000000000
32080  -21.293  -37.896  51.082 0.0000000000
32125  -22.164  -37.120  49.750 0.0000000000
32124  -21.243  -37.218  49.742 0.0000000000
32123  -20.249  -37.248  49.755 0.0000000000
33100  -19.203  -37.057  48.978 0.0000000000
29154  -32.009  -39.815  52.098 0.0000000000
30117  -31.062  -39.639  50.689 0.0000000000
30138  -29.728  -39.557  49.275 0.0000000000
30157  -30.168  -39.271  47.765 0.0000000000
30148  -29.514  -39.468  48.344 0.0000000000
31108  -27.889  -39.051  47.890 0.0000000000
31126  -27.129  -38.219  47.144 0.0000000000
33170  -26.051  -37.075  46.106 0.0000000000
34078  -24.827  -35.987  44.431 0.0000000000
33223  -28.106  -37.205  42.787 0.0000000000
32225  -27.488  -37.616  42.198 0.0000000000
32235  -26.093  -37.703  41.818 0.0000000000
33221  -25.455  -36.931  42.373 0.0000000000
34106  -24.543  -36.004  42.616 0.0000000000
34105  -23.533  -35.837  42.408 0.0000000000
35757  -45.698  -33.865  43.225 0.0000000000
35726  -45.407  -34.001  44.870 0.0000000000
45741  -44.698  -22.230  35.496 0.0000000000
45742  -45.611  -22.309  35.641 0.0000000000
30010  -32.561  -38.883  55.250 0.0000000000
30029  -32.648  -39.282  54.455 0.0000000000
38307  -37.800  -30.675  34.645 0.0000000000
38308  -38.216  -30.843  34.864 0.0000000000
42052  -45.990  -27.153  41.792 0.0000000000
42051  -45.327  -26.707  41.327 0.0000000000
42038  -45.767  -26.158  41.972 0.0000000000
31080  -41.093  -38.824  50.668 0.0000000000
31094  -40.646  -38.491  50.137 0.0000000000
31095  -41.203  -38.463  49.885 0.0000000000
36589  -35.972  -32.421  42.925 0.0000000000
37495  -38.181  -31.551  35.121 0.0000000000
37494  -37.392  -31.719  34.904 0.0000000000
37517  -37.627  -31.179  34.570 0.0000000000
45729  -54.554  -22.934  36.418 0.0000000000
45750  -54.255  -22.577  35.781 0.0000000000
45749  -53.181  -22.759  35.579 0.0000000000
31001  -25.649  -38.668  55.477 0.0000000000
30027  -24.776  -39.377  54.454 0.0000000000
31013  -25.190  -38.851  54.461 0.0000000000
34058  -23.488  -35.653  45.159 0.0000000000
34062  -30.095  -35.992  45.973 0.0000000000
35813  -41.808  -32.969  38.796 0.0000000000
36628  -43.074  -32.869  39.842 0.0000000000
38215  -46.538  -30.570  42.238 0.0000000000
39120  -47.272  -29.993  42.566 0.0000000000
32160  -44.443  -37.215  48.057 0.0000000000
32175  -43.808  -37.299  47.437 0.0000000000
35756  -41.690  -34.364  43.142 0.0000000000
35743  -41.641  -34.559  43.696 0.0000000000
35790  -42.583  -33.596  40.354 0.0000000000
35802  -41.480  -33.381  39.108 0.0000000000
33028  -29.181  -36.837  56.808 0.0000000000
31070  -28.656  -39.210  50.362 0.0000000000
31069  -28.251  -38.500  50.700 0.0000000000
31090  -28.015  -38.875  49.619 0.0000000000
39156  -41.007  -30.002  38.656 0.0000000000
39155  -40.539  -29.643  38.363 0.0000000000
42968  -42.024  -25.817  38.431 0.0000000000
42074  -41.312  -26.575  38.524 0.0000000000
44698  -44.713  -23.664  40.277 0.0000000000
44713  -44.577  -23.336  39.532 0.0000000000
29122  -37.542  -39.907  53.200 0.0000000000
29141  -37.047  -39.995  52.800 0.0000000000
33110  -36.083  -36.443  49.990 0.0000000000
33996  -35.287  -36.009  49.366 0.0000000000
34007  -35.432  -35.613  48.609 0.0000000000
34027  -39.470  -35.564  47.327 0.0000000000
34043  -38.863  -35.210  46.913 0.0000000000
35736  -34.542  -33.260  44.701 0.0000000000
35719  -34.101  -33.626  45.267 0.0000000000
35718  -33.215  -33.688  45.204 0.0000000000
37445  -37.292  -32.251  38.275 0.0000000000
37444  -36.573  -31.800  37.754 0.0000000000
42885  -50.911  -26.040  45.312 0.0000000000
46699  -49.922  -21.427  45.109 0.0000000000
45635  -49.228  -22.118  44.029 0.0000000000
45634  -48.929  -22.595  43.792 0.0000000000
46710  -49.156  -22.034  43.776 0.0000000000
45673  -49.372  -22.599  41.230 0.0000000000
46746  -54.245  -21.816  40.610 0.0000000000
45664  -53.926  -22.650  41.515 0.0000000000
44706  -53.780  -23.933  40.299 0.0000000000
45726  -51.076  -23.633  36.598 0.0000000000
45707  -50.587  -23.837  37.260 0.0000000000
45745  -48.645  -22.573  35.430 0.0000000000
29057  -20.751  -40.954  55.929 0.0000000000
31050  -20.737  -38.190  51.809 0.0000000000
31068  -19.046  -38.222  50.798 0.0000000000
32098  -19.685  -37.775  50.541 0.0000000000
32084  -24.722  -37.058  51.545 0.0000000000
32083  -23.589  -37.541  51.359 0.0000000000
32194  -19.274  -37.415  45.133 0.0000000000
31071  -32.552  -39.247  50.050 0.0000000000
30141  -32.139  -39.421  49.891 0.0000000000
31143  -28.331  -37.984  44.938 0.0000000000
32196  -27.455  -37.902  45.136 0.0000000000
35777  -43.930  -33.928  41.310 0.0000000000
35792  -44.084  -33.414  40.981 0.0000000000
36596  -46.417  -32.598  42.927 0.0000000000
36595  -45.925  -32.934  42.531 0.0000000000
36608  -46.257  -31.891  42.422 0.0000000000
36597  -47.217  -31.717  43.258 0.0000000000
34067  -44.749  -35.971  45.741 0.0000000000
33193  -44.290  -36.219  45.444 0.0000000000
34100  -44.546  -35.446  43.564 0.0000000000
34084  -44.058  -35.991  44.227 0.0000000000
34099  -43.882  -35.505  43.316 0.0000000000
34943  -42.790  -35.208  43.276 0.0000000000
34952  -42.935  -34.860  42.509 0.0000000000
34953  -43.745  -35.058  42.604 0.0000000000
34962  -44.421  -34.225  41.910 0.0000000000
46776  -44.038  -22.127  34.430 0.0000000000
46814  -46.484  -21.870  33.257 0.0000000000
31003  -31.138  -38.622  55.524 0.0000000000
32049  -30.491  -38.167  55.176 0.0000000000
30048  -30.982  -39.260  53.270 0.0000000000
31028  -30.760  -38.938  53.613 0.0000000000
31042  -30.660  -39.176  53.038 0.0000000000
31056  -29.730  -39.308  51.882 0.0000000000
30068  -30.217  -39.484  52.072 0.0000000000
39200  -37.460  -29.705  34.696 0.0000000000
40128  -43.794  -28.568  40.565 0.0000000000
41112  -43.695  -27.544  40.133 0.0000000000
41121  -43.258  -27.177  39.734 0.0000000000
42068  -42.404  -26.560  38.996 0.0000000000
42963  -43.219  -25.805  39.348 0.0000000000
42959  -43.711  -25.835  39.855 0.0000000000
43791  -44.911  -24.776  41.156 0.0000000000
29160  -39.505  -39.865  51.827 0.0000000000
32113  -39.815  -38.201  50.190 0.0000000000
32112  -38.796  -37.771  50.267 0.0000000000
33096  -37.775  -37.166  50.191 0.0000000000
36561  -35.928  -33.036  44.014 0.0000000000
36560  -34.999  -32.904  44.072 0.0000000000
36574  -34.518  -32.458  43.452 0.0000000000
36645  -37.943  -32.887  36.657 0.0000000000
36660  -37.144  -32.228  35.602 0.0000000000
46713  -52.257  -20.864  43.350 0.0000000000
47750  -51.232  -20.919  43.176 0.0000000000
46726  -51.893  -21.443  42.876 0.0000000000
46740  -51.512  -21.959  42.179 0.0000000000
45693  -54.973  -22.623  38.299 0.0000000000
44736  -54.497  -23.468  38.749 0.0000000000
44735  -54.112  -24.080  38.464 0.0000000000
44752  -53.797  -24.120  37.726 0.0000000000
46800  -51.595  -22.123  34.179 0.0000000000
49793  -54.772  -18.330  32.744 0.0000000000
29077  -23.449  -40.714  55.603 0.0000000000
29096  -22.436  -40.165  54.843 0.0000000000
29097  -23.303  -40.309  54.819 0.0000000000
30046  -23.437  -39.329  53.610 0.0000000000
30045  -22.631  -39.256  53.742 0.0000000000
31037  -22.380  -38.478  52.350 0.0000000000
33146  -23.394  -36.529  47.354 0.0000000000
34037  -22.187  -36.221  45.958 0.0000000000
34036  -21.296  -36.188  46.274 0.0000000000
34090  -20.797  -36.363  44.132 0.0000000000
34091  -21.343  -36.161  43.848 0.0000000000
33218  -21.846  -37.202  42.690 0.0000000000
32172  -31.647  -37.349  47.615 0.0000000000
32199  -29.669  -37.257  45.744 0.0000000000
32186  -30.038  -37.710  46.298 0.0000000000
32198  -29.230  -37.631  45.262 0.0000000000
32197  -28.773  -37.988  45.155 0.0000000000
32207  -29.023  -37.315  44.547 0.0000000000
37475  -39.866  -32.014  36.504 0.0000000000
36648  -40.282  -32.419  37.141 0.0000000000
37448  -41.788  -31.936  38.549 0.0000000000
37458  -40.839  -31.847  37.544 0.0000000000
37439  -41.724  -31.256  38.859 0.0000000000
36618  -44.214  -32.678  40.833 0.0000000000
37431  -44.260  -31.833  40.864 0.0000000000
38227  -44.302  -30.806  41.045 0.0000000000
39137  -43.904  -29.664  40.841 0.0000000000
39138  -44.588  -29.577  41.168 0.0000000000
40122  -46.423  -28.702  41.988 0.0000000000
41101  -46.249  -27.981  41.670 0.0000000000
32158  -42.675  -37.666  48.568 0.0000000000
32173  -42.198  -37.363  47.908 0.0000000000
33152  -40.989  -36.363  47.523 0.0000000000
33191  -43.539  -36.206  45.296 0.0000000000
33175  -43.210  -36.553  46.159 0.0000000000
34065  -42.949  -35.866  45.139 0.0000000000
34064  -41.743  -35.325  45.269 0.0000000000
34919  -40.711  -34.721  45.274 0.0000000000
34903  -40.298  -34.845  45.840 0.0000000000
34918  -39.768  -34.454  45.349 0.0000000000
35725  -39.751  -34.174  44.829 0.0000000000
36579  -39.034  -32.784  42.960 0.0000000000
35753  -38.840  -32.981  43.488 0.0000000000
36591  -37.568  -32.405  42.612 0.0000000000
36602  -37.998  -32.283  42.054 0.0000000000
37438  -37.975  -32.298  39.711 0.0000000000
36625  -38.774  -32.822  39.541 0.0000000000
35774  -41.161  -33.637  40.394 0.0000000000
36626  -39.479  -33.362  38.908 0.0000000000
36633  -38.932  -33.334  38.282 0.0000000000
35821  -39.274  -33.374  37.816 0.0000000000
35823  -40.191  -32.929  37.388 0.0000000000
36647  -39.868  -32.910  36.830 0.0000000000
36683  -38.936  -32.248  35.867 0.0000000000
49767  -55.790  -18.767  35.089 0.0000000000
50686  -55.644  -18.212  34.444 0.0000000000
33025  -26.464  -37.213  55.398 0.0000000000
33026  -27.344  -36.809  55.562 0.0000000000
33046  -28.049  -36.988  54.619 0.0000000000
33084  -25.441  -36.942  51.901 0.0000000000
33077  -26.778  -37.191  52.536 0.0000000000
32058  -29.605  -38.001  53.500 0.0000000000
32047  -28.927  -37.259  54.081 0.0000000000
32106  -27.485  -37.938  50.396 0.0000000000
32087  -27.746  -37.850  51.295 0.0000000000
32086  -26.844  -37.302  51.223 0.0000000000
32128  -25.300  -36.924  49.385 0.0000000000
32129  -26.344  -37.445  49.471 0.0000000000
32168  -25.878  -37.213  47.747 0.0000000000
38274  -39.405  -31.106  36.216 0.0000000000
38273  -38.804  -30.592  35.841 0.0000000000
38258  -39.674  -30.471  36.970 0.0000000000
39154  -39.989  -29.343  38.040 0.0000000000
39164  -38.860  -29.374  37.065 0.0000000000
40145  -38.500  -28.756  37.106 0.0000000000
40133  -41.111  -28.688  39.059 0.0000000000
41118  -41.060  -27.793  38.928 0.0000000000
42084  -39.869  -26.426  37.913 0.0000000000
44711  -42.969  -24.137  38.723 0.0000000000
44727  -43.586  -23.259  38.359 0.0000000000
45688  -44.682  -22.857  38.092 0.0000000000
29100  -34.823  -39.878  54.026 0.0000000000
29119  -34.797  -39.967  53.454 0.0000000000
30072  -35.688  -39.696  52.438 0.0000000000
29157  -34.398  -39.738  52.131 0.0000000000
30121  -34.288  -39.276  51.408 0.0000000000
31060  -37.336  -39.040  51.781 0.0000000000
30097  -36.957  -39.482  52.105 0.0000000000
31075  -36.874  -38.599  51.397 0.0000000000
33093  -34.933  -37.312  50.338 0.0000000000
32109  -35.454  -37.994  50.821 0.0000000000
32108  -34.608  -37.971  50.441 0.0000000000
32107  -33.953  -38.208  50.213 0.0000000000
32133  -34.162  -37.681  50.014 0.0000000000
32155  -32.921  -37.318  48.897 0.0000000000
33107  -33.530  -36.868  49.188 0.0000000000
34021  -33.633  -35.484  48.046 0.0000000000
34004  -32.922  -36.317  48.465 0.0000000000
34041  -31.707  -35.567  47.067 0.0000000000
34042  -32.344  -35.268  47.132 0.0000000000
32156  -40.815  -37.604  48.920 0.0000000000
34010  -38.493  -35.806  48.342 0.0000000000
33130  -39.525  -36.495  48.706 0.0000000000
33999  -38.078  -36.001  48.956 0.0000000000
34009  -37.376  -35.707  48.343 0.0000000000
34915  -37.012  -34.307  45.854 0.0000000000
34914  -36.379  -34.365  45.994 0.0000000000
34897  -35.067  -34.466  46.508 0.0000000000
34886  -35.750  -35.036  47.043 0.0000000000
34022  -34.598  -35.243  47.995 0.0000000000
34911  -31.969  -34.471  45.839 0.0000000000
35716  -31.296  -34.092  45.059 0.0000000000
37427  -36.368  -31.242  40.055 0.0000000000
28203  -23.277  -41.136  56.250 0.0000000000
32965  -26.868  -36.670  58.224 0.0000000000
32013  -30.902  -37.693  57.115 0.0000000000
31008  -35.106  -38.670  55.132 0.0000000000
30053  -37.168  -39.858  53.800 0.0000000000
30035  -37.376  -39.459  54.069 0.0000000000
32061  -38.852  -37.739  53.440 0.0000000000
30076  -39.398  -39.617  52.692 0.0000000000
30056  -39.638  -39.211  52.949 0.0000000000
30078  -40.808  -39.004  52.340 0.0000000000
31045  -42.116  -38.528  51.839 0.0000000000
32091  -42.952  -37.889  51.584 0.0000000000
32092  -43.343  -37.226  51.320 0.0000000000
32117  -44.199  -37.018  50.307 0.0000000000
33115  -45.145  -36.472  49.557 0.0000000000
35712  -45.324  -33.974  45.965 0.0000000000
37360  -46.218  -31.123  46.197 0.0000000000
37371  -46.778  -31.712  44.809 0.0000000000
38165  -46.833  -30.871  45.518 0.0000000000
38167  -48.682  -30.530  44.958 0.0000000000
37372  -48.042  -30.991  44.606 0.0000000000
38185  -49.008  -30.621  44.638 0.0000000000
37394  -48.387  -31.146  43.905 0.0000000000
38194  -49.063  -30.686  44.164 0.0000000000
40071  -50.616  -28.897  44.505 0.0000000000
40054  -50.633  -28.650  45.049 0.0000000000
39113  -50.475  -29.256  44.264 0.0000000000
38204  -49.500  -29.775  43.610 0.0000000000
39123  -49.661  -29.252  43.557 0.0000000000
40109  -49.354  -28.881  43.433 0.0000000000
42028  -49.565  -26.814  43.626 0.0000000000
42041  -47.856  -27.404  43.042 0.0000000000
42027  -48.527  -26.655  43.321 0.0000000000
45614  -50.268  -22.128  45.339 0.0000000000
44661  -50.680  -23.648  45.013 0.0000000000
43756  -49.208  -24.075  43.946 0.0000000000
43757  -49.753  -24.350  44.177 0.0000000000
42920  -48.081  -25.630  43.342 0.0000000000
43772  -47.556  -24.695  43.164 0.0000000000
43771  -47.067  -24.931  43.087 0.0000000000
44679  -48.171  -23.269  42.986 0.0000000000
43783  -47.423  -23.930  42.845 0.0000000000
44677  -47.191  -23.578  42.237 0.0000000000
44688  -47.005  -23.350  41.304 0.0000000000
44700  -46.818  -23.171  40.196 0.0000000000
45672  -46.312  -23.069  39.911 0.0000000000
44716  -47.827  -23.394  39.368 0.0000000000
45663  -53.236  -22.926  41.963 0.0000000000
45648  -53.118  -22.257  42.550 0.0000000000
44704  -51.807  -23.818  40.485 0.0000000000
44734  -52.709  -24.505  39.010 0.0000000000
44733  -51.776  -24.424  38.893 0.0000000000
44749  -50.370  -23.879  37.948 0.0000000000
44732  -50.686  -24.120  38.837 0.0000000000
44731  -49.634  -23.771  38.828 0.0000000000
45744  -47.480  -22.448  35.757 0.0000000000
46798  -49.705  -22.290  34.089 0.0000000000
46803  -54.378  -21.564  35.046 0.0000000000
47846  -53.016  -20.903  33.946 0.0000000000
47865  -52.607  -20.550  32.232 0.0000000000
30043  -20.439  -39.455  53.778 0.0000000000
30088  -19.206  -39.346  52.194 0.0000000000
30114  -18.165  -39.442  51.251 0.0000000000
32121  -18.329  -37.548  49.578 0.0000000000
32120  -17.560  -37.962  49.419 0.0000000000
32147  -17.306  -37.833  48.410 0.0000000000
32054  -25.235  -37.970  53.819 0.0000000000
31026  -24.957  -38.705  53.892 0.0000000000
32053  -24.801  -37.930  53.289 0.0000000000
32082  -22.935  -37.865  51.011 0.0000000000
31053  -23.105  -38.040  51.523 0.0000000000
32081  -22.187  -38.010  50.974 0.0000000000
33104  -22.589  -36.809  48.992 0.0000000000
33102  -20.701  -36.892  49.023 0.0000000000
33101  -19.770  -36.953  49.014 0.0000000000
33120  -19.072  -36.669  48.425 0.0000000000
31142  -20.143  -38.297  44.374 0.0000000000
29137  -32.877  -39.900  52.813 0.0000000000
29136  -32.290  -39.803  52.642 0.0000000000
30116  -29.946  -39.608  50.222 0.0000000000
31120  -30.709  -38.921  47.497 0.0000000000
31119  -29.840  -38.901  46.950 0.0000000000
30156  -29.397  -39.233  47.488 0.0000000000
30155  -28.898  -39.156  47.342 0.0000000000
30147  -28.571  -39.317  48.031 0.0000000000
31116  -27.531  -38.659  47.506 0.0000000000
31127  -27.713  -38.407  46.483 0.0000000000
33201  -26.275  -37.333  44.374 0.0000000000
33188  -26.391  -37.403  45.245 0.0000000000
33187  -25.691  -36.649  45.110 0.0000000000
34095  -25.312  -36.348  43.851 0.0000000000
33236  -27.475  -36.841  41.631 0.0000000000
32237  -27.234  -37.418  41.558 0.0000000000
32248  -26.196  -37.393  41.037 0.0000000000
33234  -25.440  -37.066  41.388 0.0000000000
32247  -24.009  -37.554  39.982 0.0000000000
33233  -24.520  -36.685  41.172 0.0000000000
34115  -24.210  -36.149  41.901 0.0000000000
34114  -23.665  -36.272  41.650 0.0000000000
35769  -46.018  -33.318  43.057 0.0000000000
36581  -46.553  -32.660  43.687 0.0000000000
34922  -45.000  -34.788  45.525 0.0000000000
34934  -44.792  -35.452  45.238 0.0000000000
34101  -44.723  -35.483  43.845 0.0000000000
34110  -44.243  -35.345  42.895 0.0000000000
34954  -44.568  -34.933  42.739 0.0000000000
45719  -43.837  -22.429  36.142 0.0000000000
31016  -31.506  -38.860  54.790 0.0000000000
30028  -32.028  -39.006  54.935 0.0000000000
30049  -31.621  -39.275  53.813 0.0000000000
41114  -44.977  -27.887  40.840 0.0000000000
42960  -44.176  -25.834  40.306 0.0000000000
42949  -45.178  -25.579  41.443 0.0000000000
42936  -45.666  -25.249  42.058 0.0000000000
30123  -39.688  -39.026  51.169 0.0000000000
31079  -40.192  -38.704  50.554 0.0000000000
36577  -37.191  -32.720  43.334 0.0000000000
36562  -36.829  -33.098  43.939 0.0000000000
37391  -35.019  -32.204  42.785 0.0000000000
37415  -34.311  -31.116  41.428 0.0000000000
36680  -37.222  -31.983  35.249 0.0000000000
44753  -54.684  -23.463  37.764 0.0000000000
44767  -54.181  -23.550  36.998 0.0000000000
30007  -24.395  -40.105  54.971 0.0000000000
30047  -23.960  -39.230  53.530 0.0000000000
33168  -23.756  -36.214  46.558 0.0000000000
34038  -23.098  -36.059  45.886 0.0000000000
34057  -22.473  -35.721  45.181 0.0000000000
34075  -21.837  -35.717  44.387 0.0000000000
33210  -22.278  -36.393  42.653 0.0000000000
34018  -31.207  -36.307  47.098 0.0000000000
33173  -31.009  -37.077  46.842 0.0000000000
33172  -30.519  -36.758  46.519 0.0000000000
33189  -29.561  -36.662  45.401 0.0000000000
36635  -40.680  -32.765  37.751 0.0000000000
36649  -40.763  -32.389  37.633 0.0000000000
36637  -41.960  -32.405  38.737 0.0000000000
37441  -42.895  -32.199  39.627 0.0000000000
39127  -46.011  -29.624  41.935 0.0000000000
40123  -47.036  -28.649  42.387 0.0000000000
33154  -42.956  -37.076  46.888 0.0000000000
34082  -42.400  -35.393  44.514 0.0000000000
34932  -41.671  -34.844  44.281 0.0000000000
34931  -40.835  -34.392  44.606 0.0000000000
35741  -40.014  -33.831  44.225 0.0000000000
36593  -39.325  -32.680  42.147 0.0000000000
36604  -39.593  -32.788  41.177 0.0000000000
35788  -41.001  -33.585  39.531 0.0000000000
35800  -40.049  -33.385  38.633 0.0000000000
35811  -40.307  -33.176  38.057 0.0000000000
33007  -28.395  -36.559  57.073 0.0000000000
33063  -28.248  -37.182  53.822 0.0000000000
31040  -29.177  -38.495  52.256 0.0000000000
32071  -28.572  -37.997  52.277 0.0000000000
31054  -28.341  -38.327  51.269 0.0000000000
32152  -26.829  -37.968  48.977 0.0000000000
31106  -26.919  -38.224  48.302 0.0000000000
31115  -26.944  -38.283  47.902 0.0000000000
39166  -40.185  -29.999  37.747 0.0000000000
40138  -39.898  -28.809  38.209 0.0000000000
42067  -41.750  -26.860  38.830 0.0000000000
41127  -41.323  -27.205  38.823 0.0000000000
29102  -36.128  -40.120  53.940 0.0000000000
29120  -35.701  -40.098  53.461 0.0000000000
29140  -36.099  -40.009  52.878 0.0000000000
32110  -36.590  -38.024  50.932 0.0000000000
33994  -33.936  -36.536  49.266 0.0000000000
33995  -34.420  -36.279  49.336 0.0000000000
35711  -35.966  -34.285  45.916 0.0000000000
34896  -33.934  -34.400  46.481 0.0000000000
34913  -33.743  -34.005  45.716 0.0000000000
32038  -36.430  -37.778  55.170 0.0000000000
32062  -40.083  -37.701  53.312 0.0000000000
31032  -40.162  -38.699  53.061 0.0000000000
32073  -40.601  -38.254  53.164 0.0000000000
39053  -47.186  -29.849  46.570 0.0000000000
38149  -47.420  -29.944  45.991 0.0000000000
39054  -48.090  -29.524  46.235 0.0000000000
39071  -49.055  -29.908  45.332 0.0000000000
41050  -50.914  -27.689  45.168 0.0000000000
41066  -50.828  -28.011  44.472 0.0000000000
41076  -50.500  -28.048  43.930 0.0000000000
42029  -50.547  -26.938  44.130 0.0000000000
42923  -50.469  -26.068  44.380 0.0000000000
47722  -50.300  -20.590  45.650 0.0000000000
44659  -49.179  -23.458  44.065 0.0000000000
44669  -48.495  -23.364  43.452 0.0000000000
45646  -48.457  -22.686  42.822 0.0000000000
45659  -48.891  -22.392  41.914 0.0000000000
44715  -47.221  -23.131  39.526 0.0000000000
44729  -48.145  -23.446  38.818 0.0000000000
45649  -53.615  -22.287  42.133 0.0000000000
44705  -52.873  -24.100  40.553 0.0000000000
46799  -50.644  -22.207  34.095 0.0000000000
46834  -49.374  -21.755  32.504 0.0000000000
47873  -53.718  -20.250  31.229 0.0000000000
29093  -19.245  -40.815  54.445 0.0000000000
31021  -20.993  -38.879  53.211 0.0000000000
30067  -20.304  -39.126  53.136 0.0000000000
31067  -18.359  -38.690  50.790 0.0000000000
32097  -18.745  -37.858  50.295 0.0000000000
32067  -24.582  -37.554  52.715 0.0000000000
33144  -21.352  -36.494  47.234 0.0000000000
33143  -20.434  -36.336  47.558 0.0000000000
33142  -19.409  -36.228  47.376 0.0000000000
33184  -18.568  -37.010  45.991 0.0000000000
32193  -18.704  -37.492  45.677 0.0000000000
29171  -32.360  -39.768  51.005 0.0000000000
29170  -31.950  -39.789  51.229 0.0000000000
30140  -31.542  -39.515  49.694 0.0000000000
31129  -29.193  -38.429  46.241 0.0000000000
31128  -28.578  -38.526  46.227 0.0000000000
32184  -27.446  -38.034  45.760 0.0000000000
32204  -26.920  -37.694  44.670 0.0000000000
33212  -26.118  -37.401  43.689 0.0000000000
33257  -25.404  -37.221  39.373 0.0000000000
33256  -24.877  -37.384  39.555 0.0000000000
35804  -42.840  -33.328  40.041 0.0000000000
36606  -44.877  -32.642  41.405 0.0000000000
35779  -45.281  -33.423  42.059 0.0000000000
37422  -46.445  -31.340  42.299 0.0000000000
33155  -45.153  -36.554  47.584 0.0000000000
32190  -44.126  -36.790  46.611 0.0000000000
33177  -44.510  -36.471  46.492 0.0000000000
33192  -43.925  -36.304  45.136 0.0000000000
34083  -43.210  -35.637  44.036 0.0000000000
35765  -42.135  -34.233  42.100 0.0000000000
34960  -43.311  -34.586  42.077 0.0000000000
46813  -45.546  -22.041  33.139 0.0000000000
31015  -30.917  -38.732  54.587 0.0000000000
31027  -30.167  -38.576  53.449 0.0000000000
30089  -29.264  -39.487  50.671 0.0000000000
39147  -42.360  -29.191  39.887 0.0000000000
40135  -42.610  -28.247  39.819 0.0000000000
41120  -42.597  -27.466  39.515 0.0000000000
43810  -41.569  -25.270  37.847 0.0000000000
29158  -38.339  -39.688  52.264 0.0000000000
30075  -37.963  -39.606  52.332 0.0000000000
31061  -38.150  -39.022  51.660 0.0000000000
30122  -39.163  -38.844  51.109 0.0000000000
31077  -38.557  -38.637  51.001 0.0000000000
33111  -37.114  -36.498  49.812 0.0000000000
34901  -38.657  -34.773  46.328 0.0000000000
34916  -37.911  -34.341  45.704 0.0000000000
35738  -36.491  -33.476  44.622 0.0000000000
36558  -33.077  -32.874  44.030 0.0000000000
37389  -32.977  -31.896  42.819 0.0000000000
37492  -35.634  -31.738  35.280 0.0000000000
47735  -50.116  -20.733  44.838 0.0000000000
46712  -50.138  -20.984  43.481 0.0000000000
46725  -50.572  -21.203  42.884 0.0000000000
47737  -51.646  -20.507  43.631 0.0000000000
44707  -54.208  -23.498  39.916 0.0000000000
44722  -54.012  -24.060  39.353 0.0000000000
43813  -53.599  -24.329  38.860 0.0000000000
48843  -54.072  -19.551  33.371 0.0000000000
48852  -53.950  -19.415  31.974 0.0000000000
29075  -21.476  -40.521  55.489 0.0000000000
29095  -21.822  -40.030  54.843 0.0000000000
30025  -23.034  -39.976  54.096 0.0000000000
31036  -21.375  -38.477  52.494 0.0000000000
32127  -24.018  -36.813  49.668 0.0000000000
33145  -22.440  -36.665  47.356 0.0000000000
33199  -20.364  -36.712  44.288 0.0000000000
32210  -21.046  -37.515  43.446 0.0000000000
31110  -31.672  -38.988  48.564 0.0000000000
32153  -31.380  -38.670  47.876 0.0000000000
32170  -30.256  -38.463  46.863 0.0000000000
32187  -30.672  -37.365  46.713 0.0000000000
31137  -29.009  -38.164  45.600 0.0000000000
31144  -28.594  -37.959  44.988 0.0000000000
38287  -38.670  -31.031  35.289 0.0000000000
37474  -39.440  -31.898  36.084 0.0000000000
38275  -39.983  -31.522  36.774 0.0000000000
38260  -40.969  -31.228  37.827 0.0000000000
38247  -41.098  -30.587  38.371 0.0000000000
38236  -41.605  -30.585  39.078 0.0000000000
38238  -42.919  -31.504  39.814 0.0000000000
38225  -42.890  -30.362  40.198 0.0000000000
40120  -45.077  -28.993  41.200 0.0000000000
41100  -45.503  -27.698  41.229 0.0000000000
31096  -41.710  -38.384  49.686 0.0000000000
34028  -40.305  -35.695  47.146 0.0000000000
32189  -43.841  -36.995  46.702 0.0000000000
33174  -42.352  -36.330  46.332 0.0000000000
34046  -41.622  -35.819  46.275 0.0000000000
34045  -40.499  -35.306  46.455 0.0000000000
34917  -38.849  -34.420  45.536 0.0000000000
35740  -38.612  -33.405  44.087 0.0000000000
36563  -37.643  -33.081  43.839 0.0000000000
37419  -38.408  -32.300  41.028 0.0000000000
36616  -40.488  -33.533  40.004 0.0000000000
36682  -38.434  -32.168  35.605 0.0000000000
46785  -55.512  -21.914  35.999 0.0000000000
47834  -55.292  -21.040  35.231 0.0000000000
47849  -55.480  -20.654  35.191 0.0000000000
49783  -54.962  -18.551  33.622 0.0000000000
50716  -55.209  -17.761  33.159 0.0000000000
32011  -26.277  -37.606  56.244 0.0000000000
32029  -25.750  -38.001  55.191 0.0000000000
32030  -25.996  -37.840  55.573 0.0000000000
32046  -25.954  -37.616  54.963 0.0000000000
32055  -25.797  -37.576  54.343 0.0000000000
33060  -25.463  -37.402  53.350 0.0000000000
33076  -25.548  -37.105  52.702 0.0000000000
32056  -27.949  -37.473  52.737 0.0000000000
33078  -27.450  -37.347  52.722 0.0000000000
33086  -26.723  -37.192  51.867 0.0000000000
32085  -25.884  -36.969  51.172 0.0000000000
33126  -24.972  -36.774  47.924 0.0000000000
33147  -24.422  -36.496  47.219 0.0000000000
34059  -24.483  -35.931  45.194 0.0000000000
34928  -29.527  -34.999  44.645 0.0000000000
39186  -38.444  -30.312  35.614 0.0000000000
39174  -38.634  -29.745  36.479 0.0000000000
39173  -38.157  -29.392  36.199 0.0000000000
40153  -37.973  -28.810  36.362 0.0000000000
41126  -40.725  -27.306  38.651 0.0000000000
41125  -39.916  -27.613  38.328 0.0000000000
45700  -43.914  -22.594  36.965 0.0000000000
30030  -33.700  -39.556  54.183 0.0000000000
29099  -34.322  -39.748  54.051 0.0000000000
29118  -33.869  -39.859  53.544 0.0000000000
30093  -33.402  -39.717  51.454 0.0000000000
31072  -33.220  -38.813  50.187 0.0000000000
30096  -35.957  -39.380  52.057 0.0000000000
31058  -35.304  -38.774  51.418 0.0000000000
32089  -36.036  -38.384  51.290 0.0000000000
31057  -34.671  -39.078  51.423 0.0000000000
31073  -34.307  -38.749  50.880 0.0000000000
31093  -32.959  -38.406  49.565 0.0000000000
32131  -32.771  -38.067  49.131 0.0000000000
33127  -32.566  -36.767  48.378 0.0000000000
33151  -31.967  -36.789  47.803 0.0000000000
34019  -31.557  -36.150  47.392 0.0000000000
34893  -31.290  -35.377  46.522 0.0000000000
32136  -40.385  -37.940  49.628 0.0000000000
33113  -39.410  -37.109  49.362 0.0000000000
34889  -38.249  -34.993  46.809 0.0000000000
34888  -37.577  -35.017  46.944 0.0000000000
34898  -36.005  -34.615  46.367 0.0000000000
34887  -36.695  -35.062  46.983 0.0000000000
34008  -36.407  -35.665  48.451 0.0000000000
34910  -30.761  -35.003  45.785 0.0000000000
37455  -36.343  -31.946  36.794 0.0000000000
36564  -45.888  -33.288  44.450 0.0000000000
37359  -45.794  -32.182  45.695 0.0000000000
28202  -22.690  -41.047  55.997 0.0000000000
29060  -24.378  -40.912  56.772 0.0000000000
29078  -24.316  -40.469  55.663 0.0000000000
30000  -25.424  -39.631  56.222 0.0000000000
30994  -25.836  -38.867  56.567 0.0000000000
30995  -26.125  -38.169  56.882 0.0000000000
32985  -27.621  -36.520  57.641 0.0000000000
32012  -29.931  -37.097  57.578 0.0000000000
30996  -31.431  -38.302  56.405 0.0000000000
31005  -32.302  -38.623  55.885 0.0000000000
30012  -34.438  -39.238  54.847 0.0000000000
30032  -35.439  -39.792  54.396 0.0000000000
31009  -36.071  -38.781  54.885 0.0000000000
30014  -35.852  -39.570  54.569 0.0000000000
30033  -36.112  -39.910  54.310 0.0000000000
30052  -36.575  -40.010  54.025 0.0000000000
29123  -38.456  -39.843  53.186 0.0000000000
29143  -38.650  -39.818  52.433 0.0000000000
29144  -39.368  -39.928  52.296 0.0000000000
29145  -39.937  -39.915  52.038 0.0000000000
30101  -40.262  -39.520  51.710 0.0000000000
30125  -40.766  -39.084  51.378 0.0000000000
31063  -42.145  -38.690  51.005 0.0000000000
32075  -42.082  -37.801  52.457 0.0000000000
33133  -45.078  -36.763  48.623 0.0000000000
33116  -45.575  -36.324  48.980 0.0000000000
33134  -45.584  -36.358  48.260 0.0000000000
34030  -45.398  -36.190  47.410 0.0000000000
34049  -45.482  -35.461  47.139 0.0000000000
34905  -45.289  -34.885  46.637 0.0000000000
36565  -46.493  -32.737  44.124 0.0000000000
36566  -46.931  -32.199  43.992 0.0000000000
38166  -47.649  -30.459  45.352 0.0000000000
37384  -47.643  -31.639  44.170 0.0000000000
37393  -47.773  -31.497  43.652 0.0000000000
37407  -47.904  -31.226  43.113 0.0000000000
38202  -47.756  -30.586  42.769 0.0000000000
40037  -48.987  -28.476  46.687 0.0000000000
39055  -49.438  -29.192  45.716 0.0000000000
40053  -50.263  -28.948  45.273 0.0000000000
38186  -49.628  -30.228  44.536 0.0000000000
38195  -49.683  -30.158  43.948 0.0000000000
39121  -48.042  -29.589  42.972 0.0000000000
39129  -47.358  -29.225  42.592 0.0000000000
40107  -47.678  -28.693  42.805 0.0000000000
40090  -49.375  -28.333  43.445 0.0000000000
41088  -47.967  -28.128  43.078 0.0000000000
41087  -47.323  -27.974  42.508 0.0000000000
42040  -47.188  -27.132  42.608 0.0000000000
42025  -47.070  -26.513  42.810 0.0000000000
43743  -51.316  -24.998  45.512 0.0000000000
42902  -50.354  -25.330  44.330 0.0000000000
42921  -49.110  -25.795  43.632 0.0000000000
43781  -45.991  -24.649  42.347 0.0000000000
45658  -48.287  -22.876  42.240 0.0000000000
45682  -45.673  -23.004  39.310 0.0000000000
44703  -50.631  -23.437  40.342 0.0000000000
44730  -48.689  -23.520  38.789 0.0000000000
45692  -48.410  -23.357  38.479 0.0000000000
45722  -46.588  -22.595  36.546 0.0000000000
46780  -47.450  -22.212  35.064 0.0000000000
45761  -49.175  -22.443  34.667 0.0000000000
30006  -20.581  -40.311  55.056 0.0000000000
30022  -20.019  -40.181  54.507 0.0000000000
30021  -19.468  -40.373  54.059 0.0000000000
30066  -19.549  -39.538  52.976 0.0000000000
30135  -17.014  -39.383  49.990 0.0000000000
31066  -17.498  -38.709  50.087 0.0000000000
31025  -24.476  -38.674  53.429 0.0000000000
31024  -23.702  -38.876  53.031 0.0000000000
31038  -23.270  -38.276  52.214 0.0000000000
32126  -23.037  -36.949  49.759 0.0000000000
33103  -21.663  -36.880  49.005 0.0000000000
32100  -21.734  -37.615  50.380 0.0000000000
32099  -20.782  -37.597  50.446 0.0000000000
33119  -18.246  -37.034  48.355 0.0000000000
33140  -17.718  -37.144  47.909 0.0000000000
32202  -19.856  -37.428  44.522 0.0000000000
30050  -32.697  -39.687  53.502 0.0000000000
30092  -31.420  -39.645  52.247 0.0000000000
29169  -31.478  -39.683  51.522 0.0000000000
30091  -30.900  -39.619  51.770 0.0000000000
30115  -29.086  -39.594  49.918 0.0000000000
30150  -31.219  -39.400  48.758 0.0000000000
30149  -30.406  -39.447  48.582 0.0000000000
30137  -28.707  -39.580  49.103 0.0000000000
30136  -28.016  -39.283  48.724 0.0000000000
30146  -27.913  -39.160  48.294 0.0000000000
32169  -26.597  -37.757  47.450 0.0000000000
32183  -26.839  -37.797  46.388 0.0000000000
33186  -25.070  -36.216  45.362 0.0000000000
34081  -29.249  -36.118  44.757 0.0000000000
33202  -28.937  -36.739  44.133 0.0000000000
33213  -28.162  -36.524  42.896 0.0000000000
33214  -28.447  -37.045  43.378 0.0000000000
32215  -27.982  -37.537  43.002 0.0000000000
32214  -27.513  -37.748  43.223 0.0000000000
32236  -26.782  -37.565  41.418 0.0000000000
32224  -26.790  -38.026  42.394 0.0000000000
32223  -26.064  -37.767  42.749 0.0000000000
33211  -25.752  -37.077  43.295 0.0000000000
33220  -24.815  -36.531  41.862 0.0000000000
34107  -25.159  -36.398  43.140 0.0000000000
34094  -24.640  -35.824  43.620 0.0000000000
34093  -23.677  -35.492  43.363 0.0000000000
34104  -22.857  -36.298  42.098 0.0000000000
29124  -39.133  -39.854  52.827 0.0000000000
29153  -31.446  -39.676  51.896 0.0000000000
29161  -39.987  -39.858  51.802 0.0000000000
30051  -33.360  -39.773  53.637 0.0000000000
30071  -32.425  -39.789  52.925 0.0000000000
30074  -37.422  -39.687  52.396 0.0000000000
30094  -34.051  -39.604  51.701 0.0000000000
30158  -30.796  -39.311  48.089 0.0000000000
30172  -20.002  -38.922  44.869 0.0000000000
32070  -27.699  -37.590  52.142 0.0000000000
32090  -36.475  -38.473  51.320 0.0000000000
32135  -39.527  -37.665  49.861 0.0000000000
32149  -18.674  -37.167  48.960 0.0000000000
32212  -26.109  -37.638  43.282 0.0000000000
32226  -27.860  -37.446  42.556 0.0000000000
33092  -34.498  -37.477  50.120 0.0000000000
33118  -17.739  -37.280  48.397 0.0000000000
33149  -31.016  -36.542  46.896 0.0000000000
33171  -26.563  -37.540  45.794 0.0000000000
33204  -44.182  -36.073  44.655 0.0000000000
33219  -22.249  -36.939  42.286 0.0000000000
34015  -20.078  -36.152  47.166 0.0000000000
34060  -25.094  -36.201  44.939 0.0000000000
34079  -25.363  -36.379  44.505 0.0000000000
34086  -44.942  -35.426  44.213 0.0000000000
34113  -23.272  -36.518  41.508 0.0000000000
34933  -42.407  -35.232  43.899 0.0000000000
34944  -43.356  -35.244  42.992 0.0000000000
34945  -44.740  -35.197  43.248 0.0000000000
35758  -46.115  -33.220  43.449 0.0000000000
35809  -39.226  -33.430  38.086 0.0000000000
36551  -46.179  -32.705  44.603 0.0000000000
36634  -39.283  -33.393  38.474 0.0000000000
36663  -39.416  -32.427  36.234 0.0000000000
37373  -48.593  -30.739  44.627 0.0000000000
37405  -37.569  -32.223  42.055 0.0000000000
37408  -48.237  -31.127  43.516 0.0000000000
39056  -50.026  -29.061  45.412 0.0000000000
39072  -50.093  -29.550  45.038 0.0000000000
39073  -50.499  -29.136  44.778 0.0000000000
39094  -50.445  -29.332  44.569 0.0000000000
39112  -50.157  -29.423  43.859 0.0000000000
40039  -50.677  -28.112  45.421 0.0000000000
40091  -50.038  -28.654  43.621 0.0000000000
43759  -51.127  -25.304  45.165 0.0000000000
43807  -53.504  -24.364  39.248 0.0000000000
43812  -53.241  -24.462  39.091 0.0000000000
43823  -53.141  -24.449  38.663 0.0000000000
44721  -53.229  -24.375  39.611 0.0000000000
45645  -48.256  -22.996  42.506 0.0000000000
45671  -46.080  -23.027  39.727 0.0000000000
