#!ascii label  , from subject  vox2ras=TkReg coords=orig
247
99270  -22.341  -6.506  -7.664 0.5555555820
61257  -23.306  -6.152  -8.654 0.6666666865
61271  -23.655  -5.564  -9.168 0.7777777910
61272  -24.527  -6.081  -9.485 0.7777777910
99312  -24.666  -4.326  -10.073 0.8888888955
99301  -26.394  -4.794  -10.468 0.8888888955
61256  -22.638  -5.504  -8.136 0.6666666865
61270  -22.927  -4.926  -8.494 0.8888888955
61281  -24.886  -5.531  -9.834 0.8888888955
62819  -25.381  -3.287  -10.812 1.0000000000
99302  -26.745  -4.202  -10.921 0.8888888955
62833  -26.862  -3.063  -11.609 1.0000000000
99323  -23.139  -3.346  -9.003 1.0000000000
99324  -23.330  -2.421  -9.299 1.0000000000
99318  -23.857  -3.366  -9.706 1.0000000000
63602  -24.751  -2.407  -10.645 1.0000000000
99325  -23.933  -2.449  -10.011 1.0000000000
64355  -23.955  -1.438  -10.256 1.0000000000
64356  -25.000  -1.473  -10.912 1.0000000000
63603  -25.848  -2.422  -11.310 1.0000000000
63618  -26.786  -2.381  -11.802 1.0000000000
64361  -25.792  -1.425  -11.539 1.0000000000
64363  -27.328  -1.578  -12.207 1.0000000000
65095  -26.851  -0.471  -12.419 1.0000000000
65104  -27.426  -0.033  -12.399 0.7777777910
99330  -22.943  -1.368  -9.052 0.8888888955
64354  -23.219  -1.042  -9.678 1.0000000000
65088  -24.348  -0.553  -10.610 1.0000000000
65089  -25.166  -0.593  -11.267 1.0000000000
65094  -25.896  -0.606  -11.973 1.0000000000
65868  -26.022  0.099  -12.356 1.0000000000
65103  -27.117  0.181  -12.515 1.0000000000
65869  -27.782  0.105  -12.329 0.8888888955
65878  -27.527  0.663  -12.644 1.0000000000
65879  -28.082  1.059  -12.669 0.7777777910
66642  -28.947  1.219  -12.206 0.7777777910
65075  -22.923  -0.332  -9.342 0.5555555820
66632  -23.263  1.513  -10.266 0.7777777910
65087  -23.413  -0.394  -10.067 0.8888888955
65859  -24.609  0.090  -10.970 1.0000000000
65858  -23.831  0.435  -10.463 0.8888888955
65866  -24.381  0.713  -10.973 1.0000000000
65867  -25.182  0.431  -11.653 1.0000000000
65877  -26.608  0.607  -12.600 1.0000000000
66648  -26.869  1.533  -13.066 0.8888888955
66649  -27.767  1.614  -13.044 0.8888888955
67430  -28.133  2.525  -13.166 0.7777777910
67423  -29.504  2.335  -12.075 0.6666666865
67431  -28.972  2.609  -12.636 0.6666666865
65857  -23.065  0.566  -9.718 0.7777777910
67415  -22.762  2.459  -9.511 0.6666666865
66639  -23.534  2.030  -10.721 0.7777777910
66640  -24.229  1.516  -11.154 0.8888888955
65876  -25.784  0.803  -12.354 1.0000000000
67422  -24.582  2.357  -11.760 1.0000000000
67427  -25.348  2.378  -12.449 1.0000000000
67428  -26.186  2.555  -13.110 1.0000000000
67429  -27.190  2.559  -13.385 0.7777777910
99725  -29.607  3.295  -11.992 0.5555555820
99739  -28.309  3.411  -12.855 0.7777777910
99732  -28.941  3.466  -12.358 0.6666666865
68266  -22.740  3.417  -9.812 0.6666666865
67420  -23.068  2.549  -10.368 0.7777777910
68277  -23.230  3.351  -10.744 0.7777777910
67421  -23.724  2.502  -11.106 0.8888888955
68278  -24.089  3.258  -11.569 1.0000000000
68279  -24.810  2.998  -12.118 1.0000000000
68283  -25.340  3.424  -12.597 1.0000000000
68288  -26.746  3.673  -13.355 0.8888888955
68285  -27.483  3.546  -13.274 0.8888888955
69123  -26.409  4.272  -13.278 0.8888888955
99752  -27.231  4.548  -13.348 0.7777777910
99746  -27.770  4.346  -12.948 0.7777777910
99740  -28.401  4.145  -12.431 0.7777777910
99733  -29.080  3.986  -12.004 0.6666666865
69110  -24.135  3.934  -11.789 1.0000000000
68282  -24.581  3.578  -12.108 1.0000000000
69122  -25.538  4.575  -12.915 1.0000000000
68284  -26.164  3.592  -13.149 0.8888888955
99753  -27.394  5.361  -13.302 0.7777777910
99741  -28.613  4.721  -12.159 0.6666666865
69915  -29.146  4.919  -11.805 0.5555555820
69081  -22.817  4.460  -9.418 0.6666666865
69096  -22.850  4.288  -10.325 0.8888888955
69120  -23.873  4.455  -11.694 1.0000000000
69912  -23.945  4.827  -11.913 1.0000000000
99764  -25.377  5.667  -13.007 0.8888888955
69914  -26.461  5.363  -13.521 0.8888888955
70621  -27.596  6.151  -13.062 0.7777777910
71346  -27.870  6.947  -12.485 0.7777777910
70623  -28.527  5.456  -12.101 0.5555555820
71362  -27.116  7.500  -13.803 0.7777777910
70606  -28.350  6.562  -12.016 0.5555555820
70608  -30.146  6.282  -11.384 0.5555555820
69883  -22.583  5.275  -9.855 0.7777777910
69896  -23.275  5.181  -11.133 1.0000000000
69897  -23.553  5.881  -11.611 1.0000000000
69913  -24.318  5.424  -12.254 0.8888888955
99770  -24.768  6.469  -12.696 0.8888888955
99771  -25.578  6.498  -13.416 0.8888888955
99765  -26.267  6.754  -13.816 0.8888888955
71345  -27.532  7.273  -13.028 0.6666666865
99790  -21.799  7.782  -9.644 0.6666666865
99785  -22.180  7.232  -10.109 0.7777777910
99774  -23.760  6.542  -11.893 0.8888888955
99781  -22.984  7.511  -10.995 0.7777777910
99775  -24.239  7.578  -12.400 0.7777777910
99776  -25.037  7.065  -13.103 0.8888888955
71360  -25.418  7.710  -13.630 0.7777777910
71361  -26.568  7.615  -14.022 0.6666666865
72830  -25.710  9.601  -13.860 0.6666666865
72106  -27.063  8.496  -13.852 0.6666666865
73563  -27.016  10.182  -13.711 0.6666666865
72816  -27.385  9.443  -13.236 0.5555555820
72077  -27.921  8.339  -12.370 0.5555555820
71329  -28.174  7.212  -12.093 0.4444444478
72800  -27.687  8.897  -12.729 0.5555555820
72814  -23.933  10.014  -11.943 0.6666666865
72092  -24.544  8.726  -12.774 0.6666666865
72091  -24.159  9.379  -12.284 0.6666666865
72104  -25.298  8.901  -13.645 0.6666666865
73561  -26.055  10.016  -13.972 0.6666666865
73551  -26.515  10.873  -13.495 0.6666666865
73552  -27.237  10.546  -13.141 0.6666666865
72801  -27.886  9.416  -12.170 0.5555555820
72817  -27.502  9.937  -12.757 0.6666666865
73497  -22.783  10.845  -9.242 0.5555555820
72799  -23.388  10.107  -11.068 0.6666666865
72815  -24.831  9.771  -12.979 0.6666666865
73550  -25.617  10.694  -13.403 0.6666666865
73533  -27.300  11.245  -12.498 0.6666666865
73534  -28.111  10.663  -11.491 0.5555555820
73535  -28.768  10.194  -11.135 0.6666666865
74303  -23.365  11.159  -10.934 0.6666666865
73531  -23.624  10.798  -11.408 0.6666666865
73549  -24.472  11.006  -12.286 0.6666666865
73532  -26.717  11.423  -13.050 0.6666666865
61280  -24.192  -4.959  -9.664 0.8888888955
62030  -22.991  -4.310  -8.750 1.0000000000
99319  -24.565  -3.295  -10.345 1.0000000000
62820  -26.345  -3.429  -11.274 1.0000000000
66616  -22.872  1.522  -9.288 0.5555555820
67436  -26.673  3.116  -13.371 0.8888888955
99759  -27.081  6.569  -13.721 0.8888888955
71328  -27.755  7.806  -12.637 0.6666666865
73530  -23.181  10.702  -10.631 0.6666666865
74293  -23.132  11.337  -10.341 0.6666666865
67399  -22.842  2.341  -8.827 0.4444444478
99296  -23.547  -7.642  -8.361 0.5555555820
99283  -23.221  -6.832  -8.394 0.6666666865
99297  -23.788  -6.622  -8.861 0.5555555820
99293  -24.569  -6.751  -9.242 0.5555555820
61282  -25.995  -5.454  -10.178 0.7777777910
62834  -27.208  -2.909  -11.699 0.8888888955
63619  -27.657  -2.529  -11.794 1.0000000000
64364  -28.087  -1.654  -12.050 0.8888888955
65097  -28.332  -0.776  -11.814 0.6666666865
65870  -28.370  0.426  -12.144 0.7777777910
65871  -28.995  0.869  -11.861 0.6666666865
66651  -29.154  1.817  -12.349 0.5555555820
99644  -29.984  3.648  -11.718 0.5555555820
99726  -29.860  4.141  -11.704 0.5555555820
74275  -22.913  11.387  -9.474 0.6666666865
74304  -23.712  11.761  -11.196 0.6666666865
74319  -25.037  11.856  -12.652 0.6666666865
74320  -25.832  11.919  -12.969 0.6666666865
74305  -26.550  12.306  -12.646 0.6666666865
74306  -27.437  12.084  -12.028 0.6666666865
73514  -28.594  11.163  -10.964 0.6666666865
74294  -23.191  12.098  -9.961 0.5555555820
99313  -25.081  -3.805  -10.484 1.0000000000
62039  -23.680  -4.331  -9.457 1.0000000000
99307  -25.733  -4.242  -10.646 1.0000000000
99306  -25.876  -4.894  -10.455 0.8888888955
62029  -22.431  -4.345  -8.090 0.8888888955
99311  -25.407  -4.943  -10.328 0.8888888955
62821  -27.384  -3.507  -11.370 1.0000000000
64344  -23.431  -1.729  -9.637 1.0000000000
63617  -26.254  -1.931  -11.675 1.0000000000
64362  -26.488  -1.440  -12.022 1.0000000000
65096  -27.790  -0.616  -12.281 0.8888888955
66650  -28.544  1.581  -12.691 0.7777777910
66633  -23.921  1.053  -10.705 0.8888888955
66641  -25.186  1.488  -12.059 1.0000000000
66647  -25.959  1.516  -12.744 1.0000000000
99724  -30.147  2.541  -11.469 0.5555555820
67437  -27.058  3.296  -13.457 0.7777777910
99747  -28.042  5.210  -12.646 0.7777777910
69109  -23.577  4.082  -11.195 0.8888888955
69121  -24.528  4.308  -12.239 1.0000000000
69898  -29.958  5.215  -11.507 0.5555555820
70607  -28.898  6.132  -11.694 0.6666666865
70605  -22.490  6.117  -10.113 0.7777777910
99780  -23.036  6.412  -10.953 0.7777777910
99638  -22.376  7.625  -10.389 0.6666666865
70595  -22.528  6.002  -9.532 0.7777777910
72105  -26.090  8.636  -14.138 0.6666666865
73562  -26.464  10.167  -13.891 0.6666666865
72832  -26.942  9.569  -13.887 0.6666666865
72093  -27.558  8.383  -13.029 0.5555555820
73553  -27.549  10.345  -12.381 0.6666666865
73513  -22.856  10.779  -9.839 0.6666666865
99282  -22.932  -7.556  -8.035 0.5555555820
63620  -28.236  -2.308  -11.615 0.7777777910
74307  -28.160  11.888  -11.270 0.6666666865
58806  -23.760  -8.415  -8.193 0.4444444478
58820  -24.283  -7.632  -8.674 0.4444444478
99276  -25.719  -8.038  -8.694 0.4444444478
99278  -25.586  -6.965  -9.342 0.4444444478
60515  -25.063  -6.347  -9.558 0.4444444478
60516  -25.781  -6.224  -9.691 0.4444444478
63593  -28.405  -3.032  -10.616 0.6666666865
63605  -28.178  -3.040  -11.291 0.6666666865
65090  -28.747  -0.752  -11.081 0.5555555820
66643  -29.488  1.504  -11.661 0.5555555820
74318  -24.437  12.017  -11.998 0.5555555820
75103  -24.677  12.679  -12.144 0.5555555820
75104  -25.205  12.493  -12.512 0.5555555820
75089  -26.593  13.311  -12.218 0.5555555820
75077  -28.338  12.786  -11.028 0.5555555820
63606  -28.506  -2.401  -11.033 0.6666666865
75088  -25.210  13.357  -12.196 0.5555555820
75086  -23.721  12.791  -10.693 0.5555555820
75087  -24.157  13.322  -11.505 0.5555555820
75090  -27.587  12.978  -11.681 0.5555555820
75076  -24.277  13.986  -11.246 0.5555555820
65860  -28.570  -0.177  -11.556 0.5555555820
58807  -24.879  -8.656  -8.310 0.4444444478
99277  -25.288  -7.620  -9.004 0.4444444478
99292  -25.244  -8.172  -8.662 0.4444444478
64357  -28.456  -1.637  -11.446 0.5555555820
75102  -24.123  12.581  -11.559 0.4444444478
75075  -23.982  13.658  -10.361 0.4444444478
75895  -28.491  13.860  -11.040 0.4444444478
75906  -27.780  13.615  -11.415 0.4444444478
75896  -29.474  13.761  -10.477 0.4444444478
63604  -26.479  -2.852  -11.532 1.0000000000
99661  -29.225  3.553  -12.134 0.6666666865
68289  -27.079  3.658  -13.399 0.8888888955
69126  -26.930  4.168  -13.396 0.7777777910
70622  -28.078  6.361  -12.373 0.5555555820
99789  -21.797  7.507  -9.314 0.6666666865
99787  -21.883  7.579  -8.738 0.5555555820
72831  -26.424  9.434  -14.064 0.6666666865
72761  -22.760  10.544  -9.098 0.5555555820
74258  -22.827  11.245  -8.997 0.4444444478
75892  -24.181  14.207  -10.669 0.4444444478
