#!ascii label  , from subject sub-01 vox2ras=TkReg
290
14096  -34.832  -58.818  -5.870 0.0000000000
13452  -29.527  -59.811  -12.523 0.0000000000
14868  -30.144  -56.554  -4.690 0.0000000000
13411  -31.858  -59.683  -9.025 0.0000000000
16613  -29.808  -55.381  -9.506 0.0000000000
16535  -35.743  -55.654  -3.014 0.0000000000
18222  -30.798  -53.540  -1.226 0.0000000000
19890  -31.862  -51.478  1.928 0.0000000000
17402  -29.417  -54.557  -4.712 0.0000000000
15743  -29.460  -56.550  -7.056 0.0000000000
18280  -30.175  -53.521  -6.280 0.0000000000
16519  -33.538  -54.931  -2.056 0.0000000000
18225  -33.788  -53.249  -0.535 0.0000000000
22603  -30.896  -48.579  2.187 0.0000000000
20779  -30.961  -50.250  1.029 0.0000000000
12578  -34.386  -61.550  -6.947 0.0000000000
14174  -31.315  -59.012  -11.194 0.0000000000
10988  -31.061  -62.588  -11.142 0.0000000000
11786  -29.350  -62.116  -11.601 0.0000000000
14892  -32.173  -58.068  -5.299 0.0000000000
13378  -32.824  -59.730  -6.970 0.0000000000
14928  -30.501  -57.344  -9.015 0.0000000000
14958  -31.610  -57.401  -11.456 0.0000000000
15684  -32.283  -56.512  -3.254 0.0000000000
16516  -30.170  -55.229  -2.504 0.0000000000
19061  -29.968  -52.762  -2.317 0.0000000000
18195  -33.435  -53.189  1.113 0.0000000000
19910  -31.607  -51.517  0.369 0.0000000000
19920  -30.365  -51.767  -1.092 0.0000000000
21716  -31.220  -50.199  -2.426 0.0000000000
11752  -32.606  -61.697  -8.658 0.0000000000
16639  -28.155  -55.474  -12.528 0.0000000000
14188  -27.723  -58.194  -11.522 0.0000000000
14141  -26.797  -58.998  -9.083 0.0000000000
19089  -29.984  -53.128  -3.991 0.0000000000
18266  -29.663  -53.844  -5.569 0.0000000000
12564  -34.707  -60.861  -6.719 0.0000000000
14173  -30.899  -59.283  -11.813 0.0000000000
12640  -30.145  -60.932  -12.010 0.0000000000
12639  -29.485  -60.659  -12.160 0.0000000000
12603  -29.062  -61.661  -11.282 0.0000000000
12619  -28.899  -60.412  -11.845 0.0000000000
14870  -31.788  -57.277  -4.635 0.0000000000
14891  -30.848  -57.620  -5.502 0.0000000000
16588  -29.334  -55.735  -7.546 0.0000000000
15753  -29.651  -56.580  -8.294 0.0000000000
15766  -30.115  -56.386  -9.652 0.0000000000
14945  -31.333  -57.637  -10.218 0.0000000000
15783  -30.729  -56.276  -10.738 0.0000000000
14854  -33.886  -56.993  -4.025 0.0000000000
15668  -34.037  -55.587  -2.774 0.0000000000
17367  -32.307  -54.061  -1.304 0.0000000000
16518  -32.332  -55.414  -2.040 0.0000000000
16500  -30.756  -54.926  -1.793 0.0000000000
17376  -29.829  -54.341  -2.375 0.0000000000
18221  -30.049  -53.500  -1.849 0.0000000000
19020  -32.505  -52.177  1.709 0.0000000000
19028  -32.544  -51.767  0.740 0.0000000000
19899  -31.943  -51.359  1.231 0.0000000000
22644  -31.019  -49.049  -0.114 0.0000000000
20790  -30.702  -50.573  -0.143 0.0000000000
21689  -30.906  -49.533  -0.771 0.0000000000
20801  -30.542  -50.676  -1.368 0.0000000000
13394  -32.109  -59.667  -7.702 0.0000000000
12593  -33.064  -60.960  -8.205 0.0000000000
12605  -32.512  -60.974  -8.917 0.0000000000
10226  -30.715  -64.105  -10.363 0.0000000000
17474  -28.199  -54.441  -11.778 0.0000000000
15799  -27.982  -56.618  -12.417 0.0000000000
14155  -27.048  -58.560  -9.631 0.0000000000
16550  -29.494  -55.483  -4.723 0.0000000000
15731  -29.454  -56.242  -5.941 0.0000000000
16564  -29.358  -55.471  -5.581 0.0000000000
17425  -29.328  -54.940  -6.813 0.0000000000
18289  -29.614  -54.389  -7.292 0.0000000000
16520  -34.739  -54.954  -2.234 0.0000000000
17368  -33.498  -53.952  -1.287 0.0000000000
18224  -32.899  -53.248  -0.859 0.0000000000
20770  -30.875  -50.296  1.970 0.0000000000
19889  -31.332  -50.918  1.553 0.0000000000
21665  -30.887  -49.419  1.575 0.0000000000
22612  -31.215  -48.454  1.196 0.0000000000
22628  -31.478  -48.120  0.440 0.0000000000
13422  -31.596  -59.738  -10.188 0.0000000000
11770  -31.824  -61.366  -10.145 0.0000000000
12621  -30.833  -61.053  -11.408 0.0000000000
10987  -30.302  -63.015  -11.702 0.0000000000
10225  -29.268  -63.814  -10.754 0.0000000000
10969  -28.774  -62.724  -9.968 0.0000000000
10955  -28.344  -62.408  -9.415 0.0000000000
11750  -27.289  -61.486  -8.853 0.0000000000
14893  -33.427  -58.159  -5.345 0.0000000000
14114  -33.335  -59.280  -6.415 0.0000000000
14130  -31.653  -59.263  -7.428 0.0000000000
14129  -31.269  -59.150  -8.016 0.0000000000
14906  -29.886  -57.229  -6.329 0.0000000000
14917  -30.777  -58.257  -8.158 0.0000000000
14142  -31.235  -58.826  -9.020 0.0000000000
14946  -31.597  -58.311  -10.618 0.0000000000
14959  -31.689  -58.041  -11.160 0.0000000000
14974  -31.297  -57.755  -12.245 0.0000000000
14872  -34.266  -57.650  -4.829 0.0000000000
14853  -32.654  -56.988  -3.935 0.0000000000
14852  -31.583  -56.782  -3.911 0.0000000000
15667  -32.943  -55.943  -2.575 0.0000000000
15666  -31.806  -56.084  -2.627 0.0000000000
16533  -30.203  -55.828  -3.271 0.0000000000
16515  -29.682  -54.843  -2.943 0.0000000000
18244  -29.706  -53.614  -3.796 0.0000000000
19074  -30.033  -52.707  -3.309 0.0000000000
19030  -33.779  -52.649  0.326 0.0000000000
19044  -33.010  -52.122  0.128 0.0000000000
18209  -31.372  -52.753  -0.671 0.0000000000
19898  -31.171  -50.987  0.696 0.0000000000
19909  -30.884  -51.372  -0.087 0.0000000000
19054  -30.534  -52.719  -1.109 0.0000000000
19930  -30.146  -52.160  -1.849 0.0000000000
19944  -30.140  -52.154  -2.520 0.0000000000
13396  -33.816  -60.427  -7.088 0.0000000000
11753  -33.205  -61.864  -8.023 0.0000000000
10971  -31.617  -62.435  -10.124 0.0000000000
10211  -31.577  -63.808  -8.977 0.0000000000
15800  -31.239  -56.172  -11.457 0.0000000000
14988  -31.006  -57.281  -12.858 0.0000000000
14206  -29.840  -58.231  -13.231 0.0000000000
14986  -29.292  -57.416  -13.434 0.0000000000
14205  -28.899  -58.243  -13.190 0.0000000000
13435  -28.366  -59.518  -11.201 0.0000000000
13409  -28.112  -60.174  -9.241 0.0000000000
19090  -30.391  -52.726  -4.257 0.0000000000
18256  -30.358  -53.121  -4.810 0.0000000000
13380  -35.356  -59.948  -6.174 0.0000000000
14115  -34.436  -59.314  -6.202 0.0000000000
14191  -30.560  -58.974  -12.389 0.0000000000
13453  -30.074  -60.092  -12.291 0.0000000000
12638  -29.147  -60.163  -12.295 0.0000000000
14869  -30.639  -56.724  -4.437 0.0000000000
14890  -29.990  -56.706  -5.199 0.0000000000
16598  -29.510  -55.642  -8.638 0.0000000000
15670  -36.640  -55.907  -2.792 0.0000000000
15686  -34.757  -55.930  -3.520 0.0000000000
15669  -34.690  -55.414  -2.862 0.0000000000
17366  -31.238  -54.245  -1.384 0.0000000000
17365  -30.295  -54.308  -1.786 0.0000000000
19882  -31.030  -51.333  2.250 0.0000000000
19883  -31.668  -51.709  2.130 0.0000000000
19012  -32.001  -51.849  2.110 0.0000000000
21690  -31.341  -48.933  -1.066 0.0000000000
12592  -32.436  -60.427  -8.751 0.0000000000
15798  -27.580  -56.678  -11.429 0.0000000000
14943  -26.910  -57.586  -10.028 0.0000000000
16565  -29.435  -55.594  -5.228 0.0000000000
17401  -29.325  -54.894  -5.080 0.0000000000
17413  -29.372  -54.597  -5.837 0.0000000000
18279  -29.647  -54.144  -6.510 0.0000000000
21657  -30.509  -49.462  2.576 0.0000000000
10941  -33.626  -62.623  -6.988 0.0000000000
12622  -31.533  -60.706  -10.558 0.0000000000
13437  -31.162  -60.040  -10.984 0.0000000000
11806  -29.711  -61.744  -11.983 0.0000000000
11807  -30.265  -61.930  -11.892 0.0000000000
11005  -29.762  -62.507  -11.879 0.0000000000
10986  -29.483  -63.031  -11.330 0.0000000000
10970  -29.038  -63.168  -10.618 0.0000000000
12602  -28.854  -60.913  -10.734 0.0000000000
11768  -28.756  -61.735  -9.779 0.0000000000
11751  -28.164  -61.549  -9.060 0.0000000000
12591  -28.454  -60.768  -9.483 0.0000000000
14094  -32.735  -58.682  -5.970 0.0000000000
14112  -31.259  -58.794  -7.220 0.0000000000
14916  -29.983  -57.439  -7.638 0.0000000000
14929  -31.010  -58.069  -9.239 0.0000000000
14156  -31.276  -58.312  -9.631 0.0000000000
15784  -31.390  -56.769  -11.073 0.0000000000
14192  -31.373  -58.300  -11.762 0.0000000000
15685  -33.434  -56.354  -3.338 0.0000000000
16517  -31.223  -55.560  -2.108 0.0000000000
15665  -30.807  -56.032  -2.836 0.0000000000
16532  -29.676  -55.350  -3.688 0.0000000000
18233  -29.735  -53.539  -2.813 0.0000000000
19043  -32.016  -52.057  -0.041 0.0000000000
18210  -32.422  -52.670  -0.437 0.0000000000
19042  -31.021  -52.049  -0.385 0.0000000000
19053  -30.194  -52.529  -1.633 0.0000000000
20812  -30.779  -50.739  -2.397 0.0000000000
19931  -30.311  -51.517  -2.042 0.0000000000
19945  -30.510  -51.662  -3.097 0.0000000000
13379  -34.012  -60.025  -6.753 0.0000000000
13395  -33.187  -60.240  -7.362 0.0000000000
12594  -33.550  -61.395  -7.767 0.0000000000
10958  -33.236  -62.468  -7.658 0.0000000000
10957  -32.480  -62.751  -8.413 0.0000000000
9465  -30.270  -64.826  -10.056 0.0000000000
9466  -31.007  -64.254  -9.770 0.0000000000
16630  -30.712  -55.238  -11.011 0.0000000000
16641  -31.211  -55.469  -11.855 0.0000000000
15813  -30.828  -56.671  -13.131 0.0000000000
14987  -30.291  -57.365  -13.286 0.0000000000
14972  -27.849  -57.556  -11.990 0.0000000000
14973  -28.396  -57.519  -12.920 0.0000000000
14189  -28.261  -58.633  -12.312 0.0000000000
14172  -27.927  -58.729  -11.343 0.0000000000
13408  -27.514  -59.581  -9.117 0.0000000000
13420  -27.852  -59.082  -10.181 0.0000000000
18255  -29.897  -53.441  -4.644 0.0000000000
18267  -30.282  -53.310  -5.368 0.0000000000
23547  -30.994  -47.611  2.699 0.0000000000
13436  -30.664  -59.891  -11.728 0.0000000000
12620  -29.107  -61.314  -11.754 0.0000000000
14907  -30.657  -58.010  -6.839 0.0000000000
14944  -30.722  -57.041  -9.810 0.0000000000
15767  -30.877  -56.827  -10.322 0.0000000000
16502  -32.686  -54.642  -1.677 0.0000000000
16501  -31.742  -54.875  -1.640 0.0000000000
17377  -30.070  -54.705  -2.133 0.0000000000
17364  -29.958  -54.080  -1.951 0.0000000000
18188  -32.169  -53.214  1.715 0.0000000000
19021  -33.114  -52.673  1.343 0.0000000000
19029  -33.361  -52.414  0.790 0.0000000000
21676  -30.909  -49.433  0.446 0.0000000000
21703  -31.019  -49.976  -1.884 0.0000000000
13412  -32.595  -60.265  -8.105 0.0000000000
10243  -30.926  -63.328  -10.775 0.0000000000
16628  -27.880  -55.232  -11.527 0.0000000000
16638  -27.768  -55.947  -11.769 0.0000000000
15702  -29.911  -56.188  -4.455 0.0000000000
15718  -29.560  -56.032  -5.170 0.0000000000
15730  -29.387  -55.817  -5.771 0.0000000000
16577  -29.327  -55.700  -5.982 0.0000000000
17424  -29.271  -55.231  -6.027 0.0000000000
16578  -29.309  -55.737  -6.563 0.0000000000
17434  -29.420  -54.924  -7.865 0.0000000000
16534  -35.191  -55.322  -2.779 0.0000000000
17378  -34.366  -54.315  -1.576 0.0000000000
18223  -31.807  -53.429  -0.962 0.0000000000
22627  -31.183  -48.728  0.305 0.0000000000
22645  -31.403  -48.559  -0.421 0.0000000000
14143  -31.470  -59.177  -9.303 0.0000000000
12604  -32.032  -60.567  -9.561 0.0000000000
11788  -31.364  -61.722  -10.909 0.0000000000
10241  -29.772  -63.882  -11.010 0.0000000000
11769  -29.066  -62.209  -10.774 0.0000000000
10208  -27.393  -63.249  -9.357 0.0000000000
10954  -27.689  -62.385  -9.132 0.0000000000
10953  -26.801  -62.555  -9.160 0.0000000000
14095  -33.881  -58.745  -5.862 0.0000000000
14113  -32.178  -59.238  -6.835 0.0000000000
13377  -32.335  -59.587  -7.146 0.0000000000
13393  -31.536  -59.374  -8.582 0.0000000000
14157  -31.512  -58.787  -9.913 0.0000000000
14894  -34.559  -58.255  -5.482 0.0000000000
14871  -33.017  -57.541  -4.662 0.0000000000
15683  -31.304  -56.475  -3.317 0.0000000000
15682  -30.581  -56.315  -3.645 0.0000000000
15703  -30.272  -56.324  -4.083 0.0000000000
15681  -30.082  -56.028  -3.812 0.0000000000
17389  -29.575  -54.369  -3.368 0.0000000000
19045  -33.582  -52.451  0.190 0.0000000000
18211  -33.354  -52.657  -0.280 0.0000000000
12563  -34.141  -60.553  -6.980 0.0000000000
12577  -33.852  -60.914  -7.408 0.0000000000
12576  -33.186  -60.566  -7.765 0.0000000000
11734  -33.890  -61.897  -7.456 0.0000000000
11771  -32.137  -61.516  -9.408 0.0000000000
10972  -32.088  -62.255  -9.124 0.0000000000
10227  -31.309  -63.541  -9.905 0.0000000000
10956  -31.772  -62.965  -9.265 0.0000000000
19118  -30.889  -53.114  -5.876 0.0000000000
18290  -29.971  -53.759  -7.232 0.0000000000
18306  -29.731  -54.199  -8.039 0.0000000000
17448  -29.625  -54.766  -8.813 0.0000000000
16629  -30.309  -55.517  -10.389 0.0000000000
16640  -30.833  -55.742  -11.126 0.0000000000
15801  -31.442  -56.614  -12.264 0.0000000000
14207  -30.620  -57.920  -12.854 0.0000000000
15811  -28.726  -56.363  -13.310 0.0000000000
14190  -29.234  -59.104  -13.036 0.0000000000
13451  -28.827  -59.656  -12.309 0.0000000000
13421  -28.345  -59.918  -9.897 0.0000000000
12590  -27.803  -60.635  -8.896 0.0000000000
10210  -28.423  -63.008  -9.684 0.0000000000
11006  -29.988  -62.380  -12.083 0.0000000000
13410  -31.501  -59.283  -9.024 0.0000000000
14851  -30.988  -56.616  -3.818 0.0000000000
14975  -31.594  -57.838  -11.675 0.0000000000
15717  -29.436  -55.837  -5.531 0.0000000000
16499  -30.263  -54.832  -2.009 0.0000000000
16549  -29.338  -55.159  -5.119 0.0000000000
17412  -29.289  -54.980  -5.387 0.0000000000
19919  -30.215  -52.171  -1.532 0.0000000000
