#!ascii label  , from subject sub-01 vox2ras=TkReg
1323
9441  -24.834  -66.172  -9.276 0.1000000015
9458  -23.985  -65.223  -9.736 0.1000000015
9457  -23.032  -64.854  -9.686 0.1000000015
9483  -22.401  -64.521  -10.681 0.1000000015
9507  -22.171  -64.472  -11.871 0.1000000015
8731  -21.844  -65.794  -13.186 0.1000000015
9520  -22.275  -64.984  -13.099 0.1000000015
9531  -23.550  -65.088  -13.571 0.1000000015
9530  -23.067  -65.531  -13.491 0.1000000015
8740  -23.684  -66.010  -13.738 0.1000000015
7970  -23.717  -66.993  -13.764 0.1000000015
8741  -24.214  -65.631  -14.117 0.1000000015
8776  -24.357  -64.688  -15.237 0.1000000015
7971  -24.128  -66.452  -14.072 0.1000000015
8000  -23.974  -65.971  -14.750 0.1000000015
7987  -24.116  -66.277  -14.453 0.1000000015
8689  -25.737  -66.121  -10.089 0.1000000015
8669  -25.236  -66.236  -9.917 0.1000000015
9459  -24.768  -65.390  -9.957 0.1000000015
9484  -23.436  -64.378  -10.532 0.1000000015
9485  -24.145  -64.466  -10.181 0.1000000015
9508  -23.144  -64.122  -11.498 0.1000000015
10238  -23.573  -63.692  -11.320 0.1000000015
9521  -23.595  -64.174  -12.645 0.1000000015
11841  -22.154  -61.503  -14.149 0.1000000015
11842  -22.696  -61.530  -15.169 0.1000000015
11052  -23.472  -62.517  -15.627 0.1000000015
11045  -23.219  -62.363  -14.305 0.1000000015
10303  -24.140  -63.691  -15.307 0.1000000015
10304  -24.437  -64.122  -15.093 0.1000000015
9543  -24.536  -64.470  -14.957 0.1000000015
9533  -24.528  -64.707  -14.563 0.1000000015
8758  -24.512  -65.021  -14.900 0.1000000015
8757  -24.288  -65.585  -14.658 0.1000000015
9463  -28.150  -65.182  -10.108 0.1000000015
10222  -26.748  -64.024  -9.545 0.2000000030
9461  -26.241  -65.302  -9.974 0.2000000030
8690  -26.579  -66.197  -9.954 0.1000000015
10221  -25.830  -64.147  -9.752 0.1000000015
10220  -25.005  -64.105  -9.956 0.1000000015
9460  -25.446  -65.293  -10.003 0.1000000015
14138  -21.466  -58.627  -8.284 0.1000000015
13403  -21.335  -59.141  -9.079 0.1000000015
9486  -24.560  -64.447  -10.076 0.1000000015
14152  -21.304  -58.629  -9.616 0.1000000015
13418  -21.287  -59.504  -9.883 0.1000000015
12637  -21.430  -60.487  -11.272 0.1000000015
12618  -21.610  -60.771  -10.388 0.1000000015
11820  -21.718  -61.299  -12.005 0.1000000015
10239  -23.877  -63.452  -10.819 0.1000000015
10259  -23.592  -63.639  -11.965 0.1000000015
12617  -21.335  -60.087  -10.498 0.1000000015
11833  -21.822  -61.464  -13.044 0.1000000015
11022  -22.277  -61.730  -12.321 0.1000000015
11023  -23.055  -62.074  -12.454 0.1000000015
11037  -23.138  -62.322  -13.215 0.1000000015
10276  -23.853  -63.512  -12.315 0.1000000015
9522  -24.257  -63.878  -13.178 0.1000000015
12653  -21.566  -60.522  -12.451 0.1000000015
11044  -22.468  -61.926  -13.558 0.1000000015
11038  -23.881  -62.818  -13.431 0.1000000015
10290  -24.419  -63.712  -14.466 0.1000000015
11046  -24.103  -63.026  -14.132 0.1000000015
10283  -24.311  -63.524  -13.613 0.1000000015
9532  -24.376  -64.486  -13.864 0.1000000015
10223  -27.699  -64.195  -9.639 0.2000000030
10225  -29.268  -63.814  -10.754 0.2000000030
9464  -29.276  -64.796  -10.381 0.2000000030
10208  -27.393  -63.249  -9.357 0.1000000015
10968  -26.176  -63.144  -9.506 0.1000000015
14901  -21.758  -57.128  -6.322 0.1000000015
14913  -21.465  -57.637  -7.456 0.1000000015
10240  -24.405  -63.663  -10.268 0.1000000015
10985  -24.185  -62.810  -10.575 0.1000000015
12599  -21.407  -60.195  -9.928 0.1000000015
12600  -21.780  -60.546  -9.654 0.1000000015
11763  -21.910  -60.955  -10.016 0.1000000015
11804  -21.994  -61.499  -11.129 0.1000000015
11002  -22.151  -61.613  -11.781 0.1000000015
10983  -23.006  -61.849  -11.157 0.1000000015
11004  -23.540  -62.290  -11.952 0.1000000015
10277  -24.032  -63.343  -12.793 0.1000000015
11751  -28.164  -61.549  -9.060 0.1000000015
11768  -28.756  -61.735  -9.779 0.1000000015
10955  -28.344  -62.408  -9.415 0.1000000015
10969  -28.774  -62.724  -9.968 0.2000000030
10970  -29.038  -63.168  -10.618 0.2000000030
10209  -28.045  -63.176  -9.448 0.2000000030
10241  -29.772  -63.882  -11.010 0.2000000030
10953  -26.801  -62.555  -9.160 0.1000000015
10952  -25.986  -62.288  -9.228 0.1000000015
10967  -25.448  -62.843  -9.718 0.1000000015
14107  -21.862  -58.089  -6.821 0.1000000015
14125  -22.116  -58.572  -7.093 0.1000000015
13389  -22.467  -59.064  -7.458 0.1000000015
12572  -22.522  -59.638  -8.030 0.1000000015
10966  -24.668  -62.778  -10.089 0.1000000015
15740  -21.414  -56.540  -6.921 0.1000000015
15712  -21.955  -56.372  -5.579 0.1000000015
13388  -21.828  -59.133  -7.908 0.1000000015
12601  -22.184  -60.537  -9.247 0.1000000015
11745  -22.518  -60.658  -9.200 0.1000000015
11784  -22.817  -61.679  -10.634 0.1000000015
11765  -23.449  -61.579  -9.885 0.1000000015
10965  -24.026  -62.157  -10.365 0.1000000015
16574  -21.409  -55.791  -6.520 0.1000000015
10984  -23.631  -62.257  -11.103 0.1000000015
10260  -23.797  -63.062  -11.875 0.1000000015
17421  -21.471  -54.867  -6.569 0.1000000015
17431  -21.544  -54.807  -7.653 0.1000000015
18275  -21.874  -53.720  -6.331 0.1000000015
13409  -28.112  -60.174  -9.241 0.1000000015
12591  -28.454  -60.768  -9.483 0.1000000015
13408  -27.514  -59.581  -9.117 0.1000000015
12589  -26.860  -60.455  -8.638 0.1000000015
12602  -28.854  -60.913  -10.734 0.1000000015
11769  -29.066  -62.209  -10.774 0.1000000015
11750  -27.289  -61.486  -8.853 0.1000000015
10986  -29.483  -63.031  -11.330 0.2000000030
13407  -26.481  -59.427  -8.659 0.1000000015
11749  -26.294  -61.420  -8.808 0.1000000015
16545  -22.870  -55.214  -4.578 0.1000000015
15698  -22.495  -55.897  -4.995 0.1000000015
15713  -22.688  -56.607  -5.288 0.1000000015
14887  -22.286  -57.187  -5.814 0.1000000015
14902  -22.188  -57.784  -6.321 0.1000000015
14108  -22.530  -58.451  -6.779 0.1000000015
13375  -22.631  -58.755  -7.107 0.1000000015
12588  -25.596  -60.175  -8.366 0.1000000015
12573  -23.030  -59.740  -7.974 0.1000000015
12574  -23.872  -59.771  -8.044 0.1000000015
12586  -23.485  -60.382  -8.554 0.1000000015
11766  -24.404  -61.875  -9.746 0.1000000015
11748  -25.152  -61.568  -9.086 0.1000000015
11767  -24.938  -62.238  -9.682 0.1000000015
17397  -22.662  -54.191  -4.350 0.1000000015
12585  -22.471  -60.170  -8.617 0.1000000015
11747  -24.021  -61.103  -9.179 0.1000000015
16544  -22.111  -55.172  -5.001 0.1000000015
16561  -21.576  -55.507  -5.811 0.1000000015
17396  -22.115  -54.387  -4.865 0.1000000015
17409  -21.789  -54.432  -5.502 0.1000000015
18263  -21.951  -53.666  -5.488 0.1000000015
18276  -22.093  -53.154  -6.839 0.1000000015
14141  -26.797  -58.998  -9.083 0.1000000015
13421  -28.345  -59.918  -9.897 0.1000000015
12603  -29.062  -61.661  -11.282 0.1000000015
14140  -26.221  -58.363  -8.958 0.1000000015
11786  -29.350  -62.116  -11.601 0.1000000015
13406  -25.744  -59.031  -8.418 0.1000000015
15699  -23.148  -55.986  -4.853 0.1000000015
14888  -23.078  -57.335  -5.663 0.1000000015
14092  -23.217  -57.814  -6.079 0.1000000015
12575  -24.623  -59.729  -8.093 0.1000000015
11806  -29.711  -61.744  -11.983 0.1000000015
13376  -22.910  -58.778  -7.049 0.1000000015
13391  -24.180  -59.168  -7.687 0.1000000015
19084  -22.176  -53.154  -4.910 0.1000000015
19102  -22.243  -52.719  -5.217 0.1000000015
19113  -22.045  -53.213  -5.683 0.1000000015
19114  -22.226  -52.730  -6.261 0.1000000015
14154  -26.573  -57.990  -9.503 0.1000000015
14155  -27.048  -58.560  -9.631 0.1000000015
14942  -26.356  -57.401  -9.261 0.1000000015
14171  -27.488  -58.386  -10.681 0.1000000015
13434  -27.925  -58.898  -10.853 0.1000000015
12619  -28.899  -60.412  -11.845 0.1000000015
13392  -24.957  -58.980  -7.974 0.1000000015
14139  -25.448  -58.177  -8.269 0.1000000015
13435  -28.366  -59.518  -11.201 0.1000000015
16546  -23.662  -55.309  -4.539 0.1000000015
15700  -23.902  -55.980  -4.991 0.1000000015
15714  -23.469  -56.609  -5.308 0.1000000015
14904  -24.125  -57.388  -6.257 0.1000000015
14110  -24.426  -57.882  -6.903 0.1000000015
14127  -24.300  -58.520  -7.357 0.1000000015
14128  -24.866  -57.961  -7.584 0.1000000015
12620  -29.107  -61.314  -11.754 0.1000000015
17398  -23.415  -54.545  -4.181 0.1000000015
14109  -23.524  -58.282  -6.671 0.1000000015
13390  -23.410  -59.104  -7.439 0.1000000015
12640  -30.145  -60.932  -12.010 0.1000000015
17387  -23.240  -53.896  -3.883 0.1000000015
18240  -22.950  -53.335  -3.919 0.1000000015
18251  -22.531  -53.554  -4.361 0.1000000015
19085  -22.462  -52.970  -4.482 0.1000000015
19957  -23.163  -51.214  -4.398 0.1000000015
19956  -22.704  -51.979  -4.539 0.1000000015
20841  -22.921  -51.192  -5.125 0.1000000015
14943  -26.910  -57.586  -10.028 0.1000000015
15764  -26.279  -56.711  -8.907 0.1000000015
14927  -25.801  -57.189  -8.484 0.1000000015
14188  -27.723  -58.194  -11.522 0.1000000015
14926  -25.334  -57.489  -7.891 0.1000000015
14172  -27.927  -58.729  -11.343 0.1000000015
17399  -24.252  -54.526  -4.222 0.1000000015
14889  -23.706  -57.097  -5.756 0.1000000015
14111  -24.784  -57.583  -7.115 0.1000000015
14915  -25.493  -56.919  -7.766 0.1000000015
14189  -28.261  -58.633  -12.312 0.1000000015
12638  -29.147  -60.163  -12.295 0.1000000015
17388  -23.878  -54.021  -3.793 0.1000000015
17400  -24.798  -54.519  -4.701 0.1000000015
16548  -24.880  -55.001  -5.047 0.1000000015
15715  -24.375  -56.414  -5.676 0.1000000015
15716  -25.032  -56.040  -6.057 0.1000000015
14905  -24.679  -57.267  -6.718 0.1000000015
18241  -23.786  -53.301  -3.670 0.1000000015
19070  -23.597  -52.431  -3.671 0.1000000015
19071  -24.484  -52.469  -3.544 0.1000000015
19940  -24.312  -51.310  -3.457 0.1000000015
19069  -22.926  -52.404  -4.004 0.1000000015
19939  -23.288  -51.711  -3.934 0.1000000015
20842  -23.355  -50.571  -4.711 0.1000000015
20821  -23.688  -50.663  -3.915 0.1000000015
16596  -26.474  -55.836  -8.467 0.1000000015
15752  -26.489  -56.171  -8.828 0.1000000015
15782  -27.159  -56.647  -10.448 0.1000000015
16586  -26.375  -55.419  -7.756 0.1000000015
14957  -27.403  -57.526  -11.043 0.1000000015
16575  -25.576  -55.552  -6.645 0.1000000015
16585  -25.828  -55.936  -7.378 0.1000000015
15751  -26.198  -56.271  -8.396 0.1000000015
18243  -25.261  -53.164  -4.045 0.1000000015
18253  -25.349  -53.586  -4.641 0.1000000015
16563  -24.949  -55.461  -5.567 0.1000000015
15729  -24.990  -56.558  -6.543 0.1000000015
15741  -25.491  -56.426  -7.239 0.1000000015
19072  -25.409  -52.500  -3.777 0.1000000015
13451  -28.827  -59.656  -12.309 0.1000000015
13452  -29.527  -59.811  -12.523 0.1000000015
19941  -25.132  -51.640  -3.370 0.1000000015
19928  -24.955  -50.989  -3.214 0.1000000015
20808  -24.758  -50.611  -3.251 0.1000000015
20822  -24.371  -50.302  -3.465 0.1000000015
21711  -24.863  -49.730  -3.114 0.1000000015
21752  -23.734  -49.931  -4.377 0.1000000015
15765  -26.683  -56.542  -9.479 0.1000000015
15798  -27.580  -56.678  -11.429 0.1000000015
18254  -25.909  -53.120  -4.941 0.1000000015
17422  -25.462  -54.835  -5.900 0.1000000015
17423  -25.935  -54.394  -6.361 0.1000000015
16576  -26.126  -54.909  -6.958 0.1000000015
19073  -26.010  -52.125  -3.803 0.1000000015
19086  -25.521  -52.955  -4.178 0.1000000015
17410  -25.184  -54.506  -5.274 0.1000000015
19942  -26.043  -51.488  -3.416 0.1000000015
19929  -25.527  -50.994  -3.153 0.1000000015
20810  -26.150  -50.442  -2.924 0.1000000015
20809  -25.319  -50.391  -3.008 0.1000000015
21712  -25.713  -49.542  -2.763 0.1000000015
22678  -25.173  -48.865  -2.957 0.1000000015
16587  -26.927  -54.989  -8.250 0.1000000015
16597  -26.829  -55.507  -8.875 0.1000000015
16612  -27.115  -55.839  -9.851 0.1000000015
17433  -26.987  -54.420  -7.824 0.1000000015
19958  -26.423  -51.865  -3.905 0.1000000015
20811  -27.021  -50.212  -2.949 0.1000000015
22679  -26.241  -48.347  -2.417 0.1000000015
17462  -27.397  -54.809  -9.719 0.1000000015
17432  -26.579  -54.290  -7.057 0.1000000015
19087  -26.061  -52.552  -4.399 0.1000000015
19088  -26.539  -52.332  -4.901 0.1000000015
18265  -25.930  -53.559  -5.577 0.1000000015
20823  -26.741  -50.830  -3.271 0.1000000015
21713  -26.678  -49.457  -2.622 0.1000000015
22680  -27.258  -48.641  -2.330 0.1000000015
22659  -27.149  -47.890  -2.000 0.1000000015
18278  -26.913  -53.390  -6.764 0.1000000015
18288  -27.068  -53.575  -7.242 0.1000000015
19959  -27.013  -51.660  -4.580 0.1000000015
19103  -26.303  -52.812  -5.185 0.1000000015
19115  -26.572  -53.011  -5.828 0.1000000015
18277  -26.564  -53.577  -6.430 0.1000000015
19943  -26.800  -51.319  -3.703 0.1000000015
22681  -28.119  -48.447  -2.402 0.1000000015
22660  -27.634  -48.128  -2.097 0.1000000015
23643  -28.587  -47.800  -2.242 0.1000000015
19116  -27.110  -52.710  -6.517 0.1000000015
19104  -26.784  -52.348  -5.469 0.1000000015
20824  -27.590  -50.553  -3.730 0.1000000015
21714  -27.732  -49.459  -2.898 0.1000000015
23644  -29.216  -47.526  -2.617 0.1000000015
20843  -27.686  -50.916  -4.564 0.1000000015
21731  -28.071  -49.820  -3.472 0.1000000015
21732  -28.594  -49.243  -3.498 0.1000000015
21715  -28.257  -48.957  -2.893 0.1000000015
22703  -28.589  -48.668  -2.875 0.1000000015
22682  -28.761  -48.198  -2.603 0.1000000015
23659  -29.715  -47.596  -3.485 0.1000000015
20825  -28.295  -49.947  -3.923 0.1000000015
22704  -29.132  -48.389  -3.201 0.1000000015
22720  -29.579  -48.407  -3.934 0.1000000015
11053  -23.966  -63.038  -14.808 0.1000000015
10302  -23.405  -63.405  -16.341 0.1000000015
9462  -27.160  -65.296  -9.969 0.1000000015
14124  -21.793  -58.559  -7.456 0.1000000015
13419  -21.510  -59.873  -9.349 0.1000000015
11036  -22.477  -61.932  -12.934 0.1000000015
11003  -22.824  -61.835  -11.651 0.1000000015
11024  -23.693  -62.613  -12.608 0.1000000015
10224  -28.628  -63.821  -10.019 0.2000000030
10954  -27.689  -62.385  -9.132 0.1000000015
12584  -21.871  -60.177  -9.058 0.1000000015
11764  -22.432  -61.051  -9.753 0.1000000015
11805  -22.638  -61.749  -11.152 0.1000000015
11785  -23.517  -61.912  -10.523 0.1000000015
13405  -22.166  -59.543  -8.091 0.1000000015
15727  -21.553  -56.286  -6.187 0.1000000015
11746  -23.050  -60.852  -9.182 0.1000000015
16584  -21.388  -55.698  -7.302 0.1000000015
13420  -27.852  -59.082  -10.181 0.1000000015
12590  -27.803  -60.635  -8.896 0.1000000015
11005  -29.762  -62.507  -11.879 0.2000000030
12587  -24.470  -60.470  -8.518 0.1000000015
12639  -29.485  -60.659  -12.160 0.1000000015
19938  -22.937  -52.026  -4.101 0.1000000015
19972  -22.538  -51.904  -5.642 0.1000000015
14914  -25.108  -57.183  -7.262 0.1000000015
15742  -25.839  -56.344  -7.858 0.1000000015
22677  -24.836  -49.249  -3.150 0.1000000015
17367  -32.307  -54.061  -1.304 0.5000000000
14874  -36.859  -57.666  -4.998 0.5000000000
14857  -37.145  -56.988  -4.283 0.5000000000
16502  -32.686  -54.642  -1.677 0.5000000000
16519  -33.538  -54.931  -2.056 0.5000000000
14856  -36.204  -57.114  -4.596 0.5000000000
18209  -31.372  -52.753  -0.671 0.5000000000
18223  -31.807  -53.429  -0.962 0.5000000000
14855  -35.141  -57.015  -4.297 0.5000000000
17366  -31.238  -54.245  -1.384 0.5000000000
18222  -30.798  -53.540  -1.226 0.5000000000
16500  -30.756  -54.926  -1.793 0.4000000060
14894  -34.559  -58.255  -5.482 0.5000000000
14095  -33.881  -58.745  -5.862 0.5000000000
14893  -33.427  -58.159  -5.345 0.5000000000
14094  -32.735  -58.682  -5.970 0.5000000000
14093  -31.583  -58.452  -6.245 0.5000000000
14907  -30.657  -58.010  -6.839 0.4000000060
14916  -29.983  -57.439  -7.638 0.4000000060
14033  -38.856  -58.295  -0.623 0.1000000015
14858  -38.098  -57.383  -3.450 0.5000000000
18224  -32.899  -53.248  -0.859 0.5000000000
17368  -33.498  -53.952  -1.287 0.5000000000
15687  -36.119  -56.413  -3.746 0.5000000000
18210  -32.422  -52.670  -0.437 0.5000000000
19042  -31.021  -52.049  -0.385 0.5000000000
19909  -30.884  -51.372  -0.087 0.5000000000
19054  -30.534  -52.719  -1.109 0.3000000119
15666  -31.806  -56.084  -2.627 0.6999999881
19920  -30.365  -51.767  -1.092 0.3000000119
17365  -30.295  -54.308  -1.786 0.4000000060
16517  -31.223  -55.560  -2.108 0.5000000000
15684  -32.283  -56.512  -3.254 0.6000000238
15685  -33.434  -56.354  -3.338 0.6000000238
19053  -30.194  -52.529  -1.633 0.3000000119
18221  -30.049  -53.500  -1.849 0.3000000119
17377  -30.070  -54.705  -2.133 0.4000000060
15665  -30.807  -56.032  -2.836 0.5000000000
14853  -32.654  -56.988  -3.935 0.6000000238
14872  -34.266  -57.650  -4.829 0.5000000000
17376  -29.829  -54.341  -2.375 0.4000000060
16533  -30.203  -55.828  -3.271 0.5000000000
15682  -30.581  -56.315  -3.645 0.5000000000
14870  -31.788  -57.277  -4.635 0.5000000000
14871  -33.017  -57.541  -4.662 0.5000000000
19061  -29.968  -52.762  -2.317 0.4000000060
18233  -29.735  -53.539  -2.813 0.4000000060
16515  -29.682  -54.843  -2.943 0.5000000000
15703  -30.272  -56.324  -4.083 0.5000000000
14869  -30.639  -56.724  -4.437 0.4000000060
14892  -32.173  -58.068  -5.299 0.5000000000
17389  -29.575  -54.369  -3.368 0.4000000060
16532  -29.676  -55.350  -3.688 0.5000000000
14868  -30.144  -56.554  -4.690 0.5000000000
14890  -29.990  -56.706  -5.199 0.4000000060
14891  -30.848  -57.620  -5.502 0.4000000060
16565  -29.435  -55.594  -5.228 0.5000000000
15731  -29.454  -56.242  -5.941 0.4000000060
14906  -29.886  -57.229  -6.329 0.4000000060
15730  -29.387  -55.817  -5.771 0.3000000119
15743  -29.460  -56.550  -7.056 0.3000000119
15753  -29.651  -56.580  -8.294 0.3000000119
13272  -38.245  -60.036  0.955 0.1000000015
13283  -38.176  -59.901  0.082 0.1000000015
14026  -38.096  -58.796  0.769 0.1000000015
14032  -38.672  -58.883  0.148 0.1000000015
14810  -38.621  -57.639  -0.151 0.4000000060
15653  -39.012  -57.142  -1.251 0.4000000060
14824  -38.905  -57.197  -1.652 0.4000000060
15689  -37.779  -56.733  -2.993 0.5000000000
16523  -37.889  -56.212  -1.962 0.4000000060
15671  -37.491  -56.293  -2.590 0.5000000000
15688  -37.234  -56.590  -3.350 0.5000000000
18225  -33.788  -53.249  -0.535 0.5000000000
17378  -34.366  -54.315  -1.576 0.4000000060
15670  -36.640  -55.907  -2.792 0.5000000000
19043  -32.016  -52.057  -0.041 0.5000000000
19910  -31.607  -51.517  0.369 0.5000000000
15669  -34.690  -55.414  -2.862 0.6000000238
20790  -30.702  -50.573  -0.143 0.2000000030
19930  -30.146  -52.160  -1.849 0.4000000060
20801  -30.542  -50.676  -1.368 0.3000000119
21689  -30.906  -49.533  -0.771 0.3000000119
19931  -30.311  -51.517  -2.042 0.4000000060
19944  -30.140  -52.154  -2.520 0.4000000060
18244  -29.706  -53.614  -3.796 0.4000000060
19074  -30.033  -52.707  -3.309 0.3000000119
18255  -29.897  -53.441  -4.644 0.3000000119
17402  -29.417  -54.557  -4.712 0.4000000060
17413  -29.372  -54.597  -5.837 0.3000000119
16577  -29.327  -55.700  -5.982 0.4000000060
18267  -30.282  -53.310  -5.368 0.2000000030
18266  -29.663  -53.844  -5.569 0.2000000030
17425  -29.328  -54.940  -6.813 0.3000000119
16588  -29.334  -55.735  -7.546 0.3000000119
18280  -30.175  -53.521  -6.280 0.1000000015
18289  -29.614  -54.389  -7.292 0.2000000030
19120  -32.542  -52.742  -6.406 0.1000000015
14801  -38.423  -58.297  0.348 0.1000000015
14800  -37.923  -57.933  0.423 0.2000000030
15635  -38.152  -56.500  -0.666 0.5000000000
16505  -37.801  -55.914  -1.338 0.4000000060
16522  -37.204  -55.668  -1.998 0.4000000060
17369  -34.477  -53.894  -0.716 0.4000000060
17379  -35.171  -54.491  -1.399 0.4000000060
16521  -35.977  -55.126  -1.963 0.5000000000
19044  -33.010  -52.122  0.128 0.5000000000
18211  -33.354  -52.657  -0.280 0.4000000060
16535  -35.743  -55.654  -3.014 0.4000000060
19898  -31.171  -50.987  0.696 0.4000000060
20779  -30.961  -50.250  1.029 0.4000000060
21676  -30.909  -49.433  0.446 0.3000000119
22627  -31.183  -48.728  0.305 0.2000000030
22644  -31.019  -49.049  -0.114 0.2000000030
22628  -31.478  -48.120  0.440 0.1000000015
22645  -31.403  -48.559  -0.421 0.1000000015
21703  -31.019  -49.976  -1.884 0.3000000119
21690  -31.341  -48.933  -1.066 0.2000000030
19945  -30.510  -51.662  -3.097 0.2000000030
19075  -30.392  -52.242  -3.669 0.2000000030
20813  -31.341  -50.415  -2.818 0.2000000030
19946  -31.171  -51.353  -3.629 0.2000000030
19090  -30.391  -52.726  -4.257 0.2000000030
20826  -31.094  -50.923  -3.109 0.2000000030
19962  -31.657  -51.701  -4.409 0.1000000015
20846  -32.273  -51.041  -4.362 0.1000000015
19106  -31.513  -52.583  -5.257 0.1000000015
19118  -30.889  -53.114  -5.876 0.1000000015
19130  -30.789  -53.155  -7.096 0.1000000015
19975  -32.102  -52.080  -5.153 0.1000000015
19107  -32.162  -52.547  -5.687 0.1000000015
19119  -31.650  -52.908  -6.277 0.1000000015
19121  -33.260  -52.756  -6.742 0.1000000015
19122  -33.822  -52.744  -6.900 0.1000000015
14809  -37.650  -57.117  -0.094 0.3000000119
14798  -35.246  -57.152  -0.009 0.3000000119
14807  -35.810  -56.435  -0.241 0.3000000119
15634  -37.183  -56.193  -0.468 0.3000000119
16486  -37.444  -55.757  -0.856 0.3000000119
15632  -35.279  -55.808  -0.203 0.3000000119
15633  -36.241  -55.879  -0.424 0.3000000119
16503  -36.103  -54.908  -1.092 0.5000000000
16504  -36.932  -55.362  -1.292 0.5000000000
18196  -33.987  -53.108  0.402 0.4000000060
17356  -34.452  -53.829  -0.231 0.5000000000
17357  -34.943  -54.318  -0.591 0.4000000060
17370  -35.396  -54.466  -0.930 0.4000000060
17380  -35.692  -54.696  -1.266 0.5000000000
19899  -31.943  -51.359  1.231 0.4000000060
19028  -32.544  -51.767  0.740 0.4000000060
19045  -33.582  -52.451  0.190 0.5000000000
20770  -30.875  -50.296  1.970 0.4000000060
19889  -31.332  -50.918  1.553 0.4000000060
21665  -30.887  -49.419  1.575 0.4000000060
21657  -30.509  -49.462  2.576 0.4000000060
22603  -30.896  -48.579  2.187 0.3000000119
22612  -31.215  -48.454  1.196 0.3000000119
23558  -31.196  -48.023  1.949 0.3000000119
24439  -31.902  -46.926  1.215 0.1000000015
23575  -31.874  -47.339  0.675 0.1000000015
23596  -31.771  -47.817  -0.033 0.1000000015
23620  -31.938  -47.896  -0.655 0.1000000015
21704  -31.441  -49.262  -1.621 0.2000000030
22683  -31.880  -49.017  -1.976 0.2000000030
22661  -31.856  -48.452  -1.404 0.2000000030
21717  -31.824  -49.677  -2.631 0.2000000030
21734  -32.128  -49.961  -3.252 0.1000000015
20828  -32.531  -50.475  -4.141 0.1000000015
19963  -32.358  -51.554  -4.857 0.1000000015
19976  -32.773  -52.009  -5.496 0.1000000015
20848  -33.452  -50.636  -4.999 0.1000000015
20858  -33.217  -51.487  -5.380 0.1000000015
19988  -33.719  -52.384  -6.322 0.1000000015
19978  -34.012  -51.803  -5.992 0.1000000015
19989  -34.476  -52.212  -6.713 0.1000000015
19990  -35.170  -52.430  -7.207 0.1000000015
20007  -34.756  -53.020  -7.742 0.1000000015
19135  -36.171  -53.451  -7.936 0.1000000015
14023  -34.495  -58.241  0.495 0.3000000119
14024  -35.725  -58.249  0.448 0.2000000030
15618  -34.526  -56.408  0.040 0.3000000119
16468  -34.095  -54.476  0.354 0.4000000060
19890  -31.862  -51.478  1.928 0.3000000119
19020  -32.505  -52.177  1.709 0.4000000060
18195  -33.435  -53.189  1.113 0.4000000060
17343  -33.757  -53.933  0.727 0.3000000119
19882  -31.030  -51.333  2.250 0.3000000119
16467  -33.346  -55.064  0.545 0.3000000119
21647  -30.103  -49.172  3.354 0.3000000119
22591  -30.456  -48.479  3.098 0.3000000119
23547  -30.994  -47.611  2.699 0.3000000119
23548  -31.377  -47.126  2.431 0.2000000030
23559  -31.525  -47.391  1.692 0.1000000015
24411  -32.126  -46.270  2.176 0.1000000015
25281  -32.522  -45.844  2.391 0.1000000015
25308  -33.238  -45.890  1.100 0.1000000015
23576  -32.346  -47.059  0.492 0.1000000015
24463  -33.084  -46.828  0.264 0.1000000015
23621  -32.657  -47.758  -1.079 0.1000000015
22662  -32.470  -48.166  -1.680 0.2000000030
23645  -33.075  -48.002  -1.833 0.2000000030
22705  -32.914  -48.941  -2.877 0.1000000015
22685  -33.391  -48.422  -2.469 0.1000000015
22706  -33.650  -48.847  -3.174 0.1000000015
21756  -32.903  -50.250  -4.327 0.1000000015
21736  -33.961  -49.314  -3.899 0.1000000015
21769  -33.702  -50.520  -5.079 0.1000000015
21757  -33.532  -50.100  -4.611 0.1000000015
21770  -34.195  -50.360  -5.275 0.1000000015
20860  -34.566  -51.104  -6.100 0.1000000015
20874  -35.375  -51.379  -6.675 0.1000000015
20895  -35.623  -52.238  -7.188 0.1000000015
20896  -36.243  -52.011  -7.149 0.1000000015
20008  -35.844  -53.076  -7.608 0.1000000015
19136  -36.606  -53.340  -7.904 0.1000000015
20009  -37.038  -52.668  -7.517 0.1000000015
19137  -37.428  -53.354  -8.211 0.1000000015
13255  -34.425  -59.726  1.195 0.2000000030
13269  -34.954  -59.123  0.881 0.2000000030
13268  -33.879  -59.251  0.863 0.2000000030
14797  -34.032  -57.270  0.308 0.3000000119
14021  -32.434  -58.258  0.681 0.2000000030
14796  -33.015  -57.283  0.424 0.3000000119
15617  -33.713  -56.160  0.252 0.3000000119
19021  -33.114  -52.673  1.343 0.3000000119
19883  -31.668  -51.709  2.130 0.3000000119
18188  -32.169  -53.214  1.715 0.3000000119
18189  -32.802  -53.159  1.493 0.3000000119
17342  -32.770  -54.186  1.137 0.3000000119
21656  -30.067  -49.848  3.192 0.3000000119
20762  -30.374  -50.464  2.689 0.3000000119
17333  -32.395  -53.699  1.473 0.3000000119
16466  -32.320  -55.361  0.776 0.2000000030
22590  -30.005  -48.513  3.963 0.2000000030
23531  -30.440  -47.674  3.902 0.3000000119
24389  -31.046  -46.899  3.544 0.3000000119
24409  -31.301  -46.923  2.873 0.2000000030
24410  -31.717  -46.602  2.464 0.1000000015
24390  -31.547  -46.533  3.237 0.2000000030
25258  -32.108  -46.082  3.114 0.1000000015
26160  -34.124  -44.933  2.261 0.1000000015
26144  -34.925  -44.875  2.729 0.1000000015
26146  -36.871  -45.055  2.951 0.1000000015
26182  -33.865  -45.056  1.887 0.1000000015
26161  -34.802  -44.694  2.150 0.1000000015
26163  -36.715  -44.518  2.198 0.1000000015
26164  -37.749  -44.553  2.423 0.1000000015
26149  -40.134  -45.075  3.058 0.1000000015
25309  -33.783  -45.688  0.856 0.1000000015
25299  -34.161  -45.316  1.066 0.1000000015
26184  -35.450  -44.647  1.493 0.1000000015
26185  -36.333  -44.409  1.534 0.1000000015
27006  -38.546  -44.084  1.920 0.1000000015
27007  -39.484  -44.133  2.058 0.1000000015
24464  -34.139  -46.576  0.115 0.1000000015
23598  -33.403  -47.288  -0.411 0.1000000015
23622  -33.691  -47.679  -1.195 0.2000000030
23646  -34.014  -47.999  -1.908 0.1000000015
22707  -34.731  -48.835  -3.333 0.1000000015
21758  -34.646  -49.586  -4.589 0.1000000015
21771  -35.251  -50.113  -5.640 0.1000000015
21784  -35.433  -50.583  -6.214 0.1000000015
20875  -36.598  -51.045  -6.722 0.1000000015
19991  -37.084  -51.783  -6.977 0.1000000015
14789  -30.539  -57.391  1.132 0.2000000030
14795  -32.067  -57.326  0.543 0.2000000030
14019  -30.895  -58.065  1.062 0.2000000030
15616  -32.670  -56.269  0.477 0.3000000119
19010  -30.290  -52.307  2.559 0.3000000119
19011  -31.499  -52.267  2.145 0.3000000119
18187  -31.318  -53.363  1.857 0.3000000119
19881  -30.058  -51.329  2.893 0.3000000119
18178  -30.665  -53.023  2.187 0.3000000119
18186  -30.425  -53.742  1.951 0.3000000119
17332  -31.725  -54.281  1.410 0.3000000119
22570  -29.676  -48.857  4.748 0.2000000030
20761  -29.749  -50.537  3.369 0.3000000119
17341  -32.062  -54.826  1.077 0.2000000030
23530  -30.175  -48.053  4.168 0.2000000030
23511  -30.141  -48.054  4.619 0.2000000030
23512  -30.516  -47.442  4.725 0.3000000119
24369  -30.895  -46.925  4.423 0.3000000119
24354  -31.386  -46.820  4.892 0.2000000030
24370  -31.720  -46.393  4.100 0.2000000030
25237  -32.516  -45.989  3.728 0.2000000030
25239  -34.236  -45.856  3.829 0.1000000015
25311  -35.186  -45.588  0.311 0.1000000015
26200  -36.346  -44.519  0.732 0.1000000015
27022  -36.898  -44.197  1.008 0.1000000015
27023  -37.554  -43.971  1.084 0.1000000015
25329  -34.970  -46.107  0.101 0.1000000015
25330  -35.708  -45.822  -0.138 0.1000000015
26222  -37.112  -44.637  -0.091 0.1000000015
23599  -34.385  -47.324  -0.636 0.1000000015
24465  -35.277  -46.805  -0.481 0.1000000015
24466  -36.348  -46.447  -0.627 0.1000000015
23623  -34.617  -47.700  -1.315 0.1000000015
23624  -35.527  -47.650  -1.377 0.1000000015
23648  -35.890  -48.061  -1.983 0.1000000015
23647  -34.967  -47.995  -1.977 0.1000000015
22686  -34.352  -48.359  -2.602 0.1000000015
22687  -35.386  -48.429  -2.559 0.1000000015
22708  -35.864  -48.903  -3.128 0.1000000015
21737  -34.651  -49.197  -3.930 0.1000000015
22722  -35.326  -49.149  -3.899 0.1000000015
21785  -36.046  -50.372  -6.220 0.1000000015
14779  -28.436  -57.424  2.350 0.3000000119
15610  -29.476  -56.493  1.638 0.3000000119
15611  -30.211  -56.517  1.235 0.3000000119
15614  -30.920  -56.476  0.875 0.2000000030
15615  -31.735  -56.370  0.642 0.2000000030
16457  -30.100  -55.470  1.506 0.3000000119
16464  -30.668  -55.788  1.097 0.3000000119
19001  -29.544  -52.011  3.086 0.3000000119
19009  -29.391  -52.744  2.916 0.3000000119
17330  -29.830  -54.513  1.948 0.3000000119
16458  -30.912  -55.086  1.313 0.3000000119
16465  -31.446  -55.449  0.968 0.2000000030
20735  -29.122  -50.126  4.419 0.2000000030
19877  -29.344  -51.371  3.514 0.3000000119
19000  -28.694  -52.339  3.645 0.3000000119
21628  -29.146  -49.697  4.934 0.2000000030
23494  -30.012  -48.422  5.319 0.2000000030
23495  -30.579  -47.803  5.420 0.2000000030
23496  -31.560  -47.472  5.491 0.3000000119
24355  -32.133  -46.767  4.951 0.2000000030
23649  -36.329  -48.145  -1.948 0.1000000015
21759  -35.833  -49.443  -4.604 0.1000000015
13999  -27.554  -58.108  2.977 0.1000000015
14778  -27.848  -57.345  2.782 0.2000000030
15603  -28.207  -56.515  2.548 0.3000000119
16455  -28.540  -55.869  2.340 0.3000000119
18176  -28.757  -53.605  2.996 0.3000000119
17322  -29.038  -54.494  2.427 0.3000000119
20751  -28.734  -51.005  4.305 0.3000000119
21627  -28.778  -50.160  5.356 0.2000000030
22554  -29.643  -49.157  5.705 0.2000000030
22555  -30.313  -48.570  5.957 0.1000000015
22547  -30.757  -49.047  6.433 0.1000000015
22556  -31.157  -48.302  6.088 0.2000000030
22557  -32.296  -48.620  5.972 0.2000000030
23497  -32.658  -47.600  5.288 0.3000000119
15602  -27.643  -56.346  3.091 0.3000000119
16450  -28.090  -55.570  2.759 0.3000000119
17320  -27.880  -55.034  3.061 0.3000000119
17313  -28.195  -54.078  3.272 0.3000000119
19861  -27.978  -51.965  4.727 0.3000000119
18999  -27.973  -52.822  4.041 0.3000000119
18166  -28.134  -53.488  3.607 0.3000000119
19842  -28.325  -51.067  5.045 0.2000000030
21609  -28.768  -50.194  5.856 0.2000000030
21599  -29.493  -49.763  6.374 0.1000000015
22548  -31.554  -49.020  6.369 0.1000000015
17311  -27.221  -55.149  3.944 0.3000000119
17303  -26.922  -54.683  4.470 0.2000000030
17312  -27.636  -54.562  3.603 0.3000000119
18165  -27.605  -53.526  4.107 0.3000000119
19841  -27.973  -51.569  5.407 0.2000000030
18986  -27.604  -52.648  4.753 0.3000000119
20705  -28.179  -51.106  6.092 0.2000000030
20686  -29.333  -50.781  7.232 0.1000000015
19814  -29.766  -51.647  7.545 0.1000000015
20687  -30.274  -50.677  7.252 0.1000000015
21581  -30.130  -50.192  7.081 0.1000000015
21601  -31.287  -49.704  6.728 0.1000000015
20708  -30.972  -50.316  7.084 0.1000000015
21603  -32.872  -50.156  6.222 0.1000000015
18150  -26.730  -53.906  5.254 0.2000000030
18985  -27.099  -53.179  5.272 0.2000000030
18151  -27.176  -53.649  4.638 0.2000000030
19830  -27.763  -51.814  6.587 0.2000000030
19812  -28.160  -51.697  7.271 0.1000000015
19831  -28.288  -51.206  6.741 0.2000000030
20688  -31.096  -51.015  7.189 0.1000000015
20709  -31.781  -50.685  6.817 0.1000000015
20710  -32.662  -50.772  6.395 0.1000000015
20711  -33.285  -50.695  5.987 0.1000000015
18955  -31.263  -52.643  6.835 0.1000000015
19832  -31.577  -51.771  6.939 0.1000000015
19833  -32.369  -51.788  6.524 0.1000000015
19834  -33.167  -51.795  6.091 0.1000000015
18956  -31.996  -52.800  6.430 0.1000000015
18957  -32.842  -53.046  6.038 0.1000000015
15667  -32.943  -55.943  -2.575 0.4000000060
16501  -31.742  -54.875  -1.640 0.5000000000
16518  -32.332  -55.414  -2.040 0.5000000000
16520  -34.739  -54.954  -2.234 0.4000000060
15668  -34.037  -55.587  -2.774 0.6000000238
14873  -35.617  -57.841  -5.164 0.3000000119
15686  -34.757  -55.930  -3.520 0.5000000000
14875  -37.661  -57.817  -4.434 0.5000000000
14112  -31.259  -58.794  -7.220 0.4000000060
17364  -29.958  -54.080  -1.951 0.4000000060
16516  -30.170  -55.229  -2.504 0.5000000000
15683  -31.304  -56.475  -3.317 0.6000000238
14854  -33.886  -56.993  -4.025 0.5000000000
14852  -31.583  -56.782  -3.911 0.6000000238
15681  -30.082  -56.028  -3.812 0.5000000000
15702  -29.911  -56.188  -4.455 0.5000000000
16550  -29.494  -55.483  -4.723 0.5000000000
16564  -29.358  -55.471  -5.581 0.4000000060
17401  -29.325  -54.894  -5.080 0.4000000060
15718  -29.560  -56.032  -5.170 0.4000000060
18226  -34.121  -53.310  -0.281 0.5000000000
16534  -35.191  -55.322  -2.779 0.5000000000
20812  -30.779  -50.739  -2.397 0.3000000119
19089  -29.984  -53.128  -3.991 0.3000000119
18256  -30.358  -53.121  -4.810 0.2000000030
17424  -29.271  -55.231  -6.027 0.4000000060
16578  -29.309  -55.737  -6.563 0.4000000060
18279  -29.647  -54.144  -6.510 0.3000000119
18290  -29.971  -53.759  -7.232 0.2000000030
19131  -31.759  -52.581  -7.381 0.1000000015
18213  -34.254  -53.339  -0.090 0.4000000060
18212  -33.969  -52.825  -0.049 0.4000000060
22613  -31.512  -47.825  0.987 0.1000000015
21716  -31.220  -50.199  -2.426 0.2000000030
19961  -30.803  -51.959  -3.980 0.2000000030
19091  -31.023  -52.359  -4.600 0.2000000030
20827  -31.855  -50.569  -3.548 0.1000000015
19105  -30.778  -52.904  -5.014 0.2000000030
20847  -32.955  -50.937  -4.858 0.1000000015
19987  -33.199  -52.495  -6.069 0.1000000015
14025  -37.020  -58.411  0.725 0.3000000119
14031  -37.137  -57.641  0.260 0.3000000119
14799  -35.946  -57.557  0.113 0.3000000119
14030  -36.453  -57.776  0.278 0.3000000119
16485  -36.663  -55.410  -0.791 0.3000000119
16484  -35.717  -54.916  -0.571 0.3000000119
15631  -34.488  -55.617  0.066 0.3000000119
16483  -34.748  -54.645  -0.071 0.3000000119
19030  -33.779  -52.649  0.326 0.4000000060
17344  -34.291  -53.808  0.214 0.4000000060
18197  -34.317  -53.422  0.080 0.4000000060
19029  -33.361  -52.414  0.790 0.4000000060
23597  -32.433  -47.347  -0.063 0.1000000015
22684  -32.453  -48.699  -2.241 0.1000000015
21718  -32.476  -49.244  -2.823 0.1000000015
21735  -32.727  -49.669  -3.578 0.1000000015
20859  -33.680  -51.081  -5.435 0.1000000015
19977  -33.455  -51.918  -5.747 0.1000000015
20873  -34.788  -51.555  -6.497 0.1000000015
13270  -36.139  -59.221  1.047 0.2000000030
16482  -34.099  -55.168  0.241 0.3000000119
19012  -32.001  -51.849  2.110 0.3000000119
24424  -32.391  -46.191  1.771 0.1000000015
25280  -32.103  -46.176  2.549 0.1000000015
25282  -33.381  -45.304  2.278 0.1000000015
25297  -32.905  -45.788  1.648 0.1000000015
24440  -32.545  -46.561  0.969 0.1000000015
25298  -33.659  -45.377  1.479 0.1000000015
24441  -33.440  -46.246  0.622 0.1000000015
13267  -32.715  -59.353  0.947 0.2000000030
14022  -33.389  -58.294  0.596 0.2000000030
19019  -31.955  -52.725  1.960 0.3000000119
21646  -29.559  -49.636  3.970 0.3000000119
25259  -32.918  -45.586  3.110 0.1000000015
25260  -34.000  -45.218  3.044 0.1000000015
26143  -34.450  -44.911  2.557 0.1000000015
26145  -35.828  -44.938  2.870 0.1000000015
26183  -34.456  -44.968  1.514 0.1000000015
26162  -35.648  -44.589  2.197 0.1000000015
27005  -37.655  -44.166  1.729 0.1000000015
26165  -38.773  -44.573  2.536 0.1000000015
26148  -39.144  -45.146  3.012 0.1000000015
26166  -39.753  -44.592  2.592 0.1000000015
24442  -33.939  -46.008  0.510 0.1000000015
26198  -34.567  -45.206  0.975 0.1000000015
25310  -34.481  -45.658  0.568 0.1000000015
26199  -35.243  -45.072  0.740 0.1000000015
27004  -37.032  -44.255  1.507 0.1000000015
27008  -40.327  -44.273  2.149 0.1000000015
14788  -29.805  -57.464  1.482 0.2000000030
14020  -31.580  -58.318  0.892 0.2000000030
14794  -31.246  -57.340  0.786 0.2000000030
17331  -30.699  -54.405  1.633 0.3000000119
18177  -29.747  -53.484  2.394 0.3000000119
20752  -29.118  -50.640  4.026 0.3000000119
24353  -30.887  -47.138  5.096 0.3000000119
25238  -33.294  -45.832  3.787 0.1000000015
26220  -35.551  -45.372  0.269 0.1000000015
26201  -36.923  -44.369  0.453 0.1000000015
27024  -38.369  -43.810  1.213 0.1000000015
26221  -36.088  -45.105  0.153 0.1000000015
23600  -35.077  -47.434  -0.886 0.1000000015
24492  -35.491  -47.312  -0.906 0.1000000015
14787  -29.079  -57.462  1.895 0.3000000119
15609  -28.786  -56.545  2.094 0.3000000119
16456  -29.160  -55.510  2.014 0.3000000119
20734  -28.684  -50.573  4.743 0.3000000119
19876  -28.819  -51.353  3.973 0.3000000119
24356  -32.946  -46.907  4.799 0.2000000030
14000  -28.033  -58.288  2.602 0.1000000015
17321  -28.278  -54.642  2.900 0.3000000119
19862  -28.380  -51.494  4.503 0.3000000119
21610  -29.105  -49.790  5.723 0.2000000030
22545  -29.697  -49.339  6.148 0.2000000030
22546  -29.991  -49.199  6.317 0.1000000015
16444  -27.367  -55.627  3.593 0.3000000119
16449  -27.708  -55.421  3.195 0.3000000119
18987  -28.092  -52.236  4.310 0.3000000119
20717  -28.194  -51.129  5.692 0.2000000030
20706  -28.773  -50.504  6.479 0.2000000030
21598  -28.987  -50.001  6.126 0.2000000030
21600  -30.323  -49.823  6.853 0.1000000015
21580  -29.802  -50.199  6.991 0.1000000015
21602  -32.280  -49.694  6.355 0.1000000015
17304  -27.322  -54.093  4.186 0.3000000119
18967  -27.363  -52.500  5.787 0.2000000030
20685  -28.654  -51.094  7.143 0.1000000015
19815  -30.732  -51.842  7.293 0.1000000015
18966  -26.779  -53.321  6.066 0.2000000030
19813  -28.888  -51.626  7.605 0.1000000015
14096  -34.832  -58.818  -5.870 0.3000000119
13366  -36.237  -59.852  -5.668 0.3000000119
14097  -35.647  -59.143  -5.813 0.3000000119
11682  -33.717  -61.780  -4.830 0.2000000030
11681  -32.593  -61.722  -4.862 0.2000000030
13381  -35.919  -60.436  -5.783 0.4000000060
11713  -35.386  -61.465  -5.169 0.3000000119
14116  -35.097  -59.265  -6.048 0.4000000060
12565  -35.533  -61.101  -5.934 0.3000000119
13380  -35.356  -59.948  -6.174 0.4000000060
11712  -34.510  -62.041  -5.471 0.3000000119
11711  -33.449  -62.302  -5.355 0.2000000030
14115  -34.436  -59.314  -6.202 0.4000000060
11725  -34.716  -61.819  -6.227 0.4000000060
10927  -34.304  -62.383  -6.010 0.3000000119
10897  -33.096  -62.759  -5.875 0.3000000119
13379  -34.012  -60.025  -6.753 0.4000000060
12564  -34.707  -60.861  -6.719 0.4000000060
10942  -34.197  -62.365  -6.427 0.3000000119
10898  -33.911  -62.514  -5.787 0.4000000060
14114  -33.335  -59.280  -6.415 0.4000000060
12563  -34.141  -60.553  -6.980 0.4000000060
12578  -34.386  -61.550  -6.947 0.4000000060
14113  -32.178  -59.238  -6.835 0.4000000060
12577  -33.852  -60.914  -7.408 0.4000000060
10941  -33.626  -62.623  -6.988 0.3000000119
13395  -33.187  -60.240  -7.362 0.4000000060
13396  -33.816  -60.427  -7.088 0.4000000060
11734  -33.890  -61.897  -7.456 0.4000000060
13378  -32.824  -59.730  -6.970 0.4000000060
12576  -33.186  -60.566  -7.765 0.4000000060
10958  -33.236  -62.468  -7.658 0.3000000119
13377  -32.335  -59.587  -7.146 0.4000000060
12593  -33.064  -60.960  -8.205 0.4000000060
12594  -33.550  -61.395  -7.767 0.4000000060
11753  -33.205  -61.864  -8.023 0.3000000119
10940  -32.697  -63.117  -7.598 0.2000000030
14130  -31.653  -59.263  -7.428 0.3000000119
13394  -32.109  -59.667  -7.702 0.4000000060
12592  -32.436  -60.427  -8.751 0.4000000060
10957  -32.480  -62.751  -8.413 0.2000000030
10196  -31.582  -63.951  -8.155 0.3000000119
13393  -31.536  -59.374  -8.582 0.3000000119
12605  -32.512  -60.974  -8.917 0.3000000119
10956  -31.772  -62.965  -9.265 0.2000000030
11752  -32.606  -61.697  -8.658 0.2000000030
10211  -31.577  -63.808  -8.977 0.2000000030
9428  -30.693  -64.638  -8.582 0.2000000030
14917  -30.777  -58.257  -8.158 0.3000000119
14129  -31.269  -59.150  -8.016 0.3000000119
10972  -32.088  -62.255  -9.124 0.1000000015
14142  -31.235  -58.826  -9.020 0.3000000119
13411  -31.858  -59.683  -9.025 0.2000000030
12604  -32.032  -60.567  -9.561 0.2000000030
9446  -30.071  -65.166  -8.950 0.2000000030
14157  -31.512  -58.787  -9.913 0.2000000030
14143  -31.470  -59.177  -9.303 0.2000000030
11770  -31.824  -61.366  -10.145 0.1000000015
10971  -31.617  -62.435  -10.124 0.1000000015
9466  -31.007  -64.254  -9.770 0.1000000015
9448  -30.895  -64.519  -9.386 0.1000000015
14928  -30.501  -57.344  -9.015 0.1000000015
14929  -31.010  -58.069  -9.239 0.3000000119
14156  -31.276  -58.312  -9.631 0.2000000030
13422  -31.596  -59.738  -10.188 0.1000000015
10226  -30.715  -64.105  -10.363 0.1000000015
9465  -30.270  -64.826  -10.056 0.1000000015
12622  -31.533  -60.706  -10.558 0.1000000015
11788  -31.364  -61.722  -10.909 0.1000000015
10243  -30.926  -63.328  -10.775 0.1000000015
8673  -28.966  -65.788  -9.429 0.1000000015
14944  -30.722  -57.041  -9.810 0.1000000015
14946  -31.597  -58.311  -10.618 0.2000000030
13437  -31.162  -60.040  -10.984 0.1000000015
11787  -30.774  -62.102  -11.505 0.1000000015
10242  -30.316  -63.897  -10.884 0.1000000015
9487  -29.979  -64.423  -10.646 0.1000000015
8693  -29.448  -65.461  -9.844 0.1000000015
8672  -28.054  -66.042  -9.393 0.1000000015
14174  -31.315  -59.012  -11.194 0.1000000015
11807  -30.265  -61.930  -11.892 0.1000000015
10987  -30.302  -63.015  -11.702 0.1000000015
8691  -27.580  -66.007  -9.838 0.1000000015
14945  -31.333  -57.637  -10.218 0.1000000015
13436  -30.664  -59.891  -11.728 0.1000000015
8692  -28.594  -65.774  -9.934 0.1000000015
11726  -35.133  -61.679  -5.675 0.3000000119
11735  -34.278  -62.119  -6.818 0.3000000119
13412  -32.595  -60.265  -8.105 0.4000000060
10212  -32.174  -63.506  -8.169 0.2000000030
9429  -31.089  -64.452  -8.860 0.2000000030
11771  -32.137  -61.516  -9.408 0.2000000030
8675  -30.020  -65.233  -9.298 0.1000000015
10227  -31.309  -63.541  -9.905 0.1000000015
10988  -31.061  -62.588  -11.142 0.1000000015
9488  -30.305  -64.356  -10.509 0.1000000015
15766  -30.115  -56.386  -9.652 0.1000000015
12621  -30.833  -61.053  -11.408 0.1000000015
14173  -30.899  -59.283  -11.813 0.1000000015
14959  -31.689  -58.041  -11.160 0.1000000015
13315  -37.834  -59.041  -2.776 0.3000000119
13333  -37.801  -59.137  -3.480 0.2000000030
13332  -37.145  -59.907  -3.626 0.3000000119
14838  -38.633  -57.356  -2.200 0.4000000060
14065  -38.080  -58.409  -3.725 0.2000000030
13350  -37.898  -58.903  -4.227 0.3000000119
12512  -36.700  -60.336  -3.829 0.2000000030
13349  -37.509  -59.541  -4.364 0.2000000030
12539  -36.797  -60.376  -4.486 0.2000000030
13331  -36.241  -59.978  -3.347 0.1000000015
12511  -36.073  -60.555  -3.821 0.2000000030
13367  -37.055  -59.594  -5.187 0.3000000119
13330  -35.135  -59.946  -3.216 0.1000000015
12510  -35.022  -60.660  -3.762 0.1000000015
12537  -34.847  -61.210  -4.288 0.1000000015
12508  -32.799  -60.462  -3.799 0.1000000015
12509  -33.916  -60.564  -3.784 0.1000000015
12536  -33.846  -61.170  -4.330 0.1000000015
14078  -36.575  -58.379  -5.376 0.3000000119
12553  -36.709  -60.217  -5.191 0.2000000030
12538  -35.759  -61.038  -4.494 0.2000000030
11684  -35.264  -61.411  -4.690 0.2000000030
12535  -32.736  -61.081  -4.366 0.1000000015
12507  -31.688  -60.421  -3.768 0.1000000015
14098  -36.455  -59.025  -5.581 0.3000000119
12552  -36.143  -60.696  -5.247 0.2000000030
11683  -34.710  -61.648  -4.770 0.2000000030
12506  -30.616  -60.429  -3.718 0.1000000015
12534  -31.607  -60.975  -4.366 0.1000000015
12533  -30.505  -60.921  -4.300 0.1000000015
14077  -35.938  -58.490  -5.622 0.2000000030
11680  -31.441  -61.574  -4.870 0.1000000015
11710  -32.344  -62.267  -5.388 0.1000000015
11679  -30.299  -61.467  -4.798 0.1000000015
14895  -35.328  -58.456  -5.636 0.2000000030
11709  -31.157  -62.097  -5.403 0.1000000015
10896  -31.943  -62.769  -5.968 0.1000000015
11677  -28.154  -61.205  -4.744 0.1000000015
10926  -33.701  -62.652  -6.275 0.3000000119
10894  -29.529  -62.498  -5.853 0.1000000015
14080  -37.909  -58.383  -4.338 0.3000000119
14079  -37.444  -58.665  -4.905 0.2000000030
12532  -29.453  -60.849  -4.253 0.1000000015
11678  -29.208  -61.322  -4.775 0.1000000015
11708  -29.979  -61.966  -5.332 0.1000000015
12531  -28.448  -60.753  -4.211 0.1000000015
10922  -28.974  -63.120  -6.350 0.1000000015
10172  -29.442  -63.724  -7.050 0.2000000030
10170  -27.280  -63.939  -6.841 0.1000000015
10924  -31.315  -63.132  -6.682 0.2000000030
10923  -30.105  -63.018  -6.600 0.2000000030
10171  -28.354  -63.853  -6.871 0.2000000030
10173  -30.544  -63.650  -7.271 0.1000000015
10925  -32.618  -63.141  -6.765 0.2000000030
10193  -28.773  -64.477  -7.576 0.1000000015
10194  -29.815  -64.372  -7.699 0.1000000015
10174  -31.576  -63.621  -7.410 0.1000000015
10195  -30.772  -64.251  -7.899 0.1000000015
10175  -32.181  -63.485  -7.567 0.2000000030
9427  -30.020  -64.864  -8.365 0.1000000015
9426  -29.135  -65.021  -8.266 0.1000000015
14053  -38.330  -58.419  -2.479 0.2000000030
13314  -37.335  -59.412  -2.875 0.1000000015
13271  -37.342  -59.457  1.212 0.1000000015
14009  -30.258  -58.450  1.383 0.1000000015
12438  -32.924  -60.517  1.383 0.1000000015
12439  -34.258  -60.503  1.505 0.1000000015
12446  -33.507  -59.896  1.200 0.1000000015
13251  -29.762  -59.436  1.715 0.2000000030
13252  -30.583  -59.523  1.470 0.1000000015
12437  -31.890  -60.623  1.440 0.1000000015
14008  -29.400  -58.440  1.744 0.2000000030
14010  -30.964  -58.779  1.198 0.1000000015
13253  -31.600  -59.503  1.222 0.1000000015
13254  -32.250  -60.011  1.232 0.1000000015
14054  -38.813  -57.786  -1.873 0.2000000030
13266  -32.056  -58.863  0.938 0.1000000015
14007  -28.682  -58.392  2.169 0.2000000030
11606  -33.634  -61.598  1.714 0.1000000015
17289  -26.366  -54.778  5.444 0.1000000015
16436  -26.316  -55.767  4.895 0.1000000015
15594  -26.559  -56.675  4.298 0.1000000015
13996  -27.115  -58.373  3.364 0.1000000015
16443  -26.912  -55.738  4.130 0.1000000015
15595  -27.087  -56.573  3.683 0.1000000015
16422  -25.859  -55.970  5.632 0.1000000015
15589  -25.779  -56.747  5.439 0.1000000015
14767  -25.870  -57.540  5.187 0.1000000015
13240  -26.185  -59.292  4.673 0.1000000015
16423  -26.124  -55.415  5.483 0.1000000015
14768  -26.276  -57.588  4.539 0.1000000015
13993  -26.398  -58.488  4.270 0.1000000015
12425  -26.781  -60.017  3.885 0.1000000015
18131  -26.437  -54.070  5.924 0.1000000015
13977  -25.412  -58.364  6.307 0.1000000015
16409  -25.527  -55.953  6.590 0.1000000015
15580  -25.563  -56.573  6.003 0.1000000015
14766  -25.509  -57.429  5.946 0.1000000015
13986  -25.676  -58.332  5.582 0.1000000015
17288  -25.975  -55.214  6.049 0.1000000015
13992  -26.021  -58.409  4.904 0.1000000015
13239  -25.814  -59.199  5.334 0.1000000015
18954  -27.170  -52.662  6.712 0.1000000015
15557  -25.255  -56.854  7.352 0.1000000015
15570  -25.381  -56.871  6.525 0.1000000015
14759  -25.298  -57.639  6.806 0.1000000015
17261  -25.835  -54.759  8.068 0.1000000015
17275  -25.823  -54.761  6.981 0.1000000015
18953  -26.685  -53.247  6.902 0.1000000015
24373  -34.539  -46.623  4.203 0.1000000015
18105  -26.503  -53.599  7.489 0.1000000015
18934  -27.639  -52.352  7.410 0.1000000015
19811  -27.822  -51.908  7.122 0.1000000015
22558  -33.328  -48.593  5.363 0.1000000015
24371  -32.675  -46.327  4.341 0.1000000015
24372  -33.638  -46.535  4.386 0.1000000015
23499  -34.343  -48.155  4.667 0.1000000015
24375  -36.037  -47.021  3.800 0.1000000015
24374  -35.370  -46.800  3.988 0.1000000015
14751  -25.228  -57.536  7.363 0.1000000015
13976  -25.246  -58.452  6.951 0.1000000015
14772  -27.334  -57.403  3.280 0.1000000015
23513  -34.158  -47.086  4.466 0.1000000015
15590  -26.105  -56.757  4.886 0.1000000015
14771  -26.748  -57.672  3.840 0.1000000015
13244  -26.949  -59.283  3.535 0.1000000015
13243  -26.550  -59.322  4.068 0.1000000015
18121  -26.250  -53.945  6.746 0.1000000015
18104  -26.066  -54.179  7.407 0.1000000015
25240  -35.098  -46.059  3.820 0.1000000015
17434  -29.420  -54.924  -7.865 0.1000000015
13281  -36.404  -60.223  -0.613 0.1000000015
13297  -36.155  -59.699  -1.153 0.1000000015
14039  -35.981  -59.477  -1.675 0.1000000015
12463  -35.595  -60.938  -0.609 0.1000000015
13280  -35.321  -60.088  -0.891 0.1000000015
13298  -37.205  -59.713  -0.818 0.1000000015
10829  -35.153  -62.833  -0.579 0.1000000015
12464  -36.760  -60.999  -0.247 0.1000000015
10828  -34.027  -62.670  -0.904 0.1000000015
10094  -34.339  -63.673  -0.947 0.1000000015
11628  -35.987  -61.891  -0.389 0.1000000015
9358  -32.919  -65.019  -1.657 0.1000000015
5665  -30.334  -70.039  2.945 0.1000000015
7047  -29.667  -68.294  0.272 0.1000000015
7060  -29.496  -68.266  -0.648 0.1000000015
7072  -29.228  -68.277  -1.798 0.1000000015
14040  -36.963  -59.499  -1.521 0.1000000015
6370  -29.757  -68.624  -2.327 0.1000000015
10109  -32.572  -64.137  -1.367 0.1000000015
8587  -32.201  -65.618  -1.933 0.1000000015
13313  -36.575  -59.619  -2.911 0.1000000015
6386  -29.076  -68.625  -3.031 0.1000000015
6405  -29.451  -68.972  -4.172 0.1000000015
6426  -30.298  -68.272  -5.006 0.1000000015
8611  -31.667  -66.054  -2.475 0.1000000015
10111  -34.338  -64.559  -0.931 0.1000000015
6385  -28.591  -68.716  -3.307 0.1000000015
6425  -29.700  -68.833  -5.195 0.1000000015
7837  -31.497  -66.860  -3.268 0.1000000015
7819  -32.195  -66.484  -1.986 0.1000000015
5682  -30.072  -69.493  2.061 0.1000000015
6336  -30.030  -68.830  1.094 0.1000000015
13282  -37.450  -60.236  -0.279 0.1000000015
13299  -37.866  -59.712  -0.454 0.1000000015
6347  -30.186  -68.717  -0.226 0.1000000015
14051  -36.503  -59.385  -2.199 0.1000000015
6387  -29.990  -68.645  -3.205 0.1000000015
6406  -30.331  -68.490  -4.203 0.1000000015
6407  -31.030  -68.093  -3.863 0.1000000015
9359  -33.807  -65.280  -1.284 0.1000000015
6388  -30.792  -68.371  -3.145 0.1000000015
7092  -31.418  -67.824  -3.097 0.1000000015
8588  -33.067  -65.941  -1.569 0.1000000015
5666  -31.079  -69.625  3.517 0.1000000015
5683  -31.019  -69.613  2.377 0.1000000015
5697  -30.434  -69.248  1.447 0.1000000015
11629  -36.996  -61.774  0.083 0.1000000015
14041  -38.207  -59.105  -1.013 0.1000000015
6337  -30.616  -69.177  1.111 0.1000000015
10830  -36.238  -62.756  -0.038 0.1000000015
6363  -30.820  -68.791  -1.053 0.1000000015
6371  -30.443  -68.613  -2.201 0.1000000015
7073  -32.095  -67.496  -1.866 0.1000000015
6372  -31.314  -68.327  -2.050 0.1000000015
6305  -31.247  -68.820  3.586 0.1000000015
12465  -37.748  -60.882  0.292 0.1000000015
5667  -31.425  -69.103  3.220 0.1000000015
6984  -30.787  -68.454  4.083 0.1000000015
12466  -38.125  -60.437  0.555 0.1000000015
10095  -35.203  -63.928  -0.291 0.1000000015
14052  -37.591  -59.127  -2.150 0.1000000015
5698  -30.956  -69.378  1.415 0.1000000015
7820  -33.039  -66.889  -1.265 0.1000000015
6348  -30.993  -69.120  0.393 0.1000000015
7061  -32.491  -67.751  -1.151 0.1000000015
6364  -31.994  -68.358  -0.712 0.1000000015
6306  -31.487  -68.785  3.000 0.1000000015
14042  -38.846  -58.158  -1.394 0.1000000015
7074  -32.661  -67.417  -1.228 0.1000000015
8589  -33.841  -66.225  -0.923 0.1000000015
5708  -31.334  -69.160  0.988 0.1000000015
9345  -34.956  -64.787  0.208 0.1000000015
10086  -36.278  -63.203  0.764 0.1000000015
8590  -34.189  -66.004  -0.538 0.1000000015
5684  -31.550  -69.060  2.598 0.1000000015
7062  -33.044  -67.606  -0.693 0.1000000015
7808  -33.414  -67.052  -0.785 0.1000000015
7809  -33.778  -66.869  -0.288 0.1000000015
5699  -31.568  -69.162  1.711 0.1000000015
5709  -31.464  -69.177  1.247 0.1000000015
6349  -31.972  -68.826  0.803 0.1000000015
6365  -32.859  -68.217  0.128 0.1000000015
9346  -35.581  -63.795  0.383 0.1000000015
9342  -35.517  -63.917  0.756 0.1000000015
7794  -33.850  -66.555  0.376 0.1000000015
7810  -34.119  -66.462  0.021 0.1000000015
6351  -33.382  -67.935  0.515 0.1000000015
7049  -33.445  -67.499  0.582 0.1000000015
7063  -33.389  -67.771  0.104 0.1000000015
10082  -36.018  -63.234  1.330 0.1000000015
8574  -34.353  -65.652  0.485 0.1000000015
7036  -33.506  -67.036  0.747 0.1000000015
6321  -31.369  -68.381  3.043 0.1000000015
10081  -34.933  -63.636  1.484 0.1000000015
7733  -29.447  -67.325  4.935 0.1000000015
7734  -29.799  -67.409  4.324 0.1000000015
6983  -30.230  -68.281  4.886 0.1000000015
6362  -29.962  -68.726  -1.379 0.1000000015
7107  -30.813  -67.892  -4.505 0.1000000015
7854  -30.869  -67.083  -4.456 0.1000000015
8586  -31.292  -65.382  -2.097 0.1000000015
10096  -36.011  -63.289  0.281 0.1000000015
9360  -34.420  -65.304  -0.566 0.1000000015
6350  -33.019  -68.210  0.871 0.1000000015
6982  -29.765  -67.853  5.112 0.1000000015
6500  -15.718  -69.062  -10.624 0.1000000015
6490  -14.986  -68.818  -10.249 0.1000000015
4735  -17.188  -72.390  -12.683 0.1000000015
4748  -16.462  -72.021  -12.921 0.1000000015
5291  -17.672  -71.687  -12.090 0.1000000015
5279  -17.126  -70.417  -11.493 0.1000000015
5875  -15.483  -69.738  -11.910 0.1000000015
4156  -17.231  -73.026  -13.007 0.1000000015
4177  -17.420  -73.100  -13.404 0.1000000015
3640  -17.019  -73.423  -14.075 0.1000000015
6485  -16.633  -69.089  -9.369 0.1000000015
6478  -16.357  -68.544  -8.108 0.1000000015
5823  -16.905  -69.370  -9.645 0.1000000015
5876  -16.188  -69.864  -11.662 0.1000000015
5855  -15.895  -69.277  -10.953 0.1000000015
6484  -15.408  -68.640  -9.195 0.1000000015
5290  -16.550  -70.817  -12.303 0.1000000015
4736  -18.044  -72.438  -12.437 0.1000000015
4158  -18.215  -72.836  -12.833 0.1000000015
4159  -18.835  -72.557  -12.801 0.1000000015
4178  -18.367  -72.737  -13.374 0.1000000015
11669  -20.425  -61.809  -4.157 0.1000000015
10151  -17.722  -63.648  -5.036 0.1000000015
10870  -19.937  -62.205  -4.716 0.1000000015
7179  -17.318  -68.176  -7.682 0.1000000015
7178  -16.694  -68.191  -7.449 0.1000000015
7164  -16.648  -67.464  -6.995 0.1000000015
7897  -17.270  -65.797  -6.505 0.1000000015
7896  -16.658  -66.037  -6.193 0.1000000015
9401  -17.828  -64.274  -5.787 0.1000000015
7150  -16.513  -66.751  -6.602 0.1000000015
6479  -17.506  -69.056  -8.604 0.1000000015
6477  -15.331  -68.390  -8.118 0.1000000015
5837  -17.381  -69.969  -10.582 0.1000000015
5824  -17.521  -69.575  -9.438 0.1000000015
11670  -21.570  -61.514  -4.323 0.1000000015
10882  -18.714  -62.809  -4.735 0.1000000015
11656  -21.347  -61.510  -3.548 0.1000000015
7906  -17.404  -66.339  -6.892 0.1000000015
8659  -17.623  -65.571  -6.669 0.1000000015
9408  -17.914  -64.724  -6.283 0.1000000015
7165  -17.779  -67.237  -7.494 0.1000000015
5857  -17.295  -70.249  -11.142 0.1000000015
5280  -17.870  -70.756  -11.209 0.1000000015
4725  -18.516  -71.761  -11.780 0.1000000015
4726  -19.347  -71.684  -11.697 0.1000000015
5815  -17.676  -69.362  -8.942 0.1000000015
10869  -19.344  -62.345  -4.256 0.1000000015
10152  -18.512  -63.378  -5.422 0.1000000015
5825  -18.505  -69.643  -9.273 0.1000000015
10141  -18.138  -63.124  -4.742 0.1000000015
10868  -18.341  -62.773  -4.103 0.1000000015
7180  -18.524  -67.813  -8.388 0.1000000015
7919  -19.130  -66.590  -8.829 0.1000000015
10161  -18.874  -63.688  -5.993 0.1000000015
8660  -18.143  -65.423  -7.098 0.1000000015
7907  -18.170  -66.367  -7.547 0.1000000015
7166  -18.299  -67.001  -7.874 0.1000000015
8667  -18.660  -65.597  -7.822 0.1000000015
7918  -18.652  -66.507  -8.155 0.1000000015
9417  -18.887  -64.748  -7.418 0.1000000015
9409  -18.527  -64.357  -6.526 0.1000000015
10184  -19.925  -63.650  -7.198 0.1000000015
5816  -17.931  -69.412  -8.917 0.1000000015
5835  -16.121  -69.151  -10.485 0.1000000015
5836  -16.601  -69.364  -10.210 0.1000000015
5856  -16.753  -69.918  -11.243 0.1000000015
6366  -33.236  -68.087  0.410 0.1000000015
6439  -29.504  -68.724  -5.727 0.1000000015
6467  -16.366  -68.158  -7.410 0.1000000015
6486  -17.210  -69.298  -9.082 0.1000000015
6491  -15.900  -68.937  -10.228 0.1000000015
6492  -16.364  -69.104  -9.945 0.1000000015
6499  -15.436  -69.025  -10.654 0.1000000015
7108  -31.215  -67.491  -3.934 0.1000000015
7125  -30.454  -67.666  -4.990 0.1000000015
7181  -19.208  -67.294  -9.027 0.1000000015
7795  -34.188  -66.208  0.169 0.1000000015
7821  -33.569  -66.776  -0.831 0.1000000015
7855  -31.273  -67.146  -3.962 0.1000000015
7905  -16.807  -66.657  -6.684 0.1000000015
7986  -24.050  -66.937  -14.332 0.1000000015
8581  -34.062  -66.307  -0.477 0.1000000015
8582  -34.336  -66.019  -0.133 0.1000000015
8652  -17.415  -65.215  -6.189 0.1000000015
8653  -17.906  -65.049  -6.581 0.1000000015
8674  -29.625  -65.419  -9.366 0.1000000015
8688  -25.260  -65.922  -10.093 0.1000000015
8694  -29.954  -65.252  -9.586 0.1000000015
8742  -24.473  -65.120  -14.432 0.1000000015
9339  -35.332  -64.007  1.074 0.1000000015
9402  -18.442  -63.927  -5.935 0.1000000015
9447  -30.444  -64.934  -9.248 0.1000000015
9542  -24.527  -64.307  -14.568 0.1000000015
9559  -24.336  -64.282  -15.257 0.1000000015
10110  -33.599  -64.372  -1.308 0.1000000015
10150  -17.386  -63.792  -4.695 0.1000000015
10153  -19.221  -63.221  -5.743 0.1000000015
10210  -28.423  -63.008  -9.684 0.2000000030
10291  -24.499  -64.068  -14.885 0.1000000015
11006  -29.988  -62.380  -12.083 0.2000000030
11698  -20.361  -62.018  -4.764 0.1000000015
11783  -22.079  -61.251  -10.365 0.1000000015
12447  -33.971  -59.841  1.221 0.1000000015
12497  -22.140  -61.269  -3.808 0.1000000015
12636  -21.324  -59.978  -10.898 0.1000000015
13365  -35.774  -59.634  -5.887 0.3000000119
13404  -21.727  -59.561  -8.588 0.1000000015
13410  -31.501  -59.283  -9.024 0.2000000030
13995  -26.723  -58.631  3.777 0.1000000015
14091  -22.779  -57.885  -6.128 0.1000000015
14099  -36.967  -58.906  -5.369 0.3000000119
14126  -23.858  -58.781  -7.288 0.1000000015
14808  -36.468  -56.977  -0.134 0.3000000119
14839  -38.900  -57.457  -1.803 0.4000000060
14851  -30.988  -56.616  -3.818 0.5000000000
14876  -38.028  -58.002  -4.060 0.3000000119
14886  -21.943  -56.917  -5.862 0.1000000015
14903  -23.520  -57.610  -6.051 0.1000000015
15636  -38.850  -57.009  -0.817 0.4000000060
15652  -38.580  -56.648  -1.533 0.4000000060
15672  -38.162  -56.727  -2.478 0.5000000000
15701  -24.291  -55.898  -5.189 0.1000000015
15717  -29.436  -55.837  -5.531 0.3000000119
15728  -24.552  -56.923  -6.283 0.1000000015
16435  -25.995  -56.295  5.183 0.1000000015
16451  -28.602  -55.217  2.467 0.3000000119
16499  -30.263  -54.832  -2.009 0.4000000060
16547  -24.436  -55.365  -4.862 0.1000000015
16549  -29.338  -55.159  -5.119 0.5000000000
16562  -24.506  -55.796  -5.305 0.1000000015
17276  -26.178  -54.536  6.223 0.1000000015
17386  -22.920  -53.821  -3.986 0.1000000015
17411  -25.542  -54.215  -5.727 0.1000000015
17412  -29.289  -54.980  -5.387 0.4000000060
18120  -25.994  -54.250  7.044 0.1000000015
18242  -24.666  -53.492  -3.897 0.1000000015
18250  -22.149  -53.702  -4.845 0.1000000015
18252  -24.768  -54.050  -4.320 0.1000000015
18264  -25.449  -53.934  -5.335 0.1000000015
18286  -21.985  -53.543  -7.335 0.1000000015
18287  -26.822  -53.716  -6.865 0.1000000015
18291  -36.177  -53.529  -8.173 0.1000000015
19101  -22.071  -53.280  -5.208 0.1000000015
19919  -30.215  -52.171  -1.532 0.4000000060
19927  -24.684  -50.965  -3.310 0.1000000015
20707  -29.341  -50.279  6.793 0.1000000015
20718  -28.423  -50.752  5.579 0.2000000030
20861  -35.120  -50.724  -6.204 0.1000000015
21730  -24.473  -49.742  -3.442 0.1000000015
24423  -31.976  -46.615  1.689 0.1000000015
24462  -32.596  -46.963  0.415 0.1000000015
27040  -36.888  -44.301  0.689 0.1000000015
