#!ascii label  , from subject sub-01 vox2ras=TkReg
745
55259  -23.904  -13.084  -4.821 0.4285714328
56132  -24.803  -11.957  -5.692 0.2857142985
55273  -24.320  -12.553  -5.261 0.4285714328
55274  -25.491  -12.245  -5.635 0.4285714328
55275  -26.526  -12.520  -5.608 0.4285714328
55286  -25.870  -11.638  -6.102 0.2857142985
55287  -26.469  -11.779  -6.046 0.4285714328
55288  -27.345  -11.894  -5.994 0.4285714328
57044  -25.836  -10.492  -6.868 0.4285714328
56144  -27.193  -11.106  -6.390 0.4285714328
57045  -26.860  -10.151  -6.885 0.4285714328
57926  -27.805  -9.480  -7.044 0.4285714328
58809  -26.872  -8.608  -7.758 0.5714285970
58790  -27.612  -8.657  -7.405 0.5714285970
99240  -28.533  -7.900  -7.242 0.2857142985
99252  -27.454  -7.563  -7.908 0.7142857313
99243  -28.895  -6.275  -7.659 0.7142857313
99228  -29.528  -6.359  -7.348 0.4285714328
99241  -28.594  -6.987  -7.441 0.7142857313
99244  -29.255  -5.498  -7.778 0.5714285970
99253  -28.141  -6.358  -8.036 0.5714285970
62786  -29.043  -4.783  -8.184 0.5714285970
99231  -29.753  -4.780  -7.537 0.5714285970
61258  -28.642  -5.762  -8.053 0.5714285970
99232  -30.128  -4.453  -7.256 0.4285714328
99245  -29.394  -3.784  -8.311 0.5714285970
63570  -30.088  -2.944  -8.095 0.5714285970
99256  -28.292  -4.267  -9.182 0.7142857313
64322  -30.041  -2.400  -8.521 0.7142857313
63571  -30.664  -2.691  -7.280 0.5714285970
99281  -27.627  -4.518  -10.037 0.5714285970
62795  -28.844  -3.154  -9.098 0.8571428657
64323  -30.438  -2.098  -8.196 0.7142857313
64324  -31.029  -1.392  -7.647 0.5714285970
62807  -28.450  -3.239  -9.839 0.5714285970
64331  -30.880  -0.886  -8.171 0.7142857313
63595  -29.178  -2.435  -9.408 0.7142857313
64330  -30.572  -1.260  -8.435 0.7142857313
65059  -30.699  -0.447  -8.545 0.5714285970
64329  -29.960  -1.798  -9.022 0.7142857313
65817  -31.280  0.086  -7.719 0.5714285970
64346  -29.206  -1.652  -9.843 0.7142857313
65078  -30.420  -0.322  -9.107 0.7142857313
65831  -31.001  0.599  -8.358 0.7142857313
65077  -29.770  -0.650  -9.646 0.7142857313
65848  -30.401  0.416  -9.373 0.7142857313
66622  -31.168  1.791  -9.090 0.7142857313
99696  -31.474  1.531  -8.301 0.5714285970
64345  -28.759  -1.659  -10.661 0.5714285970
99697  -31.476  2.404  -9.152 0.5714285970
99647  -32.438  3.020  -8.509 0.5714285970
65847  -29.694  0.340  -10.218 0.8571428657
99698  -31.305  2.838  -9.847 0.7142857313
66620  -30.158  0.970  -10.046 0.8571428657
67404  -30.868  1.970  -9.924 0.7142857313
99709  -31.152  3.592  -10.711 0.8571428657
99700  -32.069  3.590  -9.467 0.5714285970
99707  -31.035  2.996  -10.538 0.8571428657
67416  -30.686  2.392  -10.615 0.8571428657
66635  -30.413  1.583  -10.351 0.8571428657
99718  -31.245  4.519  -11.094 0.8571428657
69111  -31.835  5.225  -11.054 0.8571428657
69899  -30.994  5.428  -11.334 0.8571428657
99727  -30.598  4.484  -11.399 0.8571428657
69915  -29.146  4.919  -11.805 1.0000000000
99716  -30.420  3.584  -11.446 0.8571428657
69898  -29.958  5.215  -11.507 1.0000000000
99726  -29.860  4.141  -11.704 1.0000000000
70608  -30.146  6.282  -11.384 1.0000000000
71346  -27.870  6.947  -12.485 0.7142857313
70623  -28.527  5.456  -12.101 1.0000000000
70606  -28.350  6.562  -12.016 1.0000000000
72802  -28.863  9.516  -11.248 1.0000000000
72801  -27.886  9.416  -12.170 0.8571428657
73534  -28.111  10.663  -11.491 0.8571428657
73535  -28.768  10.194  -11.135 1.0000000000
75078  -29.162  12.754  -10.361 0.8571428657
74295  -28.788  11.731  -10.515 0.8571428657
75882  -30.757  14.017  -10.147 0.8571428657
75065  -31.018  13.324  -10.095 0.8571428657
75895  -28.491  13.860  -11.040 0.5714285970
76730  -30.986  14.797  -9.943 0.7142857313
76731  -31.767  14.825  -10.078 0.5714285970
77616  -28.924  15.678  -10.613 0.5714285970
76737  -29.048  14.850  -10.869 0.5714285970
77607  -29.441  15.992  -10.213 0.4285714328
78410  -30.667  16.640  -9.697 0.4285714328
78411  -31.448  16.604  -9.976 0.4285714328
79064  -29.409  17.550  -9.533 0.2857142985
79057  -28.758  18.059  -8.982 0.2857142985
78408  -28.836  17.052  -9.690 0.2857142985
66621  -30.577  1.324  -9.613 0.7142857313
99656  -31.185  3.142  -10.388 0.8571428657
99715  -31.740  4.388  -10.598 0.8571428657
71329  -28.174  7.212  -12.093 0.8571428657
79610  -28.780  18.576  -6.851 0.1428571492
56131  -24.155  -11.774  -5.814 0.2857142985
56142  -25.170  -11.338  -6.259 0.2857142985
57046  -27.938  -10.319  -6.552 0.4285714328
57925  -27.127  -9.280  -7.332 0.4285714328
56143  -26.260  -11.111  -6.445 0.4285714328
57938  -26.315  -9.397  -7.470 0.5714285970
99266  -28.131  -5.417  -8.566 0.5714285970
99221  -30.818  -3.711  -6.607 0.4285714328
99255  -28.522  -4.908  -8.497 0.7142857313
99233  -30.142  -3.851  -7.375 0.7142857313
63580  -29.574  -2.737  -8.723 0.7142857313
99267  -28.005  -4.209  -9.920 0.5714285970
65818  -31.771  0.563  -7.369 0.5714285970
62808  -28.734  -2.789  -9.585 0.5714285970
65047  -31.521  -0.470  -7.399 0.5714285970
65058  -30.335  -0.912  -8.984 0.7142857313
65832  -31.417  1.123  -7.840 0.5714285970
69087  -32.150  4.234  -10.074 0.5714285970
99714  -30.730  3.015  -11.000 1.0000000000
70609  -31.214  6.458  -11.387 1.0000000000
99733  -29.080  3.986  -12.004 1.0000000000
72093  -27.558  8.383  -13.029 0.7142857313
72077  -27.921  8.339  -12.370 1.0000000000
72078  -28.546  8.323  -11.571 1.0000000000
72800  -27.687  8.897  -12.729 0.7142857313
73514  -28.594  11.163  -10.964 1.0000000000
73515  -29.277  10.410  -10.653 1.0000000000
75897  -30.155  13.886  -10.285 0.7142857313
78409  -29.814  16.735  -9.715 0.7142857313
76728  -29.375  15.351  -10.562 0.7142857313
77609  -31.225  15.698  -9.885 0.7142857313
77615  -28.103  15.725  -10.633 0.4285714328
79067  -31.738  17.512  -10.083 0.4285714328
79058  -29.576  18.188  -9.308 0.2857142985
79065  -30.102  17.506  -9.542 0.4285714328
99265  -27.322  -6.301  -8.914 0.4285714328
54411  -24.996  -12.862  -5.163 0.4285714328
55272  -23.320  -12.273  -5.492 0.2857142985
57055  -26.188  -9.996  -7.133 0.2857142985
59661  -26.665  -8.119  -8.178 0.2857142985
59650  -27.966  -8.203  -7.326 0.4285714328
99254  -28.726  -5.270  -8.212 0.5714285970
99280  -27.548  -5.238  -9.367 0.7142857313
65060  -31.110  -0.423  -7.996 0.5714285970
65830  -30.651  0.055  -8.851 0.7142857313
63594  -28.669  -2.435  -10.123 0.7142857313
65849  -30.712  1.066  -9.055 0.7142857313
65076  -29.111  -1.006  -10.332 0.8571428657
99717  -30.882  4.048  -11.182 0.8571428657
66644  -30.157  1.809  -11.016 0.8571428657
70607  -28.898  6.132  -11.694 1.0000000000
71328  -27.755  7.806  -12.637 0.8571428657
75079  -30.345  12.861  -9.978 0.8571428657
75896  -29.474  13.761  -10.477 0.8571428657
76738  -29.700  14.342  -10.550 0.7142857313
76729  -30.034  14.884  -10.399 0.5714285970
77608  -30.381  15.775  -9.924 0.5714285970
77606  -28.459  16.344  -10.253 0.4285714328
79056  -28.060  17.737  -8.320 0.2857142985
79634  -29.320  18.447  -8.834 0.2857142985
79622  -29.068  18.625  -8.162 0.1428571492
99264  -26.887  -7.085  -8.704 0.2857142985
80228  -32.745  18.963  -11.140 0.2857142985
80227  -32.034  19.594  -10.601 0.1428571492
79641  -32.017  18.400  -10.258 0.2857142985
80836  -31.317  20.765  -10.385 0.1428571492
79640  -31.320  18.479  -9.705 0.1428571492
80223  -31.556  19.026  -9.994 0.1428571492
79645  -33.168  18.382  -11.451 0.2857142985
79644  -32.677  18.370  -10.807 0.2857142985
77635  -32.910  14.966  -13.668 0.2857142985
78423  -33.548  16.358  -12.340 0.2857142985
80226  -31.202  20.207  -10.001 0.1428571492
77618  -33.116  15.537  -11.200 0.2857142985
79071  -33.164  17.439  -11.081 0.2857142985
75909  -33.174  13.330  -11.822 0.1428571492
77621  -33.371  15.381  -11.951 0.2857142985
78418  -33.372  16.446  -11.499 0.2857142985
78416  -32.894  16.505  -10.841 0.2857142985
79070  -32.487  17.457  -10.563 0.2857142985
75923  -34.046  12.544  -13.951 0.1428571492
75916  -33.110  12.993  -12.896 0.1428571492
76753  -33.234  14.194  -12.397 0.4285714328
77617  -32.620  15.624  -10.608 0.2857142985
75092  -32.738  11.993  -11.215 0.2857142985
75899  -32.650  13.824  -10.783 0.4285714328
76739  -32.392  14.813  -10.405 0.2857142985
74309  -33.708  11.228  -11.987 0.1428571492
75908  -32.879  12.762  -11.199 0.2857142985
75884  -32.167  14.293  -10.294 0.4285714328
75080  -31.651  12.506  -10.366 0.5714285970
75883  -31.696  13.796  -10.223 0.7142857313
73538  -32.652  10.408  -11.300 0.1428571492
74308  -32.981  11.215  -11.665 0.1428571492
75081  -32.304  11.888  -10.774 0.4285714328
72806  -33.053  9.581  -11.305 0.2857142985
72804  -31.685  9.471  -10.956 0.7142857313
73516  -30.739  10.443  -10.245 0.8571428657
74297  -31.069  11.557  -10.068 0.5714285970
72807  -33.878  9.600  -11.177 0.2857142985
75077  -28.338  12.786  -11.028 0.5714285970
74296  -29.940  11.595  -10.120 0.8571428657
72083  -33.327  8.858  -11.162 0.1428571492
72064  -31.398  8.942  -10.955 0.7142857313
72084  -33.796  8.761  -10.903 0.1428571492
68285  -27.483  3.546  -13.274 0.5714285970
99741  -28.613  4.721  -12.159 0.8571428657
99747  -28.042  5.210  -12.646 0.4285714328
70621  -27.596  6.151  -13.062 0.5714285970
71331  -30.470  7.307  -11.270 0.8571428657
72783  -29.732  9.292  -10.806 0.8571428657
71318  -33.710  8.021  -10.924 0.2857142985
72080  -30.840  8.175  -11.102 0.8571428657
72785  -31.090  9.085  -10.665 0.8571428657
72045  -34.983  8.202  -9.905 0.4285714328
72082  -32.719  8.691  -11.354 0.7142857313
67429  -27.190  2.559  -13.385 0.2857142985
99740  -28.401  4.145  -12.431 0.5714285970
99746  -27.770  4.346  -12.948 0.5714285970
71330  -29.273  7.239  -11.356 0.8571428657
72079  -29.696  8.342  -11.020 0.8571428657
71316  -32.784  6.897  -11.277 0.4285714328
71332  -31.539  7.429  -11.422 0.8571428657
71304  -34.023  7.347  -10.150 0.4285714328
65097  -28.332  -0.776  -11.814 0.7142857313
65096  -27.790  -0.616  -12.281 0.4285714328
65090  -28.747  -0.752  -11.081 0.7142857313
65871  -28.995  0.869  -11.861 0.8571428657
66642  -28.947  1.219  -12.206 0.5714285970
66649  -27.767  1.614  -13.044 0.5714285970
66651  -29.154  1.817  -12.349 0.8571428657
66650  -28.544  1.581  -12.691 0.5714285970
67430  -28.133  2.525  -13.166 0.5714285970
99725  -29.607  3.295  -11.992 0.7142857313
99732  -28.941  3.466  -12.358 0.5714285970
69887  -32.397  5.754  -10.916 0.7142857313
69901  -32.069  5.823  -11.219 0.7142857313
70588  -34.384  6.942  -9.119 0.2857142985
70597  -33.292  6.640  -10.524 0.4285714328
63593  -28.405  -3.032  -10.616 0.4285714328
63620  -28.236  -2.308  -11.615 0.4285714328
64364  -28.087  -1.654  -12.050 0.4285714328
66634  -29.802  1.123  -10.744 0.7142857313
65861  -29.052  0.402  -11.198 0.7142857313
99724  -30.147  2.541  -11.469 0.8571428657
69097  -32.370  4.937  -10.477 0.7142857313
69877  -33.269  5.515  -9.417 0.2857142985
69876  -32.876  5.717  -10.201 0.5714285970
63605  -28.178  -3.040  -11.291 0.5714285970
64357  -28.456  -1.637  -11.446 0.5714285970
69088  -32.747  4.592  -9.487 0.4285714328
64325  -31.913  -1.253  -7.056 0.4285714328
99687  -32.673  3.032  -8.259 0.4285714328
99689  -33.320  3.617  -7.863 0.4285714328
99699  -32.609  3.535  -8.662 0.4285714328
57927  -28.670  -9.525  -6.669 0.1428571492
99685  -32.447  1.959  -7.852 0.4285714328
99678  -32.973  2.512  -7.648 0.4285714328
58792  -29.215  -8.570  -6.795 0.1428571492
99227  -29.589  -7.317  -7.017 0.1428571492
99220  -30.474  -4.739  -6.849 0.2857142985
64318  -32.430  -1.281  -6.368 0.2857142985
65040  -33.561  -0.142  -6.057 0.2857142985
65039  -32.932  -0.717  -6.394 0.2857142985
63563  -31.190  -2.917  -6.558 0.4285714328
65799  -33.490  1.052  -6.271 0.2857142985
65049  -32.909  -0.251  -6.532 0.2857142985
65819  -32.796  0.354  -6.725 0.4285714328
58793  -30.306  -8.320  -6.403 0.1428571492
58791  -28.346  -8.751  -7.135 0.1428571492
99136  -30.440  -6.767  -6.568 0.2857142985
99209  -30.763  -6.517  -6.414 0.2857142985
99202  -32.547  -4.375  -5.451 0.2857142985
62778  -32.347  -3.242  -5.908 0.2857142985
63564  -31.844  -2.653  -6.336 0.2857142985
63565  -32.584  -2.148  -6.222 0.2857142985
99201  -32.119  -5.543  -5.948 0.2857142985
99208  -31.168  -7.317  -6.211 0.2857142985
99177  -31.569  -5.260  -6.145 0.2857142985
99134  -30.065  -7.041  -6.794 0.2857142985
99211  -31.476  -4.682  -6.217 0.2857142985
57047  -28.873  -10.470  -6.347 0.1428571492
57928  -29.724  -9.558  -6.312 0.1428571492
54394  -24.497  -13.359  -4.738 0.2857142985
53541  -23.986  -13.827  -4.401 0.2857142985
54393  -23.465  -13.584  -4.519 0.2857142985
56145  -28.107  -11.217  -6.253 0.2857142985
54395  -25.088  -13.723  -4.611 0.1428571492
54379  -22.789  -13.891  -4.322 0.2857142985
53533  -22.230  -14.374  -3.944 0.1428571492
99217  -30.404  -7.207  -6.531 0.1428571492
99200  -31.669  -6.499  -6.055 0.2857142985
62777  -31.717  -3.604  -6.240 0.2857142985
64319  -33.270  -1.311  -5.829 0.2857142985
65048  -32.343  -0.460  -6.888 0.4285714328
99683  -33.596  2.058  -6.648 0.2857142985
65870  -28.370  0.426  -12.144 0.7142857313
99684  -32.715  1.420  -7.193 0.4285714328
67431  -28.972  2.609  -12.636 0.5714285970
99686  -32.039  2.523  -8.594 0.4285714328
69089  -33.379  5.014  -8.814 0.2857142985
70576  -34.099  6.424  -9.051 0.2857142985
70587  -33.576  6.418  -9.781 0.5714285970
70610  -32.194  6.502  -11.367 0.7142857313
71303  -33.562  6.887  -10.408 0.2857142985
72784  -30.485  9.466  -10.586 0.8571428657
74299  -32.480  11.274  -11.127 0.4285714328
80222  -30.835  19.674  -9.406 0.1428571492
79074  -33.507  17.435  -11.864 0.2857142985
54412  -25.641  -13.266  -5.076 0.1428571492
55258  -23.335  -12.897  -4.949 0.2857142985
55276  -27.444  -12.605  -5.615 0.1428571492
58781  -30.745  -8.599  -6.180 0.1428571492
99199  -32.043  -7.483  -5.808 0.1428571492
99229  -29.933  -5.708  -7.285 0.2857142985
99210  -31.174  -5.559  -6.278 0.2857142985
63566  -33.332  -2.220  -5.145 0.2857142985
99677  -34.204  1.650  -6.020 0.2857142985
99670  -34.522  2.536  -6.034 0.2857142985
65860  -28.570  -0.177  -11.556 0.7142857313
65878  -27.527  0.663  -12.644 0.4285714328
67437  -27.058  3.296  -13.457 0.2857142985
99679  -34.012  3.068  -7.144 0.2857142985
99695  -31.949  1.523  -7.832 0.4285714328
99688  -34.140  3.980  -7.176 0.1428571492
69073  -33.927  4.713  -8.132 0.4285714328
69072  -33.186  4.309  -8.546 0.4285714328
69863  -34.861  5.813  -8.008 0.1428571492
71317  -33.314  7.200  -10.973 0.5714285970
71333  -32.549  7.609  -11.452 0.7142857313
72771  -35.218  9.060  -10.130 0.2857142985
72787  -35.311  9.530  -10.451 0.1428571492
72065  -34.143  8.431  -10.656 0.4285714328
73519  -34.696  9.831  -10.924 0.1428571492
73518  -32.179  10.780  -10.921 0.5714285970
73539  -33.434  10.424  -11.570 0.1428571492
79636  -30.599  18.677  -9.276 0.1428571492
74298  -31.939  11.432  -10.585 0.5714285970
75094  -33.779  11.801  -12.367 0.1428571492
76746  -33.172  14.545  -11.582 0.2857142985
75093  -33.239  12.071  -11.891 0.2857142985
75105  -33.417  12.340  -12.580 0.1428571492
75114  -34.015  12.286  -13.442 0.1428571492
75113  -33.528  12.393  -13.179 0.1428571492
77628  -33.320  15.170  -12.815 0.2857142985
76765  -32.530  13.633  -14.145 0.2857142985
75931  -32.497  12.728  -14.809 0.1428571492
54414  -27.531  -13.284  -5.334 0.1428571492
65020  -34.155  -0.892  -5.481 0.2857142985
70589  -34.819  7.203  -8.398 0.2857142985
75932  -33.513  12.646  -14.650 0.1428571492
77640  -32.155  14.728  -14.534 0.2857142985
54392  -22.579  -13.335  -4.718 0.2857142985
55289  -28.199  -12.017  -5.976 0.1428571492
99242  -29.168  -6.732  -7.364 0.2857142985
99218  -30.169  -6.586  -6.853 0.2857142985
99230  -30.182  -5.239  -7.140 0.2857142985
63572  -31.342  -2.088  -6.794 0.4285714328
65091  -29.233  -0.325  -10.476 0.7142857313
69900  -31.704  5.874  -11.315 0.7142857313
99644  -29.984  3.648  -11.718 0.8571428657
77610  -31.969  15.669  -10.166 0.2857142985
72062  -30.363  8.777  -10.777 0.8571428657
79066  -30.922  17.642  -9.551 0.2857142985
78415  -32.195  16.549  -10.385 0.2857142985
66643  -29.488  1.504  -11.661 0.8571428657
80230  -32.490  20.124  -11.350 0.1428571492
76740  -32.881  14.732  -10.935 0.2857142985
75900  -33.006  14.101  -11.269 0.2857142985
76758  -33.043  13.856  -13.319 0.1428571492
75922  -33.135  12.618  -13.837 0.1428571492
75898  -32.345  12.945  -10.695 0.5714285970
75907  -32.654  12.497  -10.938 0.4285714328
75091  -32.387  12.348  -10.766 0.5714285970
73537  -32.017  10.125  -10.960 0.4285714328
72805  -32.342  9.466  -11.202 0.5714285970
72819  -31.784  9.744  -10.943 0.7142857313
73536  -31.572  10.093  -10.668 0.7142857313
73517  -31.638  10.711  -10.516 0.7142857313
71335  -33.507  8.428  -11.102 0.4285714328
72063  -31.026  8.772  -10.832 0.8571428657
99739  -28.309  3.411  -12.855 0.5714285970
99753  -27.394  5.361  -13.302 0.4285714328
72081  -31.774  8.575  -11.299 0.8571428657
65879  -28.082  1.059  -12.669 0.4285714328
66648  -26.869  1.533  -13.066 0.2857142985
67423  -29.504  2.335  -12.075 0.7142857313
70596  -32.869  6.420  -10.860 0.5714285970
63606  -28.506  -2.401  -11.033 0.5714285970
69862  -33.944  5.785  -8.790 0.2857142985
99219  -30.439  -5.720  -6.776 0.2857142985
63573  -31.999  -1.873  -6.451 0.2857142985
57912  -30.691  -9.099  -6.119 0.1428571492
58794  -30.783  -7.806  -6.294 0.1428571492
53542  -24.536  -14.045  -4.358 0.1428571492
54380  -23.229  -13.934  -4.288 0.1428571492
53543  -25.674  -14.236  -4.369 0.1428571492
53564  -26.192  -13.622  -4.875 0.1428571492
55277  -28.281  -12.678  -5.641 0.1428571492
74306  -27.437  12.084  -12.028 0.5714285970
73551  -26.515  10.873  -13.495 0.4285714328
73532  -26.717  11.423  -13.050 0.4285714328
73533  -27.300  11.245  -12.498 0.5714285970
73552  -27.237  10.546  -13.141 0.4285714328
74307  -28.160  11.888  -11.270 0.4285714328
72106  -27.063  8.496  -13.852 0.4285714328
72816  -27.385  9.443  -13.236 0.4285714328
72832  -26.942  9.569  -13.887 0.4285714328
73563  -27.016  10.182  -13.711 0.5714285970
72817  -27.502  9.937  -12.757 0.5714285970
73553  -27.549  10.345  -12.381 0.5714285970
99666  -34.952  1.353  -4.825 0.1428571492
99676  -34.406  0.887  -5.457 0.1428571492
99669  -34.867  1.964  -5.352 0.1428571492
58808  -25.966  -8.556  -8.261 0.2857142985
65770  -36.365  -0.009  -3.005 0.1428571492
65021  -34.682  -0.309  -5.027 0.1428571492
99654  -36.989  0.851  -2.974 0.1428571492
65765  -38.334  0.979  -3.443 0.1428571492
57937  -25.417  -9.282  -7.753 0.2857142985
63549  -34.095  -2.210  -4.923 0.1428571492
64305  -35.269  -1.363  -4.333 0.1428571492
64303  -33.926  -1.656  -5.240 0.1428571492
65022  -35.728  -0.508  -3.802 0.1428571492
65001  -38.403  -0.436  -3.318 0.1428571492
64320  -39.483  -1.367  -6.083 0.1428571492
65015  -39.181  -0.056  -4.307 0.1428571492
65023  -39.435  -0.077  -5.431 0.1428571492
99178  -33.355  -4.694  -4.689 0.1428571492
62010  -34.195  -3.672  -4.478 0.1428571492
62762  -33.905  -3.045  -4.746 0.1428571492
62017  -33.089  -4.020  -5.218 0.1428571492
64291  -36.834  -1.880  -3.682 0.1428571492
63528  -35.207  -2.395  -4.302 0.1428571492
65000  -36.958  -0.962  -2.511 0.1428571492
64290  -35.614  -1.890  -4.099 0.1428571492
64279  -38.541  -1.024  -3.518 0.1428571492
64306  -39.232  -1.282  -4.980 0.1428571492
57054  -25.631  -9.911  -7.337 0.2857142985
57043  -24.751  -10.363  -7.155 0.2857142985
57042  -23.627  -10.465  -6.999 0.2857142985
99192  -32.689  -5.600  -5.119 0.1428571492
99184  -33.943  -5.388  -4.322 0.1428571492
99195  -33.577  -4.308  -4.678 0.1428571492
99186  -34.765  -4.229  -4.199 0.1428571492
63530  -37.094  -2.308  -2.623 0.1428571492
62763  -34.642  -3.161  -4.354 0.1428571492
64266  -38.323  -2.335  -3.033 0.1428571492
64293  -38.911  -1.117  -4.029 0.1428571492
64278  -38.314  -1.766  -3.178 0.1428571492
64326  -39.351  -1.431  -7.179 0.1428571492
99135  -32.525  -6.551  -5.350 0.1428571492
99183  -33.288  -6.467  -4.412 0.1428571492
99159  -35.256  -5.347  -3.736 0.1428571492
62711  -37.476  -3.284  -1.929 0.1428571492
62712  -37.842  -3.352  -2.391 0.1428571492
62736  -36.657  -3.419  -3.083 0.1428571492
63495  -38.011  -2.705  -2.620 0.1428571492
63551  -39.446  -2.562  -5.615 0.1428571492
63532  -38.795  -3.135  -3.981 0.1428571492
63567  -39.395  -2.404  -6.667 0.1428571492
99190  -33.535  -7.571  -4.230 0.1428571492
99161  -36.542  -6.428  -2.503 0.1428571492
99169  -34.884  -6.771  -3.332 0.1428571492
99164  -36.207  -5.432  -3.175 0.1428571492
99170  -35.408  -5.678  -3.414 0.1428571492
61954  -38.131  -4.329  -2.685 0.1428571492
61218  -37.688  -4.454  -1.966 0.1428571492
62693  -38.402  -3.588  -3.072 0.1428571492
62738  -39.089  -3.664  -4.317 0.1428571492
62692  -38.055  -3.543  -2.676 0.1428571492
63496  -38.261  -2.817  -2.890 0.1428571492
99148  -37.597  -7.644  -2.947 0.1428571492
99140  -35.845  -7.495  -3.162 0.1428571492
99139  -34.374  -7.184  -3.545 0.1428571492
60425  -37.757  -6.036  -2.010 0.1428571492
59579  -37.842  -6.451  -2.166 0.1428571492
99179  -37.870  -4.968  -2.163 0.1428571492
62739  -39.379  -3.541  -5.089 0.1428571492
61996  -39.079  -4.609  -3.978 0.1428571492
99157  -37.019  -6.161  -2.851 0.1428571492
99185  -34.936  -5.358  -4.040 0.1428571492
61975  -36.408  -4.314  -3.160 0.1428571492
62779  -33.045  -3.342  -5.316 0.1428571492
63576  -38.943  -2.441  -7.696 0.1428571492
64333  -38.870  -1.422  -8.144 0.1428571492
65041  -34.219  -0.121  -5.476 0.1428571492
62764  -39.542  -3.586  -5.818 0.1428571492
62780  -39.470  -3.220  -6.329 0.1428571492
63583  -38.471  -2.101  -8.512 0.1428571492
71362  -27.116  7.500  -13.803 0.4285714328
65042  -39.492  -0.373  -6.638 0.1428571492
65766  -38.810  1.101  -3.754 0.1428571492
99667  -35.099  1.738  -5.044 0.1428571492
76777  -31.342  13.193  -15.545 0.1428571492
99141  -32.958  -6.825  -5.020 0.1428571492
99648  -36.675  1.160  -3.499 0.1428571492
99655  -37.658  2.338  -3.620 0.1428571492
65002  -38.721  -0.070  -3.604 0.1428571492
63550  -34.466  -2.456  -4.539 0.1428571492
64289  -35.170  -1.956  -4.388 0.1428571492
64304  -34.734  -1.662  -4.705 0.1428571492
65012  -36.101  -1.560  -3.848 0.1428571492
65013  -36.909  -1.556  -3.561 0.1428571492
99193  -33.223  -5.093  -4.699 0.1428571492
63529  -36.225  -2.501  -3.666 0.1428571492
64292  -37.248  -1.789  -2.561 0.1428571492
62735  -35.457  -3.289  -3.893 0.1428571492
64277  -37.912  -2.103  -2.672 0.1428571492
63511  -38.612  -1.804  -3.696 0.1428571492
99187  -35.314  -4.269  -3.593 0.1428571492
99171  -35.408  -5.200  -3.608 0.1428571492
63509  -37.632  -2.430  -2.332 0.1428571492
63508  -37.104  -2.591  -1.742 0.1428571492
63510  -38.556  -2.688  -3.455 0.1428571492
63533  -38.966  -2.477  -4.408 0.1428571492
99191  -32.883  -7.439  -5.044 0.1428571492
99182  -34.121  -7.145  -3.883 0.1428571492
62710  -36.620  -3.542  -1.898 0.1428571492
61953  -37.845  -4.147  -2.319 0.1428571492
61976  -37.592  -4.162  -2.858 0.1428571492
99180  -35.577  -4.897  -3.164 0.1428571492
99146  -37.600  -6.847  -2.816 0.1428571492
99153  -37.030  -5.176  -2.772 0.1428571492
61978  -38.640  -4.514  -3.228 0.1428571492
62713  -38.776  -3.692  -3.662 0.1428571492
62011  -39.510  -4.395  -5.609 0.1428571492
99166  -37.913  -4.990  -2.495 0.1428571492
99158  -37.780  -5.966  -2.510 0.1428571492
53532  -21.134  -14.322  -4.082 0.1428571492
54378  -21.835  -13.783  -4.463 0.1428571492
54377  -20.687  -13.384  -4.521 0.1428571492
54391  -21.666  -13.090  -4.887 0.1428571492
55257  -22.460  -12.688  -5.199 0.1428571492
55271  -22.418  -12.010  -5.661 0.1428571492
56130  -23.210  -11.601  -6.043 0.1428571492
56141  -24.022  -11.102  -6.471 0.1428571492
55270  -21.821  -11.746  -5.673 0.1428571492
56129  -22.178  -11.269  -6.144 0.1428571492
56140  -23.074  -10.923  -6.472 0.1428571492
57041  -22.744  -10.361  -6.820 0.1428571492
57923  -23.101  -9.855  -7.339 0.1428571492
57936  -24.492  -9.430  -7.799 0.1428571492
57924  -23.905  -9.955  -7.521 0.1428571492
58807  -24.879  -8.656  -8.310 0.2857142985
99295  -27.049  -4.614  -10.464 0.4285714328
62806  -28.058  -3.824  -10.459 0.4285714328
71345  -27.532  7.273  -13.028 0.2857142985
73550  -25.617  10.694  -13.403 0.2857142985
74320  -25.832  11.919  -12.969 0.2857142985
74305  -26.550  12.306  -12.646 0.2857142985
57053  -25.102  -9.788  -7.549 0.1428571492
58806  -23.760  -8.415  -8.193 0.1428571492
99292  -25.244  -8.172  -8.662 0.2857142985
99263  -26.286  -7.641  -8.719 0.1428571492
55256  -21.462  -12.288  -5.295 0.1428571492
57935  -23.450  -9.229  -7.746 0.1428571492
58820  -24.283  -7.632  -8.674 0.2857142985
99276  -25.719  -8.038  -8.694 0.2857142985
99277  -25.288  -7.620  -9.004 0.2857142985
60518  -27.145  -5.736  -9.542 0.4285714328
99301  -26.394  -4.794  -10.468 0.2857142985
99759  -27.081  6.569  -13.721 0.2857142985
99765  -26.267  6.754  -13.816 0.2857142985
71361  -26.568  7.615  -14.022 0.2857142985
73561  -26.055  10.016  -13.972 0.2857142985
72815  -24.831  9.771  -12.979 0.2857142985
99279  -26.466  -6.773  -9.253 0.2857142985
69914  -26.461  5.363  -13.521 0.2857142985
71360  -25.418  7.710  -13.630 0.2857142985
72104  -25.298  8.901  -13.645 0.2857142985
72105  -26.090  8.636  -14.138 0.2857142985
73562  -26.464  10.167  -13.891 0.2857142985
99776  -25.037  7.065  -13.103 0.2857142985
99294  -26.954  -5.251  -10.033 0.4285714328
72830  -25.710  9.601  -13.860 0.2857142985
54390  -21.051  -12.807  -4.887 0.1428571492
56139  -22.472  -10.748  -6.491 0.1428571492
60517  -26.647  -6.011  -9.669 0.4285714328
99775  -24.239  7.578  -12.400 0.2857142985
62821  -27.384  -3.507  -11.370 0.2857142985
62052  -27.439  -4.206  -10.735 0.2857142985
80269  -32.578  19.806  -15.433 0.1428571492
79678  -31.991  18.580  -16.088 0.1428571492
79091  -33.005  17.528  -14.613 0.1428571492
78437  -32.903  16.194  -14.114 0.1428571492
81536  -31.770  21.779  -16.126 0.1428571492
79088  -33.334  17.464  -13.743 0.1428571492
79648  -33.295  18.505  -12.371 0.1428571492
80842  -32.661  20.596  -12.954 0.1428571492
62834  -27.208  -2.909  -11.699 0.2857142985
63619  -27.657  -2.529  -11.794 0.2857142985
77649  -31.601  14.907  -15.192 0.1428571492
79119  -31.029  17.581  -16.879 0.1428571492
78433  -33.425  16.258  -13.259 0.1428571492
78449  -32.263  16.187  -15.014 0.1428571492
79651  -33.283  18.627  -13.392 0.1428571492
80233  -33.142  19.694  -13.107 0.1428571492
80231  -32.882  19.554  -11.816 0.1428571492
79077  -33.475  17.435  -12.799 0.1428571492
79666  -33.023  18.830  -15.073 0.1428571492
80253  -32.836  20.240  -14.895 0.1428571492
79104  -32.573  17.764  -15.355 0.1428571492
79663  -33.219  18.785  -14.314 0.1428571492
79103  -31.842  16.736  -15.795 0.1428571492
99764  -25.377  5.667  -13.007 0.1428571492
99771  -25.578  6.498  -13.416 0.1428571492
72092  -24.544  8.726  -12.774 0.1428571492
99782  -23.458  8.986  -11.154 0.1428571492
72091  -24.159  9.379  -12.284 0.1428571492
73530  -23.181  10.702  -10.631 0.1428571492
74303  -23.365  11.159  -10.934 0.1428571492
74293  -23.132  11.337  -10.341 0.2857142985
65869  -27.782  0.105  -12.329 0.2857142985
65103  -27.117  0.181  -12.515 0.1428571492
67436  -26.673  3.116  -13.371 0.1428571492
68288  -26.746  3.673  -13.355 0.1428571492
69122  -25.538  4.575  -12.915 0.1428571492
99770  -24.768  6.469  -12.696 0.1428571492
72814  -23.933  10.014  -11.943 0.1428571492
74318  -24.437  12.017  -11.998 0.1428571492
74304  -23.712  11.761  -11.196 0.1428571492
75102  -24.123  12.581  -11.559 0.2857142985
75088  -25.210  13.357  -12.196 0.2857142985
76735  -26.301  15.149  -11.024 0.2857142985
76734  -25.048  15.381  -10.273 0.2857142985
77614  -26.820  15.982  -10.443 0.2857142985
79059  -30.200  18.223  -9.408 0.1428571492
79047  -27.655  17.828  -7.430 0.1428571492
75089  -26.593  13.311  -12.218 0.2857142985
75087  -24.157  13.322  -11.505 0.2857142985
76745  -26.017  14.698  -11.481 0.2857142985
76744  -25.415  14.985  -11.236 0.2857142985
76736  -27.710  15.005  -10.962 0.2857142985
78407  -27.765  17.003  -9.613 0.1428571492
77604  -25.319  15.943  -9.468 0.2857142985
75880  -24.679  14.476  -9.477 0.1428571492
74294  -23.191  12.098  -9.961 0.2857142985
77613  -25.724  16.048  -10.291 0.2857142985
78406  -26.523  16.785  -9.527 0.1428571492
78413  -25.764  16.409  -9.718 0.2857142985
78400  -27.176  17.484  -8.452 0.1428571492
78405  -25.765  16.289  -8.843 0.1428571492
73497  -22.783  10.845  -9.242 0.2857142985
77600  -25.561  15.691  -8.474 0.1428571492
78394  -26.745  17.327  -6.883 0.1428571492
78398  -25.712  16.017  -7.666 0.1428571492
72762  -23.619  10.329  -9.104 0.1428571492
70577  -34.528  6.541  -8.504 0.1428571492
67428  -26.186  2.555  -13.110 0.1428571492
72046  -35.622  8.606  -9.178 0.1428571492
99774  -23.760  6.542  -11.893 0.1428571492
99786  -22.259  8.152  -10.082 0.1428571492
72782  -22.833  10.316  -9.317 0.1428571492
73549  -24.472  11.006  -12.286 0.1428571492
74275  -22.913  11.387  -9.474 0.2857142985
75076  -24.277  13.986  -11.246 0.1428571492
75904  -25.715  14.288  -11.756 0.2857142985
75893  -24.661  14.532  -10.942 0.1428571492
78399  -26.254  16.701  -7.979 0.1428571492
71305  -34.997  7.820  -8.695 0.1428571492
71306  -35.578  8.441  -8.515 0.1428571492
75894  -27.445  14.378  -11.323 0.2857142985
78401  -28.118  17.480  -9.039 0.1428571492
77605  -27.522  16.455  -10.237 0.2857142985
75090  -27.587  12.978  -11.681 0.2857142985
75906  -27.780  13.615  -11.415 0.2857142985
99752  -27.231  4.548  -13.348 0.1428571492
74319  -25.037  11.856  -12.652 0.1428571492
75104  -25.205  12.493  -12.512 0.1428571492
69913  -24.318  5.424  -12.254 0.1428571492
72799  -23.388  10.107  -11.068 0.1428571492
69123  -26.409  4.272  -13.278 0.1428571492
73513  -22.856  10.779  -9.839 0.1428571492
73531  -23.624  10.798  -11.408 0.1428571492
68284  -26.164  3.592  -13.149 0.1428571492
75103  -24.677  12.679  -12.144 0.2857142985
75086  -23.721  12.791  -10.693 0.2857142985
78414  -26.080  16.501  -10.138 0.2857142985
75905  -26.788  14.107  -11.634 0.2857142985
79635  -29.841  18.836  -8.752 0.1428571492
75075  -23.982  13.658  -10.361 0.1428571492
99296  -23.547  -7.642  -8.361 0.1428571492
99293  -24.569  -6.751  -9.242 0.1428571492
99283  -23.221  -6.832  -8.394 0.1428571492
61257  -23.306  -6.152  -8.654 0.1428571492
61271  -23.655  -5.564  -9.168 0.1428571492
61280  -24.192  -4.959  -9.664 0.1428571492
61272  -24.527  -6.081  -9.485 0.1428571492
99278  -25.586  -6.965  -9.342 0.1428571492
61282  -25.995  -5.454  -10.178 0.1428571492
99306  -25.876  -4.894  -10.455 0.1428571492
99312  -24.666  -4.326  -10.073 0.1428571492
62820  -26.345  -3.429  -11.274 0.1428571492
63618  -26.786  -2.381  -11.802 0.1428571492
64363  -27.328  -1.578  -12.207 0.1428571492
74276  -23.119  11.882  -8.762 0.1428571492
60515  -25.063  -6.347  -9.558 0.1428571492
99282  -22.932  -7.556  -8.035 0.1428571492
99297  -23.788  -6.622  -8.861 0.1428571492
76727  -25.044  15.268  -9.048 0.1428571492
60516  -25.781  -6.224  -9.691 0.1428571492
99302  -26.745  -4.202  -10.921 0.1428571492
61256  -22.638  -5.504  -8.136 0.1428571492
61281  -24.886  -5.531  -9.834 0.1428571492
99311  -25.407  -4.943  -10.328 0.1428571492
99307  -25.733  -4.242  -10.646 0.1428571492
62030  -22.991  -4.310  -8.750 0.1428571492
99269  -22.098  -7.426  -7.481 0.1428571492
58782  -31.202  -8.357  -6.027 0.1428571492
61977  -37.683  -3.911  -2.100 0.1428571492
62737  -37.081  -2.997  -2.608 0.1428571492
63531  -37.429  -1.976  -2.212 0.1428571492
64265  -38.161  -2.241  -2.856 0.1428571492
65014  -36.804  -0.698  -2.495 0.1428571492
65104  -27.426  -0.033  -12.399 0.2857142985
68289  -27.079  3.658  -13.399 0.1428571492
69126  -26.930  4.168  -13.396 0.1428571492
70586  -33.126  6.310  -10.366 0.4285714328
70622  -28.078  6.361  -12.373 0.8571428657
71334  -33.229  8.113  -11.294 0.4285714328
72761  -22.760  10.544  -9.098 0.2857142985
72770  -34.622  8.894  -10.483 0.2857142985
72786  -34.510  9.169  -10.670 0.1428571492
72803  -31.208  9.696  -10.611 0.7142857313
72818  -31.605  9.806  -10.788 0.7142857313
72831  -26.424  9.434  -14.064 0.4285714328
73479  -22.874  10.782  -8.980 0.2857142985
73554  -31.749  10.035  -10.800 0.7142857313
73555  -31.887  9.925  -10.964 0.7142857313
75064  -30.574  13.505  -10.145 0.8571428657
79114  -31.417  16.935  -16.417 0.1428571492
79679  -32.650  18.754  -15.486 0.1428571492
99142  -36.114  -6.284  -3.042 0.1428571492
99147  -37.902  -6.938  -2.312 0.1428571492
99151  -36.444  -6.850  -3.127 0.1428571492
99152  -37.684  -6.286  -2.746 0.1428571492
99165  -33.488  -4.866  -4.568 0.1428571492
99167  -37.669  -4.261  -2.101 0.1428571492
99176  -29.364  -5.022  -7.842 0.5714285970
99194  -34.280  -4.811  -4.307 0.1428571492
99661  -29.225  3.553  -12.134 0.5714285970
99708  -31.672  3.746  -10.141 0.5714285970
99869  -31.268  18.696  -16.632 0.1428571492
99870  -31.445  19.483  -16.398 0.1428571492
99871  -30.755  18.553  -17.044 0.1428571492
99872  -30.961  19.253  -16.777 0.1428571492
99873  -31.746  19.775  -16.074 0.1428571492
99874  -31.095  19.800  -16.704 0.1428571492
