#!ascii label  , from subject sub-01 vox2ras=TkReg
928
44100  28.866  -15.906  43.788 0.0000000000
58814  33.096  0.383  35.883 0.0000000000
51431  27.442  -7.600  41.402 0.0000000000
34826  12.422  -25.523  51.386 0.0000000000
45926  22.768  -12.965  49.390 0.0000000000
55093  28.703  -4.304  40.761 0.0000000000
38551  18.234  -20.692  48.265 0.0000000000
34063  16.548  -27.205  49.000 0.0000000000
43136  18.742  -16.901  46.649 0.0000000000
58810  36.966  0.640  35.276 0.0000000000
46981  30.284  -12.190  45.728 0.0000000000
47941  28.007  -10.876  44.633 0.0000000000
45052  33.250  -14.010  44.919 0.0000000000
63113  34.274  5.389  36.278 0.0000000000
62251  37.393  4.685  33.848 0.0000000000
56933  31.595  -1.473  38.862 0.0000000000
54192  34.631  -4.341  36.835 0.0000000000
53268  31.169  -5.336  38.478 0.0000000000
50556  31.341  -8.655  39.635 0.0000000000
41448  26.524  -18.573  45.434 0.0000000000
31561  10.737  -30.211  54.071 0.0000000000
31563  7.346  -29.778  54.377 0.0000000000
31532  3.944  -30.254  56.888 0.0000000000
44065  25.559  -15.370  45.200 0.0000000000
43150  22.765  -16.158  45.959 0.0000000000
51383  24.743  -7.530  44.994 0.0000000000
51382  29.007  -7.899  44.174 0.0000000000
65680  40.109  7.633  32.937 0.0000000000
58812  34.957  0.586  35.398 0.0000000000
56967  36.099  -1.735  36.365 0.0000000000
45076  29.600  -14.669  43.791 0.0000000000
46054  30.801  -13.377  43.522 0.0000000000
44078  31.370  -15.756  44.089 0.0000000000
61328  32.004  2.711  37.311 0.0000000000
62196  33.990  4.316  37.748 0.0000000000
61354  33.109  3.222  35.830 0.0000000000
60537  34.655  3.130  35.036 0.0000000000
26426  5.223  -35.620  58.358 0.0000000000
55126  31.269  -3.433  37.986 0.0000000000
55101  31.045  -3.392  40.031 0.0000000000
53246  27.947  -5.989  40.855 0.0000000000
52345  29.487  -6.463  39.552 0.0000000000
50544  29.572  -8.444  40.420 0.0000000000
50506  30.653  -8.378  42.082 0.0000000000
34050  14.307  -26.685  50.183 0.0000000000
33224  15.907  -27.964  52.110 0.0000000000
33226  13.830  -27.344  52.296 0.0000000000
32386  12.562  -28.927  54.393 0.0000000000
33228  11.882  -27.666  52.472 0.0000000000
32388  7.972  -28.214  54.380 0.0000000000
30754  5.482  -30.948  55.423 0.0000000000
46961  23.648  -13.349  47.204 0.0000000000
45059  23.786  -15.408  44.827 0.0000000000
46010  21.941  -13.905  45.880 0.0000000000
38583  20.728  -21.116  46.741 0.0000000000
40489  20.725  -18.887  46.897 0.0000000000
50468  32.741  -9.509  44.694 0.0000000000
49609  28.393  -9.429  44.044 0.0000000000
55081  30.111  -2.932  41.026 0.0000000000
55067  27.610  -3.684  42.520 0.0000000000
54123  26.793  -5.076  42.673 0.0000000000
36712  19.375  -23.014  46.824 0.0000000000
34856  18.809  -25.278  49.254 0.0000000000
36693  17.359  -23.678  47.633 0.0000000000
36676  15.493  -24.061  48.761 0.0000000000
36644  13.078  -24.304  50.676 0.0000000000
44999  19.304  -14.303  47.569 0.0000000000
44014  18.347  -15.420  48.803 0.0000000000
41415  18.073  -18.453  47.516 0.0000000000
47891  28.072  -11.258  48.460 0.0000000000
48762  26.748  -11.028  46.347 0.0000000000
47939  29.531  -11.498  44.249 0.0000000000
47949  31.724  -11.732  43.577 0.0000000000
64856  37.432  7.386  34.739 0.0000000000
63143  35.809  5.246  34.592 0.0000000000
60535  36.583  2.739  34.432 0.0000000000
57882  31.473  -0.196  37.354 0.0000000000
56057  33.581  -2.616  36.220 0.0000000000
55142  31.870  -3.384  36.939 0.0000000000
53292  32.938  -5.045  37.083 0.0000000000
51464  33.778  -7.400  38.627 0.0000000000
54160  29.983  -4.698  39.435 0.0000000000
51466  31.830  -7.094  38.699 0.0000000000
41462  28.085  -17.851  44.270 0.0000000000
42270  30.572  -17.289  45.437 0.0000000000
59650  32.193  0.921  38.968 0.0000000000
34812  10.402  -25.454  52.762 0.0000000000
32413  9.692  -28.523  52.976 0.0000000000
30779  8.801  -29.965  53.860 0.0000000000
29857  8.905  -31.734  56.857 0.0000000000
28959  7.152  -32.363  55.871 0.0000000000
28935  5.812  -33.028  56.197 0.0000000000
28083  4.512  -33.822  56.428 0.0000000000
29861  2.691  -32.444  57.086 0.0000000000
44080  27.480  -15.902  44.726 0.0000000000
43163  26.039  -16.627  44.651 0.0000000000
42273  24.262  -17.918  45.327 0.0000000000
44049  20.664  -15.151  46.391 0.0000000000
51420  25.947  -7.460  43.099 0.0000000000
48773  25.816  -9.950  45.542 0.0000000000
49623  26.208  -9.027  43.891 0.0000000000
50510  27.422  -8.430  42.483 0.0000000000
43114  32.568  -16.507  47.224 0.0000000000
64038  40.992  6.254  31.347 0.0000000000
64019  38.550  6.313  33.073 0.0000000000
62270  39.869  4.605  32.036 0.0000000000
58813  34.030  0.515  35.516 0.0000000000
56989  35.713  -0.944  36.081 0.0000000000
56991  33.920  -1.025  35.898 0.0000000000
44099  29.456  -15.496  43.635 0.0000000000
44098  30.107  -15.152  43.444 0.0000000000
43175  30.044  -15.880  43.601 0.0000000000
59676  32.137  1.476  36.524 0.0000000000
61337  32.272  3.038  36.808 0.0000000000
59698  32.808  1.445  35.949 0.0000000000
59697  33.656  1.396  35.487 0.0000000000
26427  4.616  -36.042  58.320 0.0000000000
56018  31.620  -2.669  39.486 0.0000000000
56009  31.590  -2.972  40.526 0.0000000000
52335  27.877  -6.588  40.749 0.0000000000
52334  28.435  -6.886  40.225 0.0000000000
51442  27.974  -7.613  40.851 0.0000000000
50528  30.120  -8.764  41.285 0.0000000000
50546  28.087  -8.209  41.145 0.0000000000
34825  13.143  -25.690  50.833 0.0000000000
33242  13.722  -26.960  51.506 0.0000000000
34039  12.571  -26.405  51.644 0.0000000000
33227  12.866  -27.254  52.620 0.0000000000
34040  11.820  -26.373  51.944 0.0000000000
46939  23.098  -13.085  48.002 0.0000000000
46984  22.763  -13.215  47.133 0.0000000000
45967  21.401  -13.110  47.331 0.0000000000
37631  20.612  -22.954  48.181 0.0000000000
49570  25.816  -9.112  48.285 0.0000000000
50470  31.190  -8.886  44.917 0.0000000000
55068  26.986  -4.444  42.876 0.0000000000
55057  26.956  -4.073  43.611 0.0000000000
38586  18.633  -21.888  46.873 0.0000000000
35787  18.620  -23.784  47.161 0.0000000000
37681  17.876  -23.127  47.244 0.0000000000
36657  16.084  -23.084  49.090 0.0000000000
36658  15.506  -23.254  49.341 0.0000000000
36660  13.973  -24.353  49.570 0.0000000000
44967  18.668  -13.486  50.082 0.0000000000
41383  17.688  -18.444  49.194 0.0000000000
42215  17.763  -17.619  48.959 0.0000000000
40465  18.251  -19.668  47.586 0.0000000000
39490  18.862  -20.731  46.845 0.0000000000
47920  28.645  -11.607  46.277 0.0000000000
47928  29.596  -11.934  45.278 0.0000000000
45073  31.873  -14.142  43.675 0.0000000000
47034  31.192  -12.500  43.458 0.0000000000
47015  33.045  -12.776  44.219 0.0000000000
47938  33.583  -11.705  44.561 0.0000000000
46999  33.910  -12.867  45.247 0.0000000000
63108  34.312  5.288  37.228 0.0000000000
63996  35.716  6.361  35.496 0.0000000000
63128  35.307  5.662  35.136 0.0000000000
59695  35.494  1.506  35.066 0.0000000000
59710  36.190  2.033  34.681 0.0000000000
56941  31.246  -1.101  37.961 0.0000000000
56059  31.856  -1.935  36.673 0.0000000000
56040  31.389  -2.240  37.474 0.0000000000
54170  31.023  -4.382  38.556 0.0000000000
54180  32.163  -4.617  37.278 0.0000000000
53279  32.417  -5.224  37.405 0.0000000000
52365  32.915  -6.008  37.723 0.0000000000
52355  32.460  -6.529  38.253 0.0000000000
55082  29.509  -3.158  41.004 0.0000000000
55092  29.419  -3.880  40.506 0.0000000000
54149  29.039  -4.619  40.222 0.0000000000
51456  29.738  -7.512  39.639 0.0000000000
52344  30.384  -6.539  39.171 0.0000000000
51454  32.092  -8.049  39.077 0.0000000000
51453  33.187  -8.128  39.165 0.0000000000
41447  27.460  -18.502  45.170 0.0000000000
41428  28.276  -18.721  45.856 0.0000000000
57862  32.008  -0.581  39.153 0.0000000000
57863  31.480  -0.317  38.523 0.0000000000
58773  31.487  0.663  38.235 0.0000000000
34061  18.066  -26.683  49.769 0.0000000000
33252  17.109  -27.647  50.187 0.0000000000
32387  12.062  -29.210  54.105 0.0000000000
31546  12.328  -29.437  54.983 0.0000000000
30763  11.349  -30.393  55.100 0.0000000000
30764  10.667  -30.587  54.697 0.0000000000
34800  9.637  -25.687  53.610 0.0000000000
34029  9.742  -26.818  52.744 0.0000000000
34015  9.237  -26.810  53.275 0.0000000000
32406  7.874  -29.052  54.161 0.0000000000
31575  8.407  -29.439  53.853 0.0000000000
31562  8.140  -30.067  54.090 0.0000000000
30751  8.960  -31.102  55.198 0.0000000000
29889  7.898  -31.288  54.964 0.0000000000
29873  8.003  -31.792  55.715 0.0000000000
29890  7.486  -31.325  54.894 0.0000000000
31549  5.096  -30.213  55.777 0.0000000000
29875  5.908  -31.733  55.368 0.0000000000
29876  5.200  -31.748  55.798 0.0000000000
28936  4.840  -32.753  56.169 0.0000000000
29859  4.589  -31.787  56.262 0.0000000000
44045  26.537  -15.418  46.174 0.0000000000
44063  27.488  -15.388  45.374 0.0000000000
44064  26.499  -15.553  45.349 0.0000000000
44081  26.317  -15.969  44.814 0.0000000000
44082  25.197  -15.775  44.731 0.0000000000
44066  23.222  -15.417  45.265 0.0000000000
43165  24.176  -16.694  44.707 0.0000000000
43149  23.347  -16.378  45.425 0.0000000000
44028  19.127  -15.075  47.420 0.0000000000
45020  20.014  -14.354  46.627 0.0000000000
44050  19.476  -15.432  46.822 0.0000000000
42241  20.892  -17.528  47.798 0.0000000000
55140  34.037  -3.497  36.407 0.0000000000
55139  34.987  -3.420  36.566 0.0000000000
54178  35.715  -4.431  37.237 0.0000000000
52268  24.685  -6.558  45.747 0.0000000000
52300  25.493  -6.520  43.601 0.0000000000
51402  25.247  -7.494  44.040 0.0000000000
47930  27.299  -11.108  45.116 0.0000000000
48763  26.184  -10.577  46.121 0.0000000000
48771  26.868  -10.620  44.829 0.0000000000
50473  28.231  -8.707  43.809 0.0000000000
49610  27.377  -9.524  43.923 0.0000000000
50489  27.280  -8.834  43.256 0.0000000000
50488  28.036  -8.476  43.041 0.0000000000
51417  29.217  -7.987  42.885 0.0000000000
42253  31.554  -17.041  46.471 0.0000000000
64864  40.514  7.181  32.313 0.0000000000
64021  37.118  6.015  33.915 0.0000000000
64861  37.736  6.975  33.991 0.0000000000
63153  38.188  5.518  33.096 0.0000000000
61403  39.585  4.167  32.318 0.0000000000
60565  40.802  3.101  31.972 0.0000000000
40441  17.759  -19.379  49.405 0.0000000000
38552  18.054  -21.190  48.754 0.0000000000
58811  35.929  0.610  35.314 0.0000000000
57906  37.332  -0.155  35.699 0.0000000000
57907  36.320  -0.171  35.694 0.0000000000
46031  30.268  -13.286  44.552 0.0000000000
47016  30.128  -12.507  44.418 0.0000000000
46055  30.260  -13.558  43.979 0.0000000000
45074  31.156  -14.159  43.405 0.0000000000
44077  31.858  -15.070  44.012 0.0000000000
61322  34.431  3.541  38.350 0.0000000000
61326  33.117  3.548  37.704 0.0000000000
62209  33.259  4.267  36.379 0.0000000000
63130  33.796  4.734  35.944 0.0000000000
62225  34.138  4.256  35.423 0.0000000000
61353  33.905  3.312  35.384 0.0000000000
60516  34.936  1.950  35.073 0.0000000000
27258  6.395  -34.545  58.318 0.0000000000
56024  31.305  -2.425  38.468 0.0000000000
55111  31.062  -3.578  39.077 0.0000000000
54138  28.156  -4.596  41.183 0.0000000000
54162  28.855  -5.325  40.073 0.0000000000
53245  28.378  -5.903  40.387 0.0000000000
51457  29.028  -7.010  39.808 0.0000000000
50557  30.270  -8.324  39.766 0.0000000000
50543  30.646  -8.935  40.394 0.0000000000
50527  31.201  -8.967  41.277 0.0000000000
40511  26.437  -19.313  47.055 0.0000000000
34064  15.347  -26.901  49.378 0.0000000000
33253  15.985  -27.726  50.372 0.0000000000
33255  14.410  -27.135  50.638 0.0000000000
33225  14.877  -27.763  52.174 0.0000000000
32401  13.893  -28.138  53.973 0.0000000000
32403  12.008  -28.729  53.474 0.0000000000
32411  11.122  -28.585  52.773 0.0000000000
34006  8.413  -26.798  54.380 0.0000000000
32389  7.185  -28.689  54.743 0.0000000000
32390  6.649  -29.383  54.851 0.0000000000
30768  6.868  -30.689  54.691 0.0000000000
31548  6.055  -30.005  55.212 0.0000000000
32376  5.336  -29.344  55.803 0.0000000000
32362  4.307  -29.357  57.028 0.0000000000
45018  24.526  -14.292  46.096 0.0000000000
45057  24.884  -14.998  45.023 0.0000000000
46008  23.589  -13.972  45.889 0.0000000000
46009  22.809  -13.927  45.859 0.0000000000
45040  21.778  -14.471  45.888 0.0000000000
41436  19.305  -18.891  46.250 0.0000000000
41452  20.106  -18.074  45.870 0.0000000000
40514  20.596  -19.576  46.601 0.0000000000
53276  35.479  -5.282  37.488 0.0000000000
50446  24.764  -8.230  46.411 0.0000000000
49620  29.831  -10.041  43.894 0.0000000000
48782  28.448  -10.285  44.178 0.0000000000
49608  29.356  -9.446  44.196 0.0000000000
50471  30.245  -8.627  44.869 0.0000000000
65668  39.486  8.490  34.152 0.0000000000
26435  3.178  -35.678  56.576 0.0000000000
55976  29.906  -2.245  42.446 0.0000000000
55977  28.719  -2.779  42.172 0.0000000000
55066  28.144  -3.217  42.059 0.0000000000
55084  27.797  -4.296  41.796 0.0000000000
54140  27.072  -5.277  42.180 0.0000000000
52325  26.913  -6.533  41.805 0.0000000000
36672  20.202  -23.565  48.289 0.0000000000
35712  19.712  -24.835  49.846 0.0000000000
35747  18.967  -24.445  48.054 0.0000000000
35748  18.303  -24.959  48.336 0.0000000000
34876  17.173  -25.948  48.348 0.0000000000
36674  17.046  -22.996  48.226 0.0000000000
35749  16.144  -24.505  48.327 0.0000000000
34077  15.576  -26.116  48.724 0.0000000000
34879  14.845  -25.437  49.011 0.0000000000
34841  13.396  -25.298  50.342 0.0000000000
35714  12.853  -24.776  50.902 0.0000000000
45947  20.946  -13.013  48.328 0.0000000000
45948  19.789  -13.119  48.407 0.0000000000
44982  18.706  -14.733  48.289 0.0000000000
44029  18.754  -15.589  47.676 0.0000000000
44001  18.103  -15.986  49.774 0.0000000000
42227  18.136  -17.168  47.839 0.0000000000
42243  18.358  -17.551  47.045 0.0000000000
40516  19.204  -19.933  46.458 0.0000000000
37678  19.722  -22.514  46.819 0.0000000000
48743  27.170  -10.692  48.291 0.0000000000
48744  26.346  -10.080  48.275 0.0000000000
47906  27.798  -11.261  47.308 0.0000000000
47921  27.429  -11.338  46.166 0.0000000000
47940  28.646  -10.959  44.407 0.0000000000
47035  30.436  -12.370  43.790 0.0000000000
47951  30.245  -11.471  43.690 0.0000000000
48793  29.920  -10.796  43.705 0.0000000000
49617  31.890  -10.604  43.817 0.0000000000
49603  33.706  -10.421  44.866 0.0000000000
64849  37.157  7.728  35.961 0.0000000000
64009  36.714  6.503  34.493 0.0000000000
63142  36.557  5.571  34.235 0.0000000000
62239  35.590  4.414  34.653 0.0000000000
61367  36.089  3.591  34.486 0.0000000000
57889  32.434  -0.366  36.278 0.0000000000
56992  33.255  -0.985  35.976 0.0000000000
56971  32.562  -1.296  36.201 0.0000000000
56058  32.601  -2.432  36.328 0.0000000000
54193  33.604  -4.277  36.650 0.0000000000
54194  32.630  -4.429  36.918 0.0000000000
53290  34.019  -4.770  36.857 0.0000000000
53267  34.560  -5.999  37.677 0.0000000000
52353  34.413  -6.547  38.079 0.0000000000
55091  30.404  -3.279  40.562 0.0000000000
55102  30.263  -3.943  39.802 0.0000000000
54171  30.509  -5.014  38.975 0.0000000000
53256  29.915  -5.597  39.351 0.0000000000
53269  30.592  -5.714  38.972 0.0000000000
52356  31.650  -6.167  38.409 0.0000000000
51465  32.778  -7.327  38.641 0.0000000000
42288  28.605  -17.440  44.266 0.0000000000
42287  29.464  -17.283  44.518 0.0000000000
42272  29.074  -17.701  44.873 0.0000000000
41427  29.365  -18.315  46.240 0.0000000000
60481  32.290  2.227  38.391 0.0000000000
59677  31.683  1.474  37.114 0.0000000000
35698  11.768  -24.712  51.813 0.0000000000
35683  10.901  -24.467  52.704 0.0000000000
34827  11.295  -25.513  52.126 0.0000000000
33244  10.837  -26.903  52.139 0.0000000000
32412  10.321  -28.433  52.711 0.0000000000
31587  10.058  -29.051  53.026 0.0000000000
32405  8.486  -28.615  53.721 0.0000000000
31574  9.267  -29.282  53.367 0.0000000000
30777  10.212  -30.377  54.095 0.0000000000
30765  9.680  -30.727  54.592 0.0000000000
29872  9.189  -31.390  56.024 0.0000000000
28926  6.922  -33.077  57.515 0.0000000000
30753  6.191  -31.033  55.045 0.0000000000
28960  6.328  -32.407  55.741 0.0000000000
28074  6.599  -33.879  57.423 0.0000000000
27269  5.689  -34.446  56.896 0.0000000000
27270  5.011  -34.701  56.793 0.0000000000
27271  4.180  -34.632  56.604 0.0000000000
29860  3.798  -32.226  56.784 0.0000000000
28084  3.664  -33.881  56.396 0.0000000000
27272  3.413  -34.698  56.409 0.0000000000
45055  28.762  -14.929  44.364 0.0000000000
45056  28.065  -15.372  44.705 0.0000000000
43161  28.255  -16.504  44.073 0.0000000000
43162  27.126  -16.630  44.535 0.0000000000
42290  26.802  -17.351  44.556 0.0000000000
41464  26.607  -18.049  44.824 0.0000000000
44083  24.347  -15.937  44.641 0.0000000000
42292  24.631  -17.633  44.970 0.0000000000
41449  25.626  -18.523  45.706 0.0000000000
45968  20.287  -13.473  47.161 0.0000000000
45019  20.635  -14.263  46.215 0.0000000000
44048  21.668  -15.504  46.343 0.0000000000
43134  20.292  -16.402  46.548 0.0000000000
43133  21.295  -16.069  46.718 0.0000000000
43132  22.286  -16.100  46.510 0.0000000000
56969  34.200  -1.811  36.086 0.0000000000
54113  25.915  -5.059  43.837 0.0000000000
52311  26.030  -6.380  42.919 0.0000000000
52310  26.362  -6.904  42.373 0.0000000000
48752  25.754  -9.991  47.271 0.0000000000
48764  25.483  -9.776  46.240 0.0000000000
49599  25.292  -9.293  45.326 0.0000000000
48784  26.861  -10.126  44.456 0.0000000000
49611  26.427  -9.616  44.309 0.0000000000
50475  25.179  -8.422  44.635 0.0000000000
50512  26.206  -8.143  43.259 0.0000000000
50511  26.652  -8.135  42.718 0.0000000000
50531  27.612  -8.143  41.653 0.0000000000
50508  28.844  -8.384  42.154 0.0000000000
43147  31.287  -16.599  44.883 0.0000000000
43146  31.917  -16.058  45.137 0.0000000000
44060  33.083  -15.032  45.726 0.0000000000
43113  33.124  -16.042  47.469 0.0000000000
45012  33.893  -14.329  46.839 0.0000000000
64037  41.532  6.556  31.083 0.0000000000
64860  38.553  7.276  33.748 0.0000000000
64859  39.284  7.598  33.584 0.0000000000
62261  38.646  4.733  32.882 0.0000000000
63163  39.544  5.429  32.307 0.0000000000
64030  39.965  6.267  32.207 0.0000000000
64039  40.447  5.946  31.684 0.0000000000
62285  41.580  4.620  30.710 0.0000000000
57910  33.606  -0.322  35.798 0.0000000000
45077  28.956  -15.294  43.855 0.0000000000
43176  29.407  -16.213  43.704 0.0000000000
58791  32.325  0.553  36.368 0.0000000000
26430  4.275  -35.942  57.515 0.0000000000
52324  27.344  -7.018  41.246 0.0000000000
50545  28.647  -8.236  40.865 0.0000000000
34038  13.321  -26.391  51.072 0.0000000000
34026  12.339  -26.883  52.121 0.0000000000
45945  22.953  -13.047  48.618 0.0000000000
46940  22.561  -13.025  48.017 0.0000000000
45946  22.051  -13.017  48.377 0.0000000000
36656  20.607  -23.775  49.303 0.0000000000
36655  21.110  -23.171  49.347 0.0000000000
49560  26.342  -9.305  49.349 0.0000000000
38569  18.342  -21.156  47.643 0.0000000000
37656  18.078  -22.279  47.325 0.0000000000
38570  17.800  -21.894  47.985 0.0000000000
39467  18.100  -20.185  48.743 0.0000000000
40466  17.932  -19.242  48.264 0.0000000000
39466  18.245  -20.199  47.959 0.0000000000
45053  32.625  -14.298  44.393 0.0000000000
46052  32.458  -13.271  43.864 0.0000000000
46030  33.133  -13.402  44.485 0.0000000000
46029  33.571  -13.394  45.117 0.0000000000
63979  34.919  5.836  37.109 0.0000000000
63985  34.863  5.912  36.656 0.0000000000
63997  34.953  5.884  35.845 0.0000000000
59694  36.543  1.393  34.938 0.0000000000
59693  37.707  1.606  34.895 0.0000000000
28066  7.152  -33.500  58.867 0.0000000000
54181  31.659  -4.523  37.682 0.0000000000
53280  31.791  -5.455  37.931 0.0000000000
52366  32.235  -5.897  37.916 0.0000000000
55999  29.064  -2.973  41.466 0.0000000000
51455  30.935  -7.618  39.186 0.0000000000
50555  32.646  -9.020  39.719 0.0000000000
41429  27.369  -18.923  45.968 0.0000000000
34062  17.449  -26.967  49.330 0.0000000000
34048  17.763  -27.123  50.038 0.0000000000
33264  16.909  -27.515  49.442 0.0000000000
31560  11.547  -29.806  54.217 0.0000000000
31576  7.946  -29.589  54.121 0.0000000000
30767  7.799  -30.737  54.537 0.0000000000
31550  4.489  -30.452  56.260 0.0000000000
30755  4.774  -31.042  55.920 0.0000000000
30739  4.242  -31.177  56.603 0.0000000000
44046  25.669  -15.137  45.959 0.0000000000
44027  25.624  -15.236  46.926 0.0000000000
44067  22.365  -15.433  45.931 0.0000000000
43131  23.056  -16.675  46.121 0.0000000000
44051  18.882  -16.198  46.875 0.0000000000
43135  19.358  -16.642  46.466 0.0000000000
54191  35.298  -3.905  36.864 0.0000000000
51367  24.638  -7.639  45.848 0.0000000000
52285  24.923  -6.475  44.514 0.0000000000
47931  26.626  -10.813  45.371 0.0000000000
51401  28.729  -8.052  43.489 0.0000000000
65679  40.619  7.997  32.799 0.0000000000
63155  37.112  5.359  33.943 0.0000000000
63154  37.544  5.447  33.532 0.0000000000
40417  17.649  -19.430  50.344 0.0000000000
39455  17.846  -20.361  49.742 0.0000000000
41372  17.620  -18.535  50.191 0.0000000000
57908  35.348  -0.204  35.668 0.0000000000
43174  30.454  -15.535  43.549 0.0000000000
44097  30.974  -15.124  43.441 0.0000000000
44096  31.456  -14.630  43.567 0.0000000000
60487  32.452  2.731  38.139 0.0000000000
61324  32.872  3.124  38.057 0.0000000000
61327  32.552  3.162  37.517 0.0000000000
61355  32.711  3.267  36.287 0.0000000000
62210  32.816  3.716  36.639 0.0000000000
62227  33.000  3.748  36.137 0.0000000000
62226  33.450  3.989  35.775 0.0000000000
59696  34.552  1.374  35.255 0.0000000000
27259  5.804  -35.064  58.332 0.0000000000
56932  32.371  -1.792  39.544 0.0000000000
55112  30.538  -4.334  39.156 0.0000000000
54151  28.006  -5.429  40.988 0.0000000000
51441  28.959  -7.696  40.234 0.0000000000
51440  29.478  -7.969  40.029 0.0000000000
50558  29.723  -8.124  39.911 0.0000000000
34049  14.876  -27.024  49.916 0.0000000000
33254  15.004  -27.377  50.299 0.0000000000
33210  14.382  -27.857  53.126 0.0000000000
33211  13.418  -27.724  53.210 0.0000000000
33212  12.621  -27.893  53.138 0.0000000000
32374  7.004  -28.052  55.336 0.0000000000
32375  6.159  -28.566  55.566 0.0000000000
31531  4.649  -29.652  56.341 0.0000000000
46937  24.035  -13.400  47.600 0.0000000000
45964  24.433  -13.678  47.388 0.0000000000
45983  24.670  -13.988  47.011 0.0000000000
45984  24.376  -13.879  46.686 0.0000000000
46007  24.115  -13.979  46.103 0.0000000000
45985  23.770  -13.601  46.572 0.0000000000
45987  22.295  -13.337  46.694 0.0000000000
45039  22.588  -14.605  45.651 0.0000000000
46011  21.412  -14.003  45.842 0.0000000000
40515  19.852  -19.798  46.264 0.0000000000
41435  19.988  -18.923  46.129 0.0000000000
39487  20.955  -20.587  46.835 0.0000000000
50435  24.896  -7.949  47.071 0.0000000000
49581  25.103  -8.702  47.101 0.0000000000
49606  31.331  -9.650  44.247 0.0000000000
49607  30.396  -9.408  44.273 0.0000000000
50454  31.969  -8.748  45.754 0.0000000000
27273  2.716  -34.748  56.131 0.0000000000
54122  27.291  -4.630  42.277 0.0000000000
53235  27.114  -5.759  41.860 0.0000000000
53219  26.606  -5.887  42.445 0.0000000000
36690  19.692  -23.333  47.287 0.0000000000
35746  19.639  -24.225  48.487 0.0000000000
36691  19.224  -23.886  47.420 0.0000000000
36692  17.858  -23.856  47.309 0.0000000000
35766  18.065  -24.422  47.534 0.0000000000
34890  17.599  -24.873  47.847 0.0000000000
34875  17.798  -25.265  48.131 0.0000000000
34891  17.236  -25.209  47.972 0.0000000000
37632  17.290  -22.230  48.799 0.0000000000
36675  16.374  -23.480  48.529 0.0000000000
34877  16.158  -25.495  48.330 0.0000000000
35750  15.465  -24.800  48.594 0.0000000000
34878  15.287  -25.462  48.732 0.0000000000
35751  14.779  -24.888  48.935 0.0000000000
36643  13.555  -24.019  50.148 0.0000000000
35734  13.755  -24.802  49.796 0.0000000000
35713  13.306  -24.620  50.357 0.0000000000
45928  20.673  -12.706  49.459 0.0000000000
45910  20.510  -12.490  50.685 0.0000000000
44968  18.303  -14.468  49.350 0.0000000000
44981  18.861  -13.689  48.813 0.0000000000
43108  18.001  -17.102  48.579 0.0000000000
42244  18.066  -17.721  47.603 0.0000000000
41414  18.595  -18.411  46.699 0.0000000000
40490  18.530  -19.451  46.938 0.0000000000
37679  19.051  -22.591  46.679 0.0000000000
38585  19.338  -21.692  46.647 0.0000000000
47929  28.379  -11.420  45.107 0.0000000000
47950  30.919  -11.679  43.515 0.0000000000
48791  31.496  -11.032  43.587 0.0000000000
49618  31.375  -10.399  43.828 0.0000000000
48790  32.388  -10.948  43.809 0.0000000000
47937  34.239  -11.879  45.149 0.0000000000
48778  33.941  -10.963  45.027 0.0000000000
62195  34.898  4.401  38.169 0.0000000000
64850  36.434  7.008  35.636 0.0000000000
64010  35.967  6.067  34.741 0.0000000000
63995  36.262  6.606  35.040 0.0000000000
61369  34.529  3.761  35.130 0.0000000000
62240  34.839  4.387  35.051 0.0000000000
61368  35.172  3.650  34.828 0.0000000000
62238  36.590  4.556  34.244 0.0000000000
57890  31.855  -0.257  36.720 0.0000000000
56972  31.940  -1.008  36.509 0.0000000000
55141  32.978  -3.480  36.456 0.0000000000
54195  32.038  -4.245  37.183 0.0000000000
53291  33.471  -4.928  36.954 0.0000000000
53277  34.382  -5.412  37.260 0.0000000000
53278  33.310  -5.484  37.278 0.0000000000
52354  33.354  -6.646  38.156 0.0000000000
51463  34.760  -7.447  38.722 0.0000000000
56010  30.972  -3.096  40.693 0.0000000000
55103  29.585  -4.405  39.907 0.0000000000
53257  29.185  -5.741  39.720 0.0000000000
51467  31.162  -6.706  38.874 0.0000000000
52357  30.985  -6.094  38.787 0.0000000000
40508  28.720  -18.847  46.462 0.0000000000
59661  32.461  1.903  38.648 0.0000000000
59662  31.950  1.479  38.552 0.0000000000
58783  31.500  0.689  37.564 0.0000000000
58792  31.754  0.631  36.906 0.0000000000
34838  19.147  -25.581  49.952 0.0000000000
34823  19.567  -25.889  51.036 0.0000000000
33240  15.436  -27.741  51.226 0.0000000000
32373  12.989  -28.904  55.330 0.0000000000
36629  12.047  -24.235  51.695 0.0000000000
35669  10.358  -24.585  53.624 0.0000000000
34811  10.957  -25.019  52.452 0.0000000000
34828  10.769  -25.995  52.350 0.0000000000
34041  11.056  -26.398  52.163 0.0000000000
33230  9.732  -27.584  52.727 0.0000000000
33214  8.577  -27.541  53.776 0.0000000000
30778  9.515  -30.209  53.886 0.0000000000
28958  7.541  -32.268  55.998 0.0000000000
28933  7.445  -32.546  56.575 0.0000000000
28961  5.622  -32.327  55.820 0.0000000000
28934  6.594  -32.987  56.571 0.0000000000
28081  6.093  -33.838  56.743 0.0000000000
28082  5.352  -33.786  56.463 0.0000000000
26433  4.508  -35.274  56.989 0.0000000000
30740  3.559  -31.197  57.147 0.0000000000
29849  3.058  -31.783  57.302 0.0000000000
28938  3.164  -33.179  56.707 0.0000000000
28085  2.767  -33.852  56.271 0.0000000000
42291  25.786  -17.413  44.771 0.0000000000
45058  24.318  -15.122  44.810 0.0000000000
42293  23.853  -17.052  45.000 0.0000000000
41466  25.099  -18.198  45.290 0.0000000000
41450  24.599  -18.253  45.714 0.0000000000
44069  20.935  -14.599  46.174 0.0000000000
41434  20.381  -18.295  46.349 0.0000000000
42258  20.285  -17.346  46.420 0.0000000000
43117  21.101  -16.755  47.652 0.0000000000
56970  33.319  -1.712  36.072 0.0000000000
54106  25.711  -4.920  44.491 0.0000000000
51419  26.438  -7.517  42.513 0.0000000000
48751  26.715  -10.804  47.147 0.0000000000
48783  27.553  -10.349  44.388 0.0000000000
49622  26.810  -9.187  43.704 0.0000000000
49612  25.713  -9.135  44.422 0.0000000000
50491  25.802  -8.359  43.788 0.0000000000
50490  26.472  -8.628  43.426 0.0000000000
50532  27.081  -8.129  42.139 0.0000000000
50530  28.382  -8.422  41.535 0.0000000000
50509  28.118  -8.450  42.258 0.0000000000
51416  30.112  -7.794  42.864 0.0000000000
42286  30.112  -17.235  44.819 0.0000000000
43148  30.571  -17.023  44.784 0.0000000000
42252  32.032  -16.759  46.723 0.0000000000
43130  31.509  -16.754  45.796 0.0000000000
43129  32.011  -16.347  45.963 0.0000000000
44061  32.456  -15.411  45.111 0.0000000000
44041  32.749  -15.676  46.264 0.0000000000
44040  33.343  -15.076  46.506 0.0000000000
45980  34.019  -13.658  46.239 0.0000000000
64871  40.856  6.824  31.759 0.0000000000
64870  41.491  7.320  31.596 0.0000000000
64053  41.480  6.007  30.859 0.0000000000
65665  37.857  8.186  35.583 0.0000000000
64020  37.784  6.369  33.533 0.0000000000
65675  39.171  7.816  33.864 0.0000000000
64866  38.969  6.753  33.136 0.0000000000
62260  39.278  4.677  32.505 0.0000000000
63171  40.159  5.345  31.783 0.0000000000
57909  34.434  -0.251  35.678 0.0000000000
56990  34.782  -1.009  35.933 0.0000000000
43158  30.754  -16.003  43.834 0.0000000000
60497  31.953  2.228  36.773 0.0000000000
60519  32.559  2.456  36.190 0.0000000000
60518  33.339  2.370  35.581 0.0000000000
53234  27.514  -6.056  41.286 0.0000000000
50529  29.185  -8.516  41.374 0.0000000000
34051  13.585  -26.002  50.425 0.0000000000
34037  14.007  -26.936  50.916 0.0000000000
34025  13.114  -26.801  51.918 0.0000000000
34027  11.831  -26.979  52.114 0.0000000000
32360  5.846  -28.200  56.330 0.0000000000
46938  23.656  -13.255  47.841 0.0000000000
46982  23.393  -13.427  46.796 0.0000000000
38568  20.631  -21.962  47.277 0.0000000000
38567  21.025  -21.511  47.340 0.0000000000
37630  21.017  -22.428  48.298 0.0000000000
50469  32.124  -9.219  44.801 0.0000000000
50453  33.068  -9.086  45.371 0.0000000000
54112  26.449  -4.880  43.342 0.0000000000
36713  18.952  -23.467  46.934 0.0000000000
37680  18.442  -22.845  46.917 0.0000000000
36715  17.841  -23.584  47.290 0.0000000000
37633  16.773  -22.840  48.667 0.0000000000
37613  16.413  -22.646  49.255 0.0000000000
37614  16.001  -22.947  49.333 0.0000000000
36659  14.533  -24.042  49.238 0.0000000000
42205  17.711  -17.589  49.974 0.0000000000
41396  17.777  -18.297  48.389 0.0000000000
40491  18.155  -19.206  47.541 0.0000000000
39477  18.456  -20.241  47.359 0.0000000000
46053  31.562  -13.327  43.475 0.0000000000
47033  32.014  -12.491  43.577 0.0000000000
47032  32.685  -12.367  43.967 0.0000000000
47947  33.012  -11.701  44.118 0.0000000000
47031  33.199  -12.225  44.296 0.0000000000
47014  33.611  -12.590  44.748 0.0000000000
46998  34.351  -12.582  45.622 0.0000000000
63109  33.697  4.804  37.119 0.0000000000
63107  35.014  5.709  37.324 0.0000000000
64851  35.886  6.658  35.958 0.0000000000
60536  35.410  2.604  34.796 0.0000000000
59709  37.038  2.053  34.558 0.0000000000
59708  37.619  2.119  34.556 0.0000000000
56954  31.492  -1.127  37.059 0.0000000000
41463  27.497  -18.009  44.462 0.0000000000
41446  28.457  -18.134  44.994 0.0000000000
57861  32.985  -0.823  39.462 0.0000000000
58761  32.484  0.274  39.204 0.0000000000
58762  31.831  0.445  38.837 0.0000000000
57871  31.285  -0.029  37.942 0.0000000000
34857  18.217  -25.910  49.033 0.0000000000
34839  18.564  -26.392  50.163 0.0000000000
34036  17.874  -27.291  50.614 0.0000000000
31559  12.134  -29.363  54.408 0.0000000000
31547  11.841  -29.922  55.447 0.0000000000
30748  11.460  -30.392  55.749 0.0000000000
30749  10.922  -30.711  55.603 0.0000000000
34799  10.107  -25.222  53.415 0.0000000000
34813  9.824  -26.261  52.884 0.0000000000
34028  10.347  -26.620  52.418 0.0000000000
33213  9.163  -27.539  53.219 0.0000000000
30766  8.729  -30.621  54.382 0.0000000000
30752  8.270  -31.118  54.941 0.0000000000
29874  6.853  -31.726  55.160 0.0000000000
44084  23.735  -16.077  44.853 0.0000000000
43166  23.769  -16.577  44.935 0.0000000000
42274  23.775  -17.563  45.657 0.0000000000
41451  24.037  -18.157  46.079 0.0000000000
41413  20.863  -18.277  47.248 0.0000000000
41412  21.219  -18.256  48.129 0.0000000000
56056  34.564  -2.641  36.284 0.0000000000
53189  25.224  -5.319  45.118 0.0000000000
53196  25.398  -5.589  44.068 0.0000000000
47922  26.778  -11.133  45.822 0.0000000000
48772  26.332  -10.254  45.063 0.0000000000
50474  27.551  -9.065  43.683 0.0000000000
49621  27.252  -9.162  43.655 0.0000000000
51418  28.564  -8.261  42.784 0.0000000000
42254  30.813  -17.503  46.404 0.0000000000
42269  31.182  -17.067  45.799 0.0000000000
42236  31.970  -17.141  47.182 0.0000000000
64008  37.323  6.680  34.108 0.0000000000
61402  40.091  3.719  32.056 0.0000000000
61401  41.086  3.643  31.542 0.0000000000
56988  36.700  -0.911  36.138 0.0000000000
47001  30.326  -12.662  45.184 0.0000000000
45075  30.449  -14.336  43.534 0.0000000000
62197  33.456  3.861  37.678 0.0000000000
62202  32.654  3.575  37.054 0.0000000000
62201  33.231  4.148  37.205 0.0000000000
62200  33.781  4.674  37.324 0.0000000000
63114  33.683  4.853  36.688 0.0000000000
63129  34.567  5.110  35.462 0.0000000000
60517  34.329  2.309  35.194 0.0000000000
54150  28.510  -5.006  40.590 0.0000000000
53258  28.799  -5.804  39.994 0.0000000000
52346  28.851  -6.305  39.897 0.0000000000
50542  31.758  -9.183  40.395 0.0000000000
41430  26.462  -18.937  46.247 0.0000000000
40510  27.282  -19.370  46.749 0.0000000000
33265  16.237  -27.613  49.607 0.0000000000
33266  15.600  -27.525  49.841 0.0000000000
33241  14.432  -27.391  51.277 0.0000000000
32402  12.952  -28.255  53.851 0.0000000000
31572  11.155  -29.234  53.219 0.0000000000
31564  6.708  -29.965  54.727 0.0000000000
45017  24.924  -14.526  46.654 0.0000000000
45036  24.960  -14.773  45.682 0.0000000000
45037  24.267  -14.484  45.475 0.0000000000
45038  23.496  -14.672  45.312 0.0000000000
45986  23.134  -13.570  46.440 0.0000000000
42260  19.141  -17.712  46.238 0.0000000000
42276  19.804  -17.905  45.866 0.0000000000
42277  19.601  -18.284  45.974 0.0000000000
41453  19.967  -18.353  45.885 0.0000000000
40513  21.063  -20.035  47.055 0.0000000000
40488  21.144  -19.371  47.534 0.0000000000
54179  35.046  -4.869  37.195 0.0000000000
53275  36.101  -5.054  37.638 0.0000000000
50458  24.841  -8.415  45.552 0.0000000000
48781  29.202  -10.521  44.020 0.0000000000
50472  29.375  -8.381  44.563 0.0000000000
65674  39.789  8.169  33.617 0.0000000000
61381  37.533  4.134  33.955 0.0000000000
61380  38.165  3.970  33.575 0.0000000000
26431  3.678  -36.048  57.159 0.0000000000
55997  30.756  -2.755  41.235 0.0000000000
55998  29.681  -2.752  41.528 0.0000000000
55083  28.511  -3.597  41.436 0.0000000000
54139  27.554  -5.128  41.646 0.0000000000
35730  20.009  -24.300  49.216 0.0000000000
35731  19.247  -24.745  49.130 0.0000000000
35732  18.642  -24.972  48.818 0.0000000000
35765  18.740  -24.041  47.324 0.0000000000
34858  17.529  -26.450  48.789 0.0000000000
34075  17.044  -26.720  48.688 0.0000000000
37657  17.514  -22.692  47.775 0.0000000000
36694  16.715  -24.242  47.943 0.0000000000
35768  16.712  -24.936  48.008 0.0000000000
34076  16.277  -26.493  48.584 0.0000000000
34859  14.972  -25.953  49.071 0.0000000000
34065  14.564  -26.193  49.533 0.0000000000
35733  14.248  -24.686  49.337 0.0000000000
34861  13.851  -25.338  49.832 0.0000000000
34840  13.980  -25.841  49.911 0.0000000000
34842  12.964  -25.306  50.889 0.0000000000
45927  21.768  -12.938  49.410 0.0000000000
45929  19.500  -12.753  49.678 0.0000000000
45000  19.011  -14.952  47.744 0.0000000000
43096  18.233  -15.980  49.299 0.0000000000
43097  17.986  -16.650  49.527 0.0000000000
43107  18.285  -16.365  48.442 0.0000000000
43119  18.466  -16.608  47.364 0.0000000000
39489  19.638  -20.748  46.462 0.0000000000
38584  20.280  -21.633  46.771 0.0000000000
37655  20.441  -22.613  47.479 0.0000000000
49619  30.572  -10.186  43.840 0.0000000000
49605  32.269  -10.071  44.217 0.0000000000
48779  33.267  -10.899  44.311 0.0000000000
48780  32.842  -10.442  44.204 0.0000000000
49604  33.292  -9.934  44.709 0.0000000000
64857  36.672  6.914  34.956 0.0000000000
62252  36.910  5.049  34.075 0.0000000000
63144  35.177  4.997  34.933 0.0000000000
62237  37.205  4.250  34.069 0.0000000000
57911  32.973  -0.524  36.017 0.0000000000
53266  35.144  -5.976  37.829 0.0000000000
52364  33.778  -6.043  37.650 0.0000000000
55090  31.027  -3.222  40.461 0.0000000000
54161  29.380  -5.031  39.723 0.0000000000
43177  28.899  -16.359  43.795 0.0000000000
43160  29.122  -16.815  43.924 0.0000000000
42271  29.676  -17.595  45.355 0.0000000000
41445  29.148  -17.956  45.354 0.0000000000
42255  30.120  -17.678  46.056 0.0000000000
60488  31.917  2.381  37.919 0.0000000000
59669  31.594  1.515  37.794 0.0000000000
60498  31.755  2.178  37.308 0.0000000000
34824  19.005  -26.223  50.734 0.0000000000
36628  12.646  -23.887  51.316 0.0000000000
35697  12.307  -24.606  51.400 0.0000000000
35682  11.263  -24.686  52.245 0.0000000000
33243  11.341  -26.998  52.086 0.0000000000
33229  10.762  -27.595  52.300 0.0000000000
31586  10.666  -29.024  53.010 0.0000000000
31573  10.420  -29.782  53.472 0.0000000000
34016  8.724  -26.841  53.801 0.0000000000
32404  9.126  -28.187  53.243 0.0000000000
30750  9.980  -30.980  55.635 0.0000000000
29871  9.710  -31.222  56.210 0.0000000000
29858  8.134  -32.217  57.084 0.0000000000
28917  7.118  -33.130  58.267 0.0000000000
28067  6.884  -33.853  58.406 0.0000000000
27264  6.122  -34.556  57.458 0.0000000000
27265  5.537  -35.046  57.506 0.0000000000
26429  4.950  -35.520  57.515 0.0000000000
26434  3.907  -35.405  56.833 0.0000000000
28937  3.995  -33.177  56.460 0.0000000000
44079  28.414  -15.653  44.222 0.0000000000
42289  27.710  -17.318  44.231 0.0000000000
43164  25.006  -16.682  44.625 0.0000000000
41465  25.693  -18.099  45.110 0.0000000000
45988  21.098  -13.647  46.296 0.0000000000
45989  20.402  -13.849  46.445 0.0000000000
45041  21.147  -14.272  45.988 0.0000000000
44068  21.399  -14.870  46.111 0.0000000000
44047  22.109  -15.649  46.278 0.0000000000
42259  19.821  -17.310  46.184 0.0000000000
43118  20.548  -16.926  46.896 0.0000000000
42257  22.774  -16.643  46.713 0.0000000000
56968  35.139  -1.799  36.190 0.0000000000
56055  35.530  -2.607  36.437 0.0000000000
54105  26.320  -4.575  44.174 0.0000000000
53207  25.971  -5.659  43.353 0.0000000000
53220  26.253  -5.828  42.909 0.0000000000
49580  25.444  -9.226  47.490 0.0000000000
48753  25.293  -9.405  46.889 0.0000000000
49590  24.981  -9.057  46.251 0.0000000000
49598  25.870  -9.701  44.914 0.0000000000
51432  26.891  -7.546  41.908 0.0000000000
50507  29.677  -8.328  42.107 0.0000000000
43159  30.140  -16.726  44.139 0.0000000000
44062  31.800  -15.795  44.623 0.0000000000
45031  33.047  -14.620  45.139 0.0000000000
43103  32.717  -16.894  47.969 0.0000000000
44021  33.101  -15.762  46.987 0.0000000000
45030  33.540  -14.188  45.751 0.0000000000
46003  34.344  -13.108  46.139 0.0000000000
64855  38.281  7.767  34.445 0.0000000000
65669  38.966  8.269  34.388 0.0000000000
64865  39.563  7.135  33.049 0.0000000000
62250  38.047  4.754  33.315 0.0000000000
63164  38.881  5.481  32.725 0.0000000000
64031  39.216  6.252  32.700 0.0000000000
63170  40.699  5.393  31.314 0.0000000000
62269  40.696  4.512  31.424 0.0000000000
62286  40.979  4.961  31.011 0.0000000000
63185  41.207  5.439  30.888 0.0000000000
31585  10.969  -28.969  52.974 0.0000000000
34047  18.151  -26.852  50.374 0.0000000000
34860  14.355  -25.406  49.391 0.0000000000
34892  16.819  -25.433  48.106 0.0000000000
35670  10.006  -25.136  53.739 0.0000000000
35767  17.268  -24.582  47.750 0.0000000000
35788  18.442  -23.988  47.260 0.0000000000
36671  20.719  -23.181  48.690 0.0000000000
36673  19.575  -23.915  47.868 0.0000000000
36677  15.055  -24.432  48.852 0.0000000000
36714  18.267  -23.645  47.162 0.0000000000
37654  20.781  -22.123  47.586 0.0000000000
39476  21.340  -20.536  47.523 0.0000000000
39488  20.372  -20.598  46.496 0.0000000000
41454  19.725  -18.602  46.004 0.0000000000
42228  17.868  -17.714  48.120 0.0000000000
42242  20.670  -17.473  47.030 0.0000000000
42275  20.111  -17.772  45.979 0.0000000000
45943  24.335  -13.504  48.156 0.0000000000
45965  24.085  -13.502  47.028 0.0000000000
45966  22.158  -13.039  47.559 0.0000000000
46004  33.963  -13.303  45.668 0.0000000000
46960  24.056  -13.440  47.320 0.0000000000
46962  23.131  -13.213  47.445 0.0000000000
46963  22.649  -13.125  47.472 0.0000000000
46983  23.050  -13.301  46.942 0.0000000000
47013  34.053  -12.478  45.160 0.0000000000
47948  32.431  -11.752  43.820 0.0000000000
48789  32.792  -11.311  43.975 0.0000000000
48792  30.713  -10.925  43.581 0.0000000000
52363  34.286  -6.011  37.642 0.0000000000
53206  26.402  -5.439  42.936 0.0000000000
61338  31.894  2.581  37.018 0.0000000000
64029  40.542  6.492  31.859 0.0000000000
