#!ascii label  , from subject sub-01 vox2ras=TkReg
533
33948  23.511  -26.506  60.624 0.0000000000
52186  38.641  -6.668  50.764 0.0000000000
50427  46.102  -7.999  47.406 0.0000000000
43024  39.990  -16.363  55.692 0.0000000000
41294  26.891  -18.953  57.010 0.0000000000
37452  24.163  -22.608  59.572 0.0000000000
50400  42.406  -8.158  49.220 0.0000000000
48699  43.065  -10.855  52.386 0.0000000000
42150  37.056  -17.500  57.529 0.0000000000
38410  31.906  -21.915  58.936 0.0000000000
56002  48.203  -2.085  41.264 0.0000000000
54083  47.637  -4.664  46.426 0.0000000000
46845  37.712  -12.459  54.829 0.0000000000
49483  39.722  -9.716  55.702 0.0000000000
39303  23.611  -21.225  59.217 0.0000000000
36462  24.208  -23.846  60.354 0.0000000000
50402  40.113  -7.758  49.717 0.0000000000
49542  42.524  -9.981  50.519 0.0000000000
50376  41.139  -8.946  51.778 0.0000000000
36526  36.914  -23.575  56.231 0.0000000000
40247  28.050  -19.978  60.117 0.0000000000
40278  29.193  -19.794  58.549 0.0000000000
37437  29.883  -21.914  59.783 0.0000000000
55988  47.689  -1.861  42.255 0.0000000000
54132  48.209  -3.924  41.693 0.0000000000
55060  47.872  -3.377  43.317 0.0000000000
53128  45.260  -5.780  48.392 0.0000000000
53159  45.051  -5.244  46.911 0.0000000000
52225  46.647  -6.221  47.348 0.0000000000
52252  46.677  -6.672  45.683 0.0000000000
50449  45.652  -7.868  46.146 0.0000000000
43016  38.680  -16.610  57.182 0.0000000000
43916  37.095  -14.941  56.144 0.0000000000
45819  38.421  -13.169  56.568 0.0000000000
48663  38.801  -10.468  55.644 0.0000000000
45817  39.937  -12.363  56.371 0.0000000000
46842  41.162  -11.894  54.451 0.0000000000
44892  40.460  -14.587  54.594 0.0000000000
40265  25.495  -19.695  59.745 0.0000000000
54037  43.183  -4.933  49.130 0.0000000000
50414  44.840  -8.223  48.814 0.0000000000
49552  44.599  -10.413  49.359 0.0000000000
48719  44.656  -11.459  50.904 0.0000000000
38423  34.387  -21.446  58.132 0.0000000000
39322  36.672  -20.421  58.108 0.0000000000
39333  38.923  -20.992  56.337 0.0000000000
40338  39.331  -19.603  54.914 0.0000000000
42174  38.745  -18.063  53.393 0.0000000000
38440  32.650  -21.309  57.750 0.0000000000
36469  33.816  -22.735  58.899 0.0000000000
55105  47.736  -2.644  39.532 0.0000000000
55053  46.934  -3.256  44.298 0.0000000000
53191  48.085  -4.990  44.815 0.0000000000
52303  45.274  -6.262  43.444 0.0000000000
52144  39.487  -6.746  53.477 0.0000000000
49497  41.636  -9.734  54.061 0.0000000000
47818  42.313  -11.585  52.809 0.0000000000
33947  24.082  -26.484  60.480 0.0000000000
35551  23.664  -24.832  60.626 0.0000000000
34728  24.417  -25.481  60.147 0.0000000000
51308  39.114  -7.027  50.445 0.0000000000
50377  40.394  -8.718  51.357 0.0000000000
50364  40.067  -8.094  52.030 0.0000000000
38394  28.627  -21.260  60.076 0.0000000000
55970  46.014  -2.460  42.549 0.0000000000
55968  47.848  -2.627  42.725 0.0000000000
55061  47.400  -3.010  43.462 0.0000000000
51339  46.133  -7.455  48.024 0.0000000000
53139  46.111  -5.821  47.513 0.0000000000
51338  46.765  -7.010  47.422 0.0000000000
51346  46.891  -7.047  46.628 0.0000000000
43015  39.449  -16.546  56.551 0.0000000000
43904  38.472  -15.380  57.165 0.0000000000
44873  39.688  -14.658  56.360 0.0000000000
45818  39.420  -12.929  56.500 0.0000000000
45827  39.720  -13.828  56.338 0.0000000000
45826  40.311  -13.044  56.023 0.0000000000
43914  40.391  -15.512  55.237 0.0000000000
40282  24.373  -19.888  58.820 0.0000000000
38398  24.929  -21.122  60.420 0.0000000000
38380  26.320  -20.579  61.027 0.0000000000
52205  41.492  -5.905  49.488 0.0000000000
54059  41.591  -4.755  48.603 0.0000000000
51318  43.230  -6.455  49.313 0.0000000000
51317  44.057  -6.348  49.292 0.0000000000
50415  43.979  -7.979  48.996 0.0000000000
49566  44.936  -9.593  48.851 0.0000000000
49567  43.957  -9.019  49.044 0.0000000000
49534  42.679  -10.070  51.533 0.0000000000
48720  44.314  -10.777  50.937 0.0000000000
48709  44.308  -11.253  51.786 0.0000000000
47847  44.121  -12.515  51.006 0.0000000000
47830  43.992  -11.866  51.768 0.0000000000
37459  35.387  -22.315  58.207 0.0000000000
39310  35.770  -20.403  58.262 0.0000000000
37458  36.214  -22.128  57.895 0.0000000000
38450  38.189  -22.123  56.852 0.0000000000
40321  39.251  -19.959  55.925 0.0000000000
39299  30.599  -20.883  59.179 0.0000000000
39327  31.460  -20.665  57.812 0.0000000000
38425  32.390  -21.639  58.569 0.0000000000
38424  33.314  -21.775  58.419 0.0000000000
37445  32.494  -22.435  59.055 0.0000000000
56915  47.159  -0.823  41.008 0.0000000000
55095  48.040  -2.889  40.483 0.0000000000
54117  47.713  -4.701  42.497 0.0000000000
54085  46.266  -4.614  46.501 0.0000000000
53178  44.932  -5.067  46.026 0.0000000000
54095  46.043  -4.255  45.823 0.0000000000
55047  45.673  -3.916  44.718 0.0000000000
55039  47.186  -3.886  45.426 0.0000000000
55045  47.423  -3.760  45.034 0.0000000000
54093  47.872  -4.383  45.712 0.0000000000
52272  45.141  -6.757  45.023 0.0000000000
52288  46.714  -6.079  44.617 0.0000000000
41276  36.322  -18.379  57.737 0.0000000000
42157  36.423  -17.056  56.697 0.0000000000
45829  37.591  -13.312  55.902 0.0000000000
44893  36.784  -14.136  54.712 0.0000000000
49484  39.128  -9.651  55.591 0.0000000000
50336  38.181  -8.619  54.380 0.0000000000
51249  38.964  -7.865  54.817 0.0000000000
52146  37.445  -6.697  53.290 0.0000000000
51248  39.387  -7.857  54.694 0.0000000000
51258  40.253  -7.706  53.977 0.0000000000
50320  40.635  -9.214  54.915 0.0000000000
46852  41.080  -12.910  53.994 0.0000000000
47804  41.794  -11.658  53.505 0.0000000000
46862  41.679  -12.467  52.831 0.0000000000
46876  41.477  -12.801  51.683 0.0000000000
37453  23.569  -22.772  59.542 0.0000000000
36476  24.193  -23.714  59.856 0.0000000000
36492  24.556  -23.683  58.899 0.0000000000
35562  24.469  -24.567  59.592 0.0000000000
50401  41.213  -7.905  49.406 0.0000000000
49554  42.733  -9.415  49.480 0.0000000000
49543  41.670  -9.454  50.335 0.0000000000
49535  41.853  -9.483  51.423 0.0000000000
49527  42.276  -9.487  52.202 0.0000000000
40280  27.659  -19.359  58.653 0.0000000000
40296  27.797  -19.369  57.836 0.0000000000
40261  29.083  -20.111  59.411 0.0000000000
39300  30.013  -20.626  59.551 0.0000000000
37436  30.445  -21.813  59.321 0.0000000000
37446  31.421  -22.275  59.033 0.0000000000
37447  30.477  -22.454  59.308 0.0000000000
56905  48.016  -1.625  41.754 0.0000000000
55086  48.461  -3.021  41.447 0.0000000000
55987  48.318  -2.365  42.123 0.0000000000
55967  48.191  -2.869  42.624 0.0000000000
54116  48.080  -4.189  42.781 0.0000000000
53141  43.979  -5.358  47.576 0.0000000000
53140  45.129  -5.443  47.719 0.0000000000
53158  46.097  -5.134  46.867 0.0000000000
53157  46.986  -5.260  46.795 0.0000000000
53175  47.924  -5.212  46.032 0.0000000000
52251  47.381  -6.153  46.075 0.0000000000
51357  46.287  -7.345  46.129 0.0000000000
42149  37.857  -17.415  57.519 0.0000000000
43017  37.309  -16.318  57.218 0.0000000000
43888  37.948  -16.117  57.454 0.0000000000
44855  38.140  -14.377  56.839 0.0000000000
45828  38.080  -12.759  56.205 0.0000000000
47783  38.512  -11.335  55.559 0.0000000000
46837  38.458  -12.187  56.088 0.0000000000
47769  39.306  -11.314  56.261 0.0000000000
48644  39.872  -10.860  56.053 0.0000000000
48677  40.848  -10.610  55.112 0.0000000000
46836  40.271  -12.045  56.035 0.0000000000
45841  40.660  -13.494  54.914 0.0000000000
45856  40.503  -13.774  53.797 0.0000000000
40298  23.752  -19.864  57.616 0.0000000000
41281  24.785  -19.043  57.612 0.0000000000
41261  26.122  -19.020  58.449 0.0000000000
40248  27.235  -19.776  60.727 0.0000000000
38378  27.381  -20.647  60.836 0.0000000000
52217  43.970  -5.561  49.134 0.0000000000
51328  45.519  -7.162  48.752 0.0000000000
50413  45.719  -8.568  48.219 0.0000000000
49565  45.701  -10.017  48.187 0.0000000000
48739  45.535  -10.923  48.154 0.0000000000
47880  45.126  -11.510  48.552 0.0000000000
48730  43.252  -10.252  49.921 0.0000000000
48728  44.685  -11.063  49.792 0.0000000000
39324  34.685  -20.432  57.625 0.0000000000
39323  35.142  -20.031  58.040 0.0000000000
40289  36.286  -19.429  58.145 0.0000000000
40288  37.334  -19.516  57.836 0.0000000000
37472  37.612  -22.675  57.006 0.0000000000
39321  37.666  -20.627  57.736 0.0000000000
41274  37.999  -18.591  57.432 0.0000000000
41290  38.810  -18.798  56.545 0.0000000000
41305  39.368  -18.828  55.842 0.0000000000
42162  39.623  -17.699  55.329 0.0000000000
43034  39.925  -16.768  54.751 0.0000000000
42168  38.832  -18.430  53.955 0.0000000000
38439  33.780  -21.143  57.642 0.0000000000
37460  34.387  -22.158  58.508 0.0000000000
36485  34.558  -23.158  58.437 0.0000000000
36487  32.857  -23.628  58.679 0.0000000000
35574  33.208  -24.058  58.114 0.0000000000
56020  47.820  -1.588  39.246 0.0000000000
55062  46.428  -2.949  43.359 0.0000000000
55052  47.528  -3.469  44.219 0.0000000000
55051  47.637  -3.650  44.349 0.0000000000
53199  47.775  -4.846  43.464 0.0000000000
53176  47.703  -5.636  45.447 0.0000000000
53200  46.892  -5.692  43.809 0.0000000000
53213  45.663  -5.934  42.699 0.0000000000
43917  36.449  -15.526  55.734 0.0000000000
53078  37.052  -5.909  51.676 0.0000000000
52157  39.343  -6.712  52.604 0.0000000000
51269  40.185  -7.446  53.135 0.0000000000
50347  41.864  -9.011  53.363 0.0000000000
49513  42.453  -10.108  52.853 0.0000000000
48676  41.432  -10.408  54.377 0.0000000000
48690  42.049  -10.722  53.354 0.0000000000
48700  42.631  -11.148  52.662 0.0000000000
46875  42.437  -12.485  51.646 0.0000000000
43045  39.751  -16.659  53.793 0.0000000000
44907  39.797  -15.526  53.088 0.0000000000
33138  24.111  -27.854  60.563 0.0000000000
34720  23.888  -25.523  60.764 0.0000000000
51309  38.805  -7.031  50.945 0.0000000000
50378  39.644  -8.077  51.352 0.0000000000
51295  38.811  -6.877  51.235 0.0000000000
55969  47.105  -2.396  42.754 0.0000000000
50426  46.552  -7.590  47.009 0.0000000000
43903  39.421  -15.578  56.683 0.0000000000
43915  39.969  -15.307  55.943 0.0000000000
43023  40.357  -16.019  55.294 0.0000000000
38416  24.231  -21.662  59.989 0.0000000000
38399  24.408  -21.063  60.288 0.0000000000
38415  25.077  -21.677  60.016 0.0000000000
51319  42.121  -6.867  49.396 0.0000000000
52204  42.597  -5.735  49.405 0.0000000000
51331  42.973  -7.282  49.219 0.0000000000
51330  43.748  -7.145  49.270 0.0000000000
50416  43.285  -7.835  49.080 0.0000000000
49568  43.264  -8.536  49.095 0.0000000000
48710  43.489  -10.581  51.700 0.0000000000
48698  43.900  -11.362  52.160 0.0000000000
36484  35.401  -23.243  58.062 0.0000000000
37474  35.985  -22.870  57.906 0.0000000000
39313  31.016  -20.859  58.732 0.0000000000
38426  31.605  -21.344  58.675 0.0000000000
38441  32.009  -21.247  58.086 0.0000000000
38409  32.725  -21.972  58.949 0.0000000000
56914  47.832  -1.293  41.123 0.0000000000
56013  47.913  -1.809  40.383 0.0000000000
54084  46.869  -4.533  46.528 0.0000000000
55040  46.881  -3.923  45.592 0.0000000000
54094  47.346  -4.045  45.868 0.0000000000
51386  44.269  -7.104  44.757 0.0000000000
42151  36.398  -17.473  57.153 0.0000000000
47795  37.761  -11.853  53.988 0.0000000000
50335  38.826  -8.657  54.950 0.0000000000
50322  39.372  -8.745  55.145 0.0000000000
52123  38.843  -7.222  54.871 0.0000000000
50321  40.110  -8.800  55.070 0.0000000000
49482  40.450  -9.698  55.370 0.0000000000
46863  40.841  -13.212  53.096 0.0000000000
46877  40.836  -13.182  52.097 0.0000000000
36463  23.726  -24.263  60.395 0.0000000000
36477  23.790  -23.620  59.995 0.0000000000
51321  39.928  -6.896  49.711 0.0000000000
53113  39.769  -5.792  49.326 0.0000000000
52206  40.373  -6.129  49.522 0.0000000000
51320  40.869  -6.886  49.563 0.0000000000
49556  40.632  -8.522  49.783 0.0000000000
49555  41.490  -8.865  49.631 0.0000000000
49536  41.065  -9.294  51.040 0.0000000000
50362  41.701  -8.871  52.524 0.0000000000
40262  28.194  -19.805  59.395 0.0000000000
40246  28.544  -20.156  59.748 0.0000000000
38393  29.615  -21.298  60.059 0.0000000000
38392  30.213  -21.508  59.771 0.0000000000
38412  30.260  -21.208  59.897 0.0000000000
55989  46.745  -1.731  42.154 0.0000000000
56907  46.452  -1.308  41.440 0.0000000000
56906  47.428  -1.214  41.729 0.0000000000
53129  44.070  -5.316  48.699 0.0000000000
53138  46.772  -5.789  47.078 0.0000000000
52237  47.503  -5.514  46.621 0.0000000000
52238  47.163  -5.937  46.735 0.0000000000
51347  46.421  -7.556  46.565 0.0000000000
51358  45.355  -7.417  45.746 0.0000000000
42156  38.558  -17.791  57.062 0.0000000000
43009  38.012  -16.652  57.530 0.0000000000
44854  39.092  -14.236  56.892 0.0000000000
45820  37.876  -13.754  56.578 0.0000000000
46829  38.983  -12.114  56.424 0.0000000000
46828  39.592  -11.992  56.393 0.0000000000
46827  39.945  -11.941  56.354 0.0000000000
44906  40.120  -14.811  53.431 0.0000000000
39329  23.452  -20.502  57.673 0.0000000000
40283  23.726  -20.167  58.229 0.0000000000
40281  25.153  -19.566  59.040 0.0000000000
41263  24.669  -19.382  58.126 0.0000000000
41262  25.254  -19.283  58.487 0.0000000000
41280  25.565  -18.974  57.587 0.0000000000
41247  25.922  -19.321  59.158 0.0000000000
41246  26.591  -19.197  59.164 0.0000000000
40264  26.503  -19.477  59.938 0.0000000000
54038  42.302  -4.871  49.215 0.0000000000
54058  42.636  -4.764  48.508 0.0000000000
51329  44.569  -7.119  49.236 0.0000000000
48740  45.201  -10.639  48.827 0.0000000000
47879  45.440  -11.254  48.118 0.0000000000
47861  44.599  -11.851  49.925 0.0000000000
39312  34.814  -20.947  57.976 0.0000000000
39311  35.198  -20.532  58.005 0.0000000000
38421  35.975  -21.292  58.014 0.0000000000
36503  36.892  -23.410  56.971 0.0000000000
36502  37.421  -23.148  56.510 0.0000000000
38435  38.489  -21.540  56.880 0.0000000000
39320  38.463  -20.816  57.135 0.0000000000
40287  38.161  -19.734  57.200 0.0000000000
40302  38.772  -19.988  56.477 0.0000000000
40320  39.369  -19.687  55.353 0.0000000000
41317  39.400  -18.801  55.046 0.0000000000
41318  38.986  -19.015  54.420 0.0000000000
40295  28.502  -19.626  57.705 0.0000000000
40294  29.379  -19.744  57.667 0.0000000000
39336  32.295  -20.838  57.168 0.0000000000
38452  32.800  -20.944  56.802 0.0000000000
37444  33.326  -22.273  59.009 0.0000000000
37461  33.835  -21.979  58.647 0.0000000000
37443  33.813  -22.276  58.809 0.0000000000
36471  32.288  -23.108  59.035 0.0000000000
35573  34.116  -24.007  58.038 0.0000000000
55106  47.427  -3.589  38.914 0.0000000000
53160  44.099  -5.621  46.558 0.0000000000
55046  46.516  -3.744  45.055 0.0000000000
55054  45.573  -3.571  44.067 0.0000000000
55063  45.218  -3.095  43.027 0.0000000000
54100  47.598  -4.020  44.948 0.0000000000
55044  47.557  -3.653  44.687 0.0000000000
54108  47.821  -4.105  44.001 0.0000000000
52270  47.105  -6.174  45.270 0.0000000000
52289  45.808  -6.309  44.184 0.0000000000
53201  45.922  -6.107  43.496 0.0000000000
43905  37.408  -15.542  56.882 0.0000000000
43906  36.741  -15.927  56.535 0.0000000000
51261  37.847  -7.820  54.101 0.0000000000
52145  38.502  -6.363  53.593 0.0000000000
52159  37.360  -6.286  52.677 0.0000000000
53066  38.358  -6.067  53.034 0.0000000000
53076  38.377  -5.993  52.321 0.0000000000
52158  38.928  -6.159  52.857 0.0000000000
51270  39.723  -6.987  52.905 0.0000000000
52143  39.904  -7.210  53.726 0.0000000000
50333  41.057  -8.734  54.332 0.0000000000
50348  41.095  -8.184  53.351 0.0000000000
50332  41.675  -9.287  53.795 0.0000000000
49514  42.101  -9.782  53.363 0.0000000000
47793  40.851  -11.378  55.006 0.0000000000
47792  41.312  -11.369  54.362 0.0000000000
47817  43.113  -11.552  52.271 0.0000000000
46861  42.558  -12.023  52.267 0.0000000000
42167  39.270  -17.802  54.280 0.0000000000
36464  23.457  -24.438  60.400 0.0000000000
35550  24.133  -24.678  60.534 0.0000000000
34719  24.158  -25.479  60.638 0.0000000000
52207  39.299  -6.514  49.820 0.0000000000
50403  39.585  -7.281  50.038 0.0000000000
50389  40.022  -8.466  50.437 0.0000000000
39285  27.735  -20.499  60.433 0.0000000000
39284  28.802  -20.685  59.854 0.0000000000
37438  29.217  -21.950  60.322 0.0000000000
52215  45.551  -6.297  48.596 0.0000000000
53127  45.767  -6.140  48.142 0.0000000000
52226  46.182  -6.577  48.053 0.0000000000
50438  46.501  -7.609  46.776 0.0000000000
44872  40.174  -14.350  55.651 0.0000000000
43927  40.384  -15.539  54.400 0.0000000000
39315  23.976  -20.465  59.144 0.0000000000
39302  23.970  -20.782  59.765 0.0000000000
40266  24.802  -20.251  60.043 0.0000000000
40250  25.472  -20.153  60.563 0.0000000000
39288  25.359  -20.644  60.611 0.0000000000
54039  41.294  -4.967  49.204 0.0000000000
53111  41.966  -5.216  49.436 0.0000000000
53110  42.918  -5.160  49.457 0.0000000000
52203  43.651  -5.743  49.271 0.0000000000
49553  43.938  -9.929  49.427 0.0000000000
48721  43.424  -10.403  50.787 0.0000000000
48708  44.652  -11.647  51.413 0.0000000000
47846  44.595  -12.046  51.059 0.0000000000
47829  44.498  -11.738  51.598 0.0000000000
46874  43.431  -12.488  51.244 0.0000000000
38422  35.135  -21.312  58.126 0.0000000000
38437  36.901  -21.474  57.828 0.0000000000
37487  38.016  -22.649  56.313 0.0000000000
39345  39.131  -20.628  55.443 0.0000000000
40277  29.928  -19.951  58.622 0.0000000000
39314  30.488  -20.448  58.703 0.0000000000
40292  30.973  -20.099  57.491 0.0000000000
36470  33.093  -23.017  59.136 0.0000000000
55096  47.664  -3.461  39.736 0.0000000000
54133  47.643  -4.623  41.920 0.0000000000
53177  45.721  -4.801  46.483 0.0000000000
54096  45.065  -4.733  45.435 0.0000000000
54102  45.774  -4.042  45.081 0.0000000000
54101  47.583  -4.044  45.454 0.0000000000
52271  46.208  -6.469  45.045 0.0000000000
41277  35.772  -18.327  57.342 0.0000000000
44856  37.510  -14.355  56.382 0.0000000000
44874  36.916  -14.385  55.370 0.0000000000
45842  36.919  -13.553  54.330 0.0000000000
48646  39.145  -10.547  56.058 0.0000000000
49499  38.600  -9.572  54.798 0.0000000000
52135  37.659  -7.253  53.883 0.0000000000
52134  38.247  -7.022  54.382 0.0000000000
52133  39.169  -6.853  54.460 0.0000000000
52132  39.721  -7.110  54.073 0.0000000000
50334  40.115  -8.056  54.584 0.0000000000
49498  41.088  -9.686  54.796 0.0000000000
46851  41.364  -12.103  54.042 0.0000000000
38430  23.262  -21.761  58.638 0.0000000000
37466  23.309  -22.239  59.194 0.0000000000
38417  23.633  -21.725  59.489 0.0000000000
53112  40.902  -5.397  49.370 0.0000000000
49544  40.761  -9.059  50.345 0.0000000000
49526  42.588  -10.022  52.406 0.0000000000
36504  35.858  -23.684  57.431 0.0000000000
41278  27.239  -18.955  57.851 0.0000000000
41293  27.348  -19.198  57.387 0.0000000000
40279  28.430  -19.645  58.607 0.0000000000
39301  29.406  -20.587  59.745 0.0000000000
40260  29.631  -19.991  59.139 0.0000000000
38411  30.817  -21.407  59.328 0.0000000000
36472  31.398  -23.245  58.730 0.0000000000
55077  48.392  -3.253  42.365 0.0000000000
53211  47.736  -4.733  42.814 0.0000000000
53156  47.591  -5.287  46.536 0.0000000000
52250  47.609  -5.562  46.400 0.0000000000
51356  46.924  -6.862  46.119 0.0000000000
52253  45.923  -6.920  45.517 0.0000000000
51369  44.510  -7.467  45.401 0.0000000000
43011  37.092  -16.879  57.211 0.0000000000
43010  37.559  -16.662  57.407 0.0000000000
43889  37.570  -16.147  57.328 0.0000000000
46838  37.979  -12.530  55.792 0.0000000000
47794  38.153  -11.483  54.639 0.0000000000
46844  38.201  -12.020  55.440 0.0000000000
47770  38.840  -11.292  56.145 0.0000000000
49464  39.357  -10.136  55.918 0.0000000000
48662  39.773  -10.264  55.940 0.0000000000
48661  40.103  -10.525  55.869 0.0000000000
47782  40.465  -11.348  55.581 0.0000000000
46843  40.848  -12.188  54.966 0.0000000000
41295  25.937  -18.812  56.819 0.0000000000
41296  24.806  -18.821  56.587 0.0000000000
41279  26.459  -18.928  57.702 0.0000000000
41260  26.939  -18.967  58.596 0.0000000000
40263  27.348  -19.423  59.588 0.0000000000
40249  26.341  -19.832  60.834 0.0000000000
39275  27.091  -20.194  61.170 0.0000000000
52202  44.149  -5.972  49.249 0.0000000000
52216  44.641  -6.038  49.160 0.0000000000
49575  46.194  -9.414  47.354 0.0000000000
48729  44.074  -10.512  50.038 0.0000000000
39334  34.481  -20.015  56.747 0.0000000000
40290  35.420  -19.390  57.766 0.0000000000
40275  35.559  -19.893  58.238 0.0000000000
41275  37.125  -18.430  57.789 0.0000000000
37473  36.817  -22.627  57.548 0.0000000000
38436  37.851  -21.734  57.397 0.0000000000
41306  39.152  -19.419  56.151 0.0000000000
41289  39.247  -18.425  56.234 0.0000000000
42155  39.312  -17.631  56.335 0.0000000000
41329  38.550  -18.952  53.568 0.0000000000
40309  27.546  -19.572  56.896 0.0000000000
40307  29.627  -19.791  56.685 0.0000000000
39325  34.047  -20.756  57.320 0.0000000000
38438  34.496  -21.063  57.893 0.0000000000
36505  34.955  -23.765  57.870 0.0000000000
36486  33.582  -23.477  58.612 0.0000000000
53192  47.418  -5.725  44.814 0.0000000000
53115  37.543  -5.837  50.032 0.0000000000
43018  36.803  -16.509  56.846 0.0000000000
43025  36.461  -16.231  56.312 0.0000000000
52160  36.851  -6.471  52.371 0.0000000000
53091  36.772  -5.898  50.760 0.0000000000
53090  37.663  -5.903  50.982 0.0000000000
53089  38.248  -6.172  51.344 0.0000000000
52169  39.232  -6.945  52.051 0.0000000000
51282  40.180  -7.757  52.498 0.0000000000
50363  40.705  -8.263  52.427 0.0000000000
50361  42.212  -9.340  52.760 0.0000000000
50346  42.294  -9.588  52.995 0.0000000000
48689  42.413  -10.338  52.979 0.0000000000
47816  43.640  -11.406  52.213 0.0000000000
47831  43.179  -12.116  51.872 0.0000000000
43033  40.440  -16.118  54.973 0.0000000000
43044  40.231  -16.198  54.340 0.0000000000
43937  40.097  -15.825  53.715 0.0000000000
43057  39.414  -16.635  52.972 0.0000000000
43938  39.738  -16.125  53.229 0.0000000000
39274  27.416  -20.390  60.938 0.0000000000
39283  29.513  -20.813  59.912 0.0000000000
39286  27.437  -20.164  60.997 0.0000000000
39287  25.967  -20.381  60.979 0.0000000000
39289  24.727  -20.740  60.347 0.0000000000
39316  23.653  -20.716  58.689 0.0000000000
40236  26.899  -19.861  61.090 0.0000000000
40237  26.715  -20.007  61.181 0.0000000000
40251  25.085  -20.453  60.445 0.0000000000
40276  35.352  -19.922  58.128 0.0000000000
41248  25.481  -19.480  59.094 0.0000000000
43019  36.346  -16.752  56.416 0.0000000000
47768  39.879  -11.346  56.159 0.0000000000
48645  39.604  -10.642  56.053 0.0000000000
49463  39.581  -10.172  55.935 0.0000000000
50390  39.469  -7.739  50.508 0.0000000000
51259  39.659  -7.512  54.341 0.0000000000
51260  38.521  -7.836  54.544 0.0000000000
51283  39.651  -7.412  52.288 0.0000000000
51294  39.100  -7.266  51.354 0.0000000000
51322  39.464  -6.915  49.983 0.0000000000
52124  38.640  -7.383  54.758 0.0000000000
52170  38.837  -6.531  51.851 0.0000000000
52185  38.926  -6.662  50.277 0.0000000000
52208  38.785  -6.485  50.167 0.0000000000
53055  38.323  -6.217  53.280 0.0000000000
53056  38.077  -6.200  53.227 0.0000000000
53067  37.811  -6.034  52.728 0.0000000000
53068  37.348  -6.016  52.311 0.0000000000
53077  37.782  -5.825  51.928 0.0000000000
53109  43.517  -5.315  49.181 0.0000000000
53114  38.458  -6.274  49.940 0.0000000000
54043  37.393  -5.714  49.336 0.0000000000
