#!ascii label  , from subject sub-01 vox2ras=TkReg
806
87233  33.960  38.526  34.017 0.0000000000
87734  34.339  38.815  36.428 0.0000000000
80326  31.721  27.501  29.505 0.0000000000
86696  29.704  37.564  32.341 0.0000000000
85003  31.534  34.331  30.581 0.0000000000
88911  38.387  40.402  30.579 0.0000000000
87753  28.829  39.326  35.361 0.0000000000
90450  31.302  44.261  32.929 0.0000000000
80281  38.686  28.121  32.854 0.0000000000
80985  38.183  29.220  28.187 0.0000000000
87209  38.089  37.957  35.665 0.0000000000
83685  33.577  32.666  31.450 0.0000000000
83649  32.921  31.921  34.290 0.0000000000
78836  32.764  25.963  32.165 0.0000000000
90501  31.277  45.054  29.566 0.0000000000
89969  37.598  43.657  33.110 0.0000000000
81638  31.442  29.263  27.069 0.0000000000
87239  31.598  38.461  33.210 0.0000000000
86166  30.783  35.939  31.477 0.0000000000
86148  32.584  36.212  32.177 0.0000000000
88867  36.996  40.763  33.138 0.0000000000
88326  33.130  41.009  32.617 0.0000000000
88850  26.913  41.228  34.363 0.0000000000
80247  41.714  28.063  36.036 0.0000000000
80925  41.002  29.416  33.005 0.0000000000
79538  42.335  27.202  34.876 0.0000000000
90060  34.440  43.955  25.528 0.0000000000
87188  37.225  38.162  36.643 0.0000000000
85546  35.849  35.621  35.273 0.0000000000
85548  33.664  35.416  35.678 0.0000000000
80259  28.315  27.166  34.273 0.0000000000
81555  29.452  28.945  33.808 0.0000000000
78811  31.877  25.440  33.583 0.0000000000
78788  36.437  26.259  34.337 0.0000000000
88843  33.285  41.987  35.189 0.0000000000
89952  34.625  43.994  33.446 0.0000000000
88830  37.012  41.913  35.909 0.0000000000
88842  39.114  41.060  34.994 0.0000000000
82276  31.301  30.186  30.665 0.0000000000
82302  32.149  31.281  28.856 0.0000000000
80341  31.220  28.441  28.810 0.0000000000
83687  29.552  32.852  30.651 0.0000000000
83019  29.817  31.601  28.938 0.0000000000
88950  38.523  41.055  27.512 0.0000000000
88953  34.545  41.166  27.389 0.0000000000
87744  31.247  39.094  35.672 0.0000000000
86116  31.749  36.457  35.808 0.0000000000
90955  26.188  45.812  31.676 0.0000000000
90953  28.354  45.931  32.075 0.0000000000
88847  29.629  41.664  34.537 0.0000000000
80307  36.399  27.383  30.661 0.0000000000
80336  35.324  27.564  28.746 0.0000000000
80952  38.634  29.007  30.507 0.0000000000
82288  41.290  30.747  29.685 0.0000000000
87230  36.516  38.273  34.936 0.0000000000
85572  34.214  35.644  32.927 0.0000000000
85571  35.461  35.450  33.735 0.0000000000
83668  33.686  32.279  32.705 0.0000000000
82261  31.083  30.097  31.768 0.0000000000
84323  31.553  32.794  34.759 0.0000000000
81563  29.934  29.132  32.866 0.0000000000
79606  31.865  26.744  30.722 0.0000000000
79583  35.621  26.740  31.763 0.0000000000
79540  39.007  26.928  34.820 0.0000000000
90976  31.174  45.552  27.395 0.0000000000
90014  34.240  43.559  28.238 0.0000000000
90478  35.456  44.878  31.309 0.0000000000
90001  37.812  43.248  29.197 0.0000000000
89449  39.151  41.892  32.297 0.0000000000
88313  39.176  40.440  33.467 0.0000000000
85001  33.087  33.895  30.302 0.0000000000
83024  31.814  31.960  27.759 0.0000000000
82333  30.818  31.524  26.101 0.0000000000
80365  34.012  28.032  27.000 0.0000000000
87238  32.328  38.440  33.451 0.0000000000
86694  31.678  37.019  32.771 0.0000000000
86686  32.799  37.357  33.401 0.0000000000
88293  35.522  39.744  34.166 0.0000000000
88869  34.540  40.929  32.946 0.0000000000
88318  33.395  40.503  33.189 0.0000000000
88319  32.278  40.064  33.067 0.0000000000
79503  42.185  27.381  36.745 0.0000000000
80256  42.213  27.960  35.502 0.0000000000
78760  41.943  26.524  36.273 0.0000000000
82316  28.474  31.181  28.151 0.0000000000
87189  36.255  38.177  36.764 0.0000000000
86086  36.305  36.802  36.929 0.0000000000
86646  34.317  37.010  36.521 0.0000000000
78796  29.029  25.846  34.499 0.0000000000
79557  29.180  26.411  33.753 0.0000000000
88270  33.479  40.296  35.762 0.0000000000
88832  34.880  41.696  35.613 0.0000000000
88268  36.184  40.345  36.277 0.0000000000
88267  37.208  40.597  36.578 0.0000000000
81605  31.037  29.504  30.083 0.0000000000
80966  31.004  28.887  29.396 0.0000000000
80327  31.102  28.139  29.537 0.0000000000
86152  28.323  36.818  31.808 0.0000000000
86168  28.776  36.108  31.502 0.0000000000
85598  31.318  35.121  30.888 0.0000000000
84991  29.453  34.444  30.998 0.0000000000
84355  30.382  33.759  30.731 0.0000000000
83702  29.912  32.689  30.314 0.0000000000
83006  31.054  32.529  29.089 0.0000000000
88360  39.140  40.581  28.838 0.0000000000
88951  37.685  40.354  27.149 0.0000000000
88939  37.019  40.342  28.483 0.0000000000
87797  29.678  39.405  32.453 0.0000000000
87245  28.269  38.433  32.241 0.0000000000
87210  30.562  38.631  35.697 0.0000000000
86663  30.151  37.491  35.807 0.0000000000
86664  29.002  37.465  35.657 0.0000000000
88297  28.356  40.510  34.932 0.0000000000
88848  28.734  41.496  34.489 0.0000000000
88281  29.220  40.127  35.084 0.0000000000
88280  30.314  40.602  35.103 0.0000000000
80294  37.471  27.881  31.595 0.0000000000
80306  37.211  27.920  30.871 0.0000000000
80928  38.155  28.450  31.781 0.0000000000
81569  42.292  29.130  32.568 0.0000000000
81588  41.073  30.075  31.283 0.0000000000
81601  41.684  30.133  30.571 0.0000000000
87229  37.501  38.098  35.306 0.0000000000
86136  37.055  36.085  33.888 0.0000000000
85563  37.807  35.987  34.582 0.0000000000
84320  34.156  33.886  34.476 0.0000000000
84328  34.446  33.616  33.945 0.0000000000
83656  33.493  32.035  33.851 0.0000000000
82973  33.128  31.567  32.571 0.0000000000
82963  32.250  30.987  33.062 0.0000000000
84938  30.765  34.606  35.062 0.0000000000
84937  31.830  34.486  35.101 0.0000000000
83651  30.809  32.005  34.869 0.0000000000
79571  30.207  26.777  32.421 0.0000000000
82253  30.224  29.744  33.585 0.0000000000
79589  30.341  27.246  31.775 0.0000000000
80297  30.156  27.857  31.371 0.0000000000
79586  33.089  26.241  31.502 0.0000000000
79584  34.857  26.614  31.555 0.0000000000
79568  34.414  26.363  32.009 0.0000000000
79525  37.556  26.589  35.776 0.0000000000
79541  37.651  26.525  34.709 0.0000000000
90507  31.615  44.618  28.581 0.0000000000
90025  33.161  43.801  27.131 0.0000000000
90505  33.499  43.813  28.452 0.0000000000
90939  29.986  45.795  32.388 0.0000000000
90951  30.412  46.863  32.607 0.0000000000
90937  31.932  46.414  32.480 0.0000000000
89951  35.577  43.966  32.854 0.0000000000
90446  34.994  44.918  32.203 0.0000000000
90457  35.978  44.590  31.562 0.0000000000
90489  36.647  44.132  30.602 0.0000000000
89988  37.002  44.227  31.358 0.0000000000
89475  38.910  42.596  30.395 0.0000000000
89450  38.469  42.979  32.751 0.0000000000
87748  39.112  39.408  36.199 0.0000000000
88864  39.268  41.052  33.934 0.0000000000
87770  38.533  38.799  35.053 0.0000000000
88291  38.074  39.682  34.389 0.0000000000
85582  34.387  34.865  32.893 0.0000000000
85583  33.424  35.212  31.886 0.0000000000
84354  33.602  33.363  31.133 0.0000000000
82303  31.719  30.583  28.468 0.0000000000
83017  32.722  32.110  28.108 0.0000000000
82314  31.760  30.800  27.593 0.0000000000
83030  31.377  31.785  27.348 0.0000000000
81639  31.376  30.083  27.117 0.0000000000
80975  36.782  28.344  28.338 0.0000000000
80350  35.365  27.856  27.810 0.0000000000
80988  35.869  28.402  27.043 0.0000000000
87243  30.142  38.472  32.638 0.0000000000
86150  30.242  36.681  32.039 0.0000000000
86695  30.730  37.451  32.641 0.0000000000
86149  31.317  36.514  32.091 0.0000000000
85611  31.878  34.957  30.559 0.0000000000
88885  37.851  40.649  32.431 0.0000000000
87796  30.720  39.437  32.766 0.0000000000
80269  40.196  28.335  34.188 0.0000000000
80914  40.191  28.749  33.332 0.0000000000
80902  41.552  28.465  34.845 0.0000000000
80267  42.262  27.840  34.041 0.0000000000
87195  38.240  37.805  36.195 0.0000000000
86113  37.870  36.387  35.637 0.0000000000
85524  36.958  36.194  36.611 0.0000000000
85547  34.832  35.293  35.531 0.0000000000
84310  33.814  33.914  34.695 0.0000000000
82245  28.954  30.289  34.998 0.0000000000
82956  29.909  31.196  34.827 0.0000000000
80917  28.950  27.774  33.707 0.0000000000
80272  29.442  26.998  33.053 0.0000000000
78825  32.204  25.641  32.717 0.0000000000
78823  34.253  26.107  32.661 0.0000000000
78809  33.837  25.722  33.557 0.0000000000
78772  36.034  26.172  35.156 0.0000000000
79507  37.220  27.000  36.568 0.0000000000
90966  29.754  46.587  30.339 0.0000000000
89942  32.258  43.254  34.033 0.0000000000
89954  32.758  43.964  33.551 0.0000000000
89940  34.190  43.529  34.233 0.0000000000
89412  35.898  43.007  34.650 0.0000000000
89411  36.937  43.259  34.685 0.0000000000
89429  37.940  43.072  33.815 0.0000000000
88829  37.891  41.740  36.077 0.0000000000
87738  38.499  39.584  36.742 0.0000000000
82990  33.123  31.740  31.243 0.0000000000
83003  33.684  32.262  29.688 0.0000000000
82290  32.061  30.955  30.025 0.0000000000
81617  31.264  29.697  28.994 0.0000000000
80989  31.493  28.731  27.558 0.0000000000
81635  39.556  30.272  27.652 0.0000000000
81000  37.204  29.347  27.080 0.0000000000
83689  27.629  32.470  31.607 0.0000000000
85600  29.138  35.351  31.212 0.0000000000
84357  28.677  33.551  31.161 0.0000000000
82993  28.238  31.587  30.970 0.0000000000
83008  29.053  31.528  30.150 0.0000000000
82304  29.304  31.248  29.020 0.0000000000
83026  29.633  31.775  27.784 0.0000000000
88392  37.093  39.929  25.683 0.0000000000
88990  34.716  40.515  25.378 0.0000000000
87742  32.851  39.219  35.947 0.0000000000
86648  32.748  37.570  36.303 0.0000000000
86649  31.784  37.528  36.123 0.0000000000
86117  30.611  36.417  35.668 0.0000000000
84939  29.976  34.541  35.026 0.0000000000
83653  28.919  32.589  35.095 0.0000000000
82235  28.318  30.654  35.233 0.0000000000
90954  27.251  45.850  31.831 0.0000000000
90465  28.288  44.685  32.290 0.0000000000
89973  29.662  43.893  32.955 0.0000000000
89432  30.410  42.979  33.867 0.0000000000
88845  31.688  41.965  34.802 0.0000000000
88278  32.576  40.735  35.448 0.0000000000
80309  34.844  27.157  30.070 0.0000000000
80324  33.489  27.167  29.321 0.0000000000
80322  35.474  27.379  29.513 0.0000000000
80964  37.476  28.385  29.487 0.0000000000
80963  38.442  28.931  29.691 0.0000000000
80940  39.717  29.349  31.804 0.0000000000
81590  39.471  29.575  30.615 0.0000000000
81615  39.958  30.177  29.264 0.0000000000
87231  35.467  38.395  34.662 0.0000000000
86684  34.483  37.391  33.962 0.0000000000
86131  35.751  36.794  34.272 0.0000000000
84973  34.643  34.254  32.992 0.0000000000
85565  35.849  35.504  34.404 0.0000000000
84962  34.938  34.303  33.681 0.0000000000
84341  34.035  33.343  32.428 0.0000000000
82974  32.439  31.184  31.881 0.0000000000
82275  31.848  30.733  31.243 0.0000000000
80954  30.632  28.656  30.548 0.0000000000
86115  32.826  36.223  35.871 0.0000000000
84936  33.087  34.178  34.989 0.0000000000
84322  32.530  32.689  34.768 0.0000000000
82955  30.940  31.149  34.453 0.0000000000
82243  30.967  30.457  33.845 0.0000000000
82242  31.577  30.621  33.424 0.0000000000
81573  30.545  29.627  32.067 0.0000000000
80312  30.405  28.280  30.912 0.0000000000
79620  32.061  27.060  29.935 0.0000000000
79603  34.648  26.836  30.781 0.0000000000
79601  36.144  27.026  31.335 0.0000000000
80283  37.049  27.349  31.998 0.0000000000
79554  36.268  26.488  33.102 0.0000000000
79564  37.640  27.114  33.135 0.0000000000
80271  38.326  27.556  33.125 0.0000000000
80248  40.564  28.049  35.652 0.0000000000
90521  33.391  44.708  26.198 0.0000000000
90024  34.077  43.453  27.153 0.0000000000
89516  35.985  42.722  27.019 0.0000000000
90460  33.512  45.746  32.401 0.0000000000
90492  33.161  45.377  30.638 0.0000000000
90498  35.147  44.211  29.908 0.0000000000
90012  36.408  43.084  28.339 0.0000000000
89504  37.331  42.636  27.866 0.0000000000
89490  38.391  42.513  28.539 0.0000000000
89474  39.493  41.626  29.994 0.0000000000
88910  39.426  40.717  30.466 0.0000000000
89428  38.865  42.000  33.371 0.0000000000
88883  39.303  40.969  32.950 0.0000000000
88884  38.851  40.467  32.744 0.0000000000
88866  38.165  40.460  33.118 0.0000000000
88292  36.715  39.752  34.348 0.0000000000
86147  33.302  35.866  32.327 0.0000000000
85584  32.786  35.595  31.564 0.0000000000
85002  32.499  34.190  30.332 0.0000000000
83709  33.646  32.731  29.148 0.0000000000
84378  32.827  33.277  28.872 0.0000000000
83700  31.924  33.111  29.138 0.0000000000
83018  31.371  32.468  28.517 0.0000000000
83025  30.834  32.177  27.763 0.0000000000
80338  33.387  27.410  28.518 0.0000000000
80353  32.371  27.859  27.753 0.0000000000
80367  32.235  28.208  27.093 0.0000000000
81002  35.730  28.700  26.374 0.0000000000
81019  31.811  29.283  25.785 0.0000000000
78786  41.477  25.465  34.586 0.0000000000
78804  41.750  26.205  33.400 0.0000000000
87237  33.196  38.462  33.715 0.0000000000
87788  34.472  39.609  34.099 0.0000000000
88317  34.747  40.212  33.683 0.0000000000
87789  33.752  39.488  33.883 0.0000000000
87790  32.754  39.433  33.509 0.0000000000
87732  35.719  38.872  36.585 0.0000000000
87190  35.320  38.229  36.695 0.0000000000
86638  34.237  37.917  36.573 0.0000000000
87740  34.478  39.226  36.364 0.0000000000
88269  34.869  39.904  36.294 0.0000000000
88260  35.334  39.336  36.479 0.0000000000
88259  35.941  39.539  36.454 0.0000000000
86697  28.756  37.612  32.164 0.0000000000
86151  29.258  36.819  31.852 0.0000000000
84989  31.160  34.619  30.786 0.0000000000
84990  30.615  34.292  30.839 0.0000000000
84368  30.774  33.518  30.471 0.0000000000
88348  38.939  40.261  29.650 0.0000000000
88361  38.485  40.161  28.788 0.0000000000
88349  38.042  40.270  29.660 0.0000000000
87244  29.194  38.478  32.404 0.0000000000
87211  29.469  38.466  35.615 0.0000000000
87775  28.265  39.760  35.236 0.0000000000
88282  28.655  39.937  35.158 0.0000000000
87752  29.866  39.458  35.360 0.0000000000
80282  37.836  27.775  32.446 0.0000000000
80927  38.912  28.715  32.267 0.0000000000
81600  42.326  29.600  31.031 0.0000000000
86676  37.716  37.162  35.167 0.0000000000
86128  37.864  36.395  35.061 0.0000000000
84321  33.569  32.980  34.500 0.0000000000
83657  33.210  31.747  34.036 0.0000000000
82962  33.030  31.506  33.745 0.0000000000
82953  32.712  31.502  34.082 0.0000000000
84324  30.549  32.986  34.667 0.0000000000
80284  29.780  27.541  32.294 0.0000000000
79587  31.972  26.090  31.765 0.0000000000
79588  31.004  26.730  31.612 0.0000000000
78835  33.528  26.134  32.118 0.0000000000
79506  38.356  27.075  36.579 0.0000000000
90502  30.723  45.154  29.183 0.0000000000
90973  30.382  45.385  28.801 0.0000000000
90506  32.671  44.046  28.218 0.0000000000
90500  32.379  44.677  29.542 0.0000000000
90463  30.536  44.708  32.570 0.0000000000
90938  30.821  46.050  32.498 0.0000000000
90462  31.660  45.337  32.510 0.0000000000
89950  36.998  43.566  33.692 0.0000000000
89971  35.661  44.634  32.065 0.0000000000
89970  36.646  44.115  32.356 0.0000000000
89987  37.755  43.680  32.030 0.0000000000
87749  38.907  38.544  35.858 0.0000000000
87769  39.230  39.300  35.422 0.0000000000
84974  33.889  34.187  32.066 0.0000000000
81627  31.401  29.900  28.038 0.0000000000
80974  37.537  28.650  28.599 0.0000000000
80987  36.514  28.533  27.530 0.0000000000
80986  37.541  29.069  27.737 0.0000000000
87240  30.939  38.458  32.951 0.0000000000
86688  31.346  37.782  33.034 0.0000000000
86693  32.317  36.889  33.001 0.0000000000
86165  31.863  35.847  31.417 0.0000000000
88886  36.566  41.100  32.355 0.0000000000
88888  33.852  41.401  32.408 0.0000000000
87791  31.892  39.307  33.218 0.0000000000
87795  31.424  39.614  32.936 0.0000000000
87792  31.288  39.085  33.065 0.0000000000
80257  41.295  28.471  35.325 0.0000000000
80268  40.939  28.735  34.720 0.0000000000
80894  41.924  28.268  35.516 0.0000000000
79549  42.244  26.858  33.946 0.0000000000
90539  33.792  44.955  25.514 0.0000000000
90998  33.467  45.865  25.374 0.0000000000
87187  37.960  38.219  36.526 0.0000000000
86634  37.641  37.248  36.607 0.0000000000
86085  37.074  36.621  36.849 0.0000000000
85537  34.442  35.903  36.078 0.0000000000
85536  35.452  35.895  36.027 0.0000000000
84935  34.231  34.460  34.916 0.0000000000
81556  28.894  29.258  34.533 0.0000000000
80904  28.716  28.084  34.078 0.0000000000
78812  30.956  25.519  33.555 0.0000000000
79556  29.956  26.204  33.248 0.0000000000
79555  30.466  25.834  33.293 0.0000000000
78826  31.452  25.566  32.946 0.0000000000
78810  32.825  25.531  33.563 0.0000000000
78773  35.071  26.124  35.184 0.0000000000
79527  35.662  26.577  35.931 0.0000000000
79526  36.602  26.570  35.874 0.0000000000
79508  36.254  27.098  36.606 0.0000000000
89415  32.409  42.705  34.566 0.0000000000
89941  33.146  43.425  34.220 0.0000000000
89414  33.543  42.676  34.854 0.0000000000
88831  36.001  41.790  35.610 0.0000000000
89401  35.396  42.432  35.227 0.0000000000
89400  36.479  42.562  35.307 0.0000000000
89399  37.429  42.479  35.456 0.0000000000
87730  37.803  39.143  36.800 0.0000000000
87729  38.119  39.741  36.982 0.0000000000
87739  38.620  38.719  36.557 0.0000000000
82991  32.719  31.343  30.593 0.0000000000
80977  31.170  29.027  28.373 0.0000000000
80976  31.424  28.420  28.204 0.0000000000
84358  27.786  33.818  31.586 0.0000000000
86167  29.729  36.028  31.532 0.0000000000
84356  29.807  33.432  30.740 0.0000000000
83688  28.996  32.432  30.803 0.0000000000
82992  28.767  31.806  30.703 0.0000000000
83703  29.319  32.188  30.472 0.0000000000
83007  30.412  32.282  29.395 0.0000000000
83020  29.235  31.344  29.508 0.0000000000
82315  29.230  31.309  28.687 0.0000000000
89513  38.329  41.806  27.749 0.0000000000
88952  35.905  40.808  27.243 0.0000000000
88971  35.309  40.679  26.416 0.0000000000
88972  33.700  41.310  26.608 0.0000000000
87743  31.928  39.199  35.765 0.0000000000
87198  32.308  38.389  36.109 0.0000000000
87199  31.455  38.443  35.912 0.0000000000
85551  30.043  35.416  35.254 0.0000000000
84326  28.917  33.562  35.070 0.0000000000
82957  28.887  31.441  35.163 0.0000000000
91432  26.798  46.609  31.930 0.0000000000
89974  28.694  43.815  32.786 0.0000000000
90464  29.379  44.699  32.478 0.0000000000
89418  29.163  42.112  34.180 0.0000000000
89433  29.501  42.727  33.849 0.0000000000
89417  30.070  42.342  34.257 0.0000000000
89416  31.248  42.739  34.247 0.0000000000
88846  30.576  41.704  34.710 0.0000000000
87750  31.482  39.603  35.555 0.0000000000
88279  31.580  40.357  35.377 0.0000000000
88272  31.836  39.766  35.563 0.0000000000
88271  32.374  39.916  35.589 0.0000000000
80323  34.445  27.234  29.510 0.0000000000
80308  35.554  27.197  30.277 0.0000000000
80953  37.779  28.428  30.311 0.0000000000
80320  37.007  28.010  30.217 0.0000000000
80926  40.119  29.191  32.460 0.0000000000
81572  40.439  29.730  31.784 0.0000000000
81602  41.178  30.368  30.413 0.0000000000
81589  40.147  29.924  31.106 0.0000000000
81603  40.336  30.198  30.066 0.0000000000
81604  39.321  29.555  29.882 0.0000000000
81625  39.742  30.198  28.477 0.0000000000
82289  40.789  30.515  29.327 0.0000000000
86678  36.046  37.458  34.670 0.0000000000
85570  36.600  35.826  33.952 0.0000000000
86137  36.191  36.131  33.967 0.0000000000
85581  34.878  34.809  33.353 0.0000000000
84972  35.029  34.755  33.558 0.0000000000
85545  37.008  35.491  35.137 0.0000000000
84329  34.110  32.898  33.463 0.0000000000
84340  34.536  33.667  33.269 0.0000000000
83669  33.360  32.110  31.748 0.0000000000
82260  31.677  30.579  32.356 0.0000000000
81591  30.567  29.329  31.212 0.0000000000
86103  32.424  36.899  36.177 0.0000000000
86102  33.169  36.796  36.304 0.0000000000
85549  32.406  35.385  35.441 0.0000000000
84954  32.214  33.509  34.932 0.0000000000
83650  31.846  31.919  34.615 0.0000000000
82244  29.915  30.144  34.327 0.0000000000
82252  30.899  29.999  32.880 0.0000000000
81562  30.342  29.475  32.460 0.0000000000
79607  31.197  27.142  30.877 0.0000000000
80311  30.903  27.751  30.531 0.0000000000
80310  31.541  27.219  30.307 0.0000000000
79618  33.527  26.858  30.088 0.0000000000
79604  33.687  26.571  30.788 0.0000000000
79602  35.524  26.955  31.052 0.0000000000
79582  36.364  26.983  31.941 0.0000000000
79565  36.837  26.938  32.683 0.0000000000
78807  35.932  26.218  33.608 0.0000000000
78822  35.287  26.245  32.935 0.0000000000
78806  36.410  26.331  33.882 0.0000000000
79553  36.903  26.613  33.737 0.0000000000
79552  38.356  27.008  33.825 0.0000000000
79551  39.453  27.550  34.279 0.0000000000
91879  29.567  47.249  28.247 0.0000000000
91452  30.841  46.473  27.238 0.0000000000
90523  32.177  45.091  26.760 0.0000000000
90015  33.472  43.651  27.836 0.0000000000
89531  35.669  42.847  26.677 0.0000000000
90023  35.107  43.101  27.319 0.0000000000
89953  33.751  44.177  33.603 0.0000000000
90448  33.261  44.922  33.005 0.0000000000
90447  34.340  44.886  32.788 0.0000000000
90458  35.079  44.985  31.722 0.0000000000
90947  33.865  45.884  31.942 0.0000000000
90961  34.197  45.661  31.713 0.0000000000
90491  34.585  45.156  30.946 0.0000000000
89994  36.912  43.880  30.081 0.0000000000
90002  36.625  43.596  29.464 0.0000000000
90011  37.296  43.007  28.604 0.0000000000
89503  38.040  42.496  28.125 0.0000000000
89462  39.369  41.745  31.123 0.0000000000
89409  38.593  42.006  34.397 0.0000000000
88290  39.265  39.920  34.451 0.0000000000
88324  39.112  40.525  33.052 0.0000000000
88325  39.006  40.319  33.145 0.0000000000
88865  38.693  40.358  33.120 0.0000000000
88314  38.705  40.104  33.450 0.0000000000
87771  37.212  39.053  34.971 0.0000000000
87772  36.003  39.153  34.708 0.0000000000
86138  34.826  36.575  33.717 0.0000000000
86139  33.488  36.391  32.972 0.0000000000
85573  33.613  35.727  32.485 0.0000000000
84987  33.438  34.181  30.958 0.0000000000
85596  33.156  34.780  31.047 0.0000000000
85597  32.523  35.183  30.883 0.0000000000
84988  33.013  34.473  30.650 0.0000000000
83005  32.934  31.635  29.304 0.0000000000
83015  33.698  32.323  29.435 0.0000000000
83016  33.552  32.239  28.881 0.0000000000
83710  33.331  32.914  28.398 0.0000000000
84379  32.486  33.228  28.926 0.0000000000
83711  32.256  33.023  28.647 0.0000000000
83712  31.699  32.810  28.745 0.0000000000
82324  31.437  31.246  26.882 0.0000000000
83031  30.608  31.979  26.901 0.0000000000
80337  34.366  27.467  28.602 0.0000000000
80364  35.019  28.087  27.000 0.0000000000
80352  33.237  27.686  27.736 0.0000000000
80366  33.047  28.002  26.993 0.0000000000
81649  36.920  29.914  25.959 0.0000000000
81001  36.559  29.215  26.645 0.0000000000
81015  35.605  29.196  25.587 0.0000000000
86687  31.972  37.624  33.225 0.0000000000
86140  32.767  36.629  32.958 0.0000000000
88316  36.152  40.247  33.653 0.0000000000
88868  35.667  40.887  33.068 0.0000000000
88327  32.502  40.743  32.660 0.0000000000
80246  42.183  27.844  36.318 0.0000000000
80893  42.179  28.172  35.777 0.0000000000
79522  42.314  27.376  35.921 0.0000000000
78769  41.956  26.414  35.288 0.0000000000
86635  36.764  37.388  36.916 0.0000000000
86636  35.827  37.493  36.857 0.0000000000
86087  35.541  36.928  36.714 0.0000000000
85538  33.892  35.978  36.095 0.0000000000
78814  29.592  25.895  33.938 0.0000000000
78793  31.533  25.524  34.406 0.0000000000
88833  33.743  41.505  35.505 0.0000000000
89403  33.707  42.137  35.210 0.0000000000
88824  34.446  40.936  35.942 0.0000000000
88823  35.477  41.008  35.997 0.0000000000
88822  36.590  41.189  36.141 0.0000000000
87731  36.667  38.941  36.597 0.0000000000
80340  31.644  27.920  28.550 0.0000000000
85599  30.174  35.199  31.206 0.0000000000
88369  39.091  40.757  28.314 0.0000000000
88377  38.375  40.486  27.400 0.0000000000
88371  38.041  40.116  28.041 0.0000000000
88940  36.014  40.784  28.233 0.0000000000
87798  28.704  39.330  32.211 0.0000000000
86698  27.824  37.573  32.095 0.0000000000
86650  30.979  37.840  35.953 0.0000000000
88849  27.839  41.275  34.504 0.0000000000
88296  29.353  40.964  34.841 0.0000000000
88295  29.953  41.255  34.811 0.0000000000
87751  30.838  39.620  35.440 0.0000000000
80295  36.778  27.372  31.380 0.0000000000
80942  37.974  28.500  31.086 0.0000000000
80941  38.945  29.138  31.349 0.0000000000
81570  41.742  29.504  32.407 0.0000000000
81571  41.026  29.803  32.149 0.0000000000
81587  41.721  29.799  31.540 0.0000000000
82287  41.783  30.935  30.016 0.0000000000
86677  37.040  37.321  34.792 0.0000000000
86129  37.454  36.401  34.505 0.0000000000
85564  37.102  35.690  34.258 0.0000000000
84934  35.192  34.938  34.743 0.0000000000
84952  34.779  34.284  34.289 0.0000000000
82972  33.406  31.751  33.357 0.0000000000
85550  31.235  35.486  35.354 0.0000000000
84955  31.214  33.725  34.853 0.0000000000
80916  29.292  28.043  33.259 0.0000000000
80929  29.814  28.402  32.133 0.0000000000
80296  30.716  27.353  31.240 0.0000000000
79605  32.773  26.519  30.783 0.0000000000
79585  34.014  26.404  31.531 0.0000000000
79567  35.036  26.423  32.235 0.0000000000
78771  36.875  26.322  35.081 0.0000000000
79542  36.952  26.470  34.335 0.0000000000
79524  38.578  26.848  35.659 0.0000000000
90978  30.191  45.782  28.460 0.0000000000
90977  30.553  45.565  28.022 0.0000000000
90512  31.724  44.747  27.464 0.0000000000
90511  32.502  44.371  27.011 0.0000000000
90940  28.998  45.497  32.273 0.0000000000
90952  29.458  46.509  32.314 0.0000000000
90490  36.017  44.314  30.542 0.0000000000
90477  36.405  44.465  30.999 0.0000000000
89993  37.214  43.848  30.408 0.0000000000
90000  38.208  43.189  29.904 0.0000000000
89992  37.922  43.449  30.916 0.0000000000
89463  38.672  42.783  31.590 0.0000000000
88276  39.179  40.179  35.604 0.0000000000
82313  32.059  31.425  27.977 0.0000000000
82323  31.767  31.491  27.488 0.0000000000
80349  36.077  27.906  28.225 0.0000000000
88895  38.714  40.395  31.633 0.0000000000
88912  37.164  40.699  30.391 0.0000000000
88897  36.153  41.234  31.397 0.0000000000
88887  35.224  41.391  32.313 0.0000000000
88328  31.483  40.324  32.669 0.0000000000
88298  27.279  40.539  34.784 0.0000000000
87776  27.592  39.827  35.169 0.0000000000
80270  39.227  27.938  33.469 0.0000000000
80915  39.411  28.534  32.871 0.0000000000
80913  41.111  28.960  33.970 0.0000000000
80901  41.986  28.144  35.151 0.0000000000
80912  41.841  28.422  33.975 0.0000000000
80924  41.747  29.048  33.168 0.0000000000
80923  42.263  28.584  33.038 0.0000000000
80292  42.539  28.206  32.539 0.0000000000
86661  37.951  37.077  35.672 0.0000000000
86645  37.960  36.975  36.102 0.0000000000
85534  37.587  35.851  35.831 0.0000000000
86098  36.642  36.337  36.656 0.0000000000
85535  36.671  35.859  36.146 0.0000000000
83652  29.803  32.241  34.933 0.0000000000
80903  29.160  28.330  33.751 0.0000000000
80273  28.849  27.260  33.727 0.0000000000
79570  30.899  26.003  32.625 0.0000000000
79569  31.597  25.807  32.504 0.0000000000
78824  33.210  25.794  32.780 0.0000000000
78808  34.869  25.950  33.579 0.0000000000
78789  35.469  26.015  34.373 0.0000000000
79488  37.760  27.248  37.218 0.0000000000
90969  31.071  45.465  30.050 0.0000000000
89955  31.679  43.592  33.525 0.0000000000
90449  32.279  44.581  32.900 0.0000000000
89402  34.323  42.276  35.234 0.0000000000
89413  34.770  42.940  34.733 0.0000000000
89939  35.248  43.449  33.956 0.0000000000
89938  36.321  43.322  33.946 0.0000000000
89937  36.843  43.384  34.167 0.0000000000
89410  37.778  42.761  34.747 0.0000000000
89398  38.303  41.933  35.351 0.0000000000
88828  38.611  41.084  35.959 0.0000000000
88821  37.504  41.273  36.460 0.0000000000
88820  38.208  41.085  36.474 0.0000000000
88265  38.563  40.388  36.418 0.0000000000
83699  33.593  32.215  30.181 0.0000000000
83004  33.551  32.007  29.937 0.0000000000
82291  31.551  30.377  29.521 0.0000000000
80990  31.352  29.367  27.653 0.0000000000
81636  38.655  29.759  27.411 0.0000000000
81637  38.007  29.553  26.910 0.0000000000
84992  28.496  34.603  31.284 0.0000000000
88989  36.097  40.078  25.670 0.0000000000
88927  36.793  40.565  29.518 0.0000000000
88928  35.839  40.876  29.291 0.0000000000
87741  33.864  39.180  36.235 0.0000000000
87196  33.969  38.356  36.467 0.0000000000
87197  33.221  38.371  36.305 0.0000000000
86662  31.024  37.135  36.002 0.0000000000
84956  30.277  33.874  34.861 0.0000000000
81557  28.307  29.487  35.005 0.0000000000
90482  26.695  45.024  31.779 0.0000000000
90481  27.664  45.148  31.970 0.0000000000
90941  28.464  45.317  32.166 0.0000000000
89972  30.325  43.889  33.104 0.0000000000
88870  28.247  41.784  34.163 0.0000000000
89958  29.047  43.190  33.370 0.0000000000
89957  29.941  43.360  33.469 0.0000000000
89431  31.020  43.191  33.779 0.0000000000
88844  32.636  42.038  34.997 0.0000000000
88836  31.226  41.225  35.098 0.0000000000
88835  32.080  41.320  35.202 0.0000000000
88834  32.892  41.450  35.307 0.0000000000
80325  32.613  27.209  29.277 0.0000000000
80321  36.433  27.715  29.709 0.0000000000
80335  36.199  27.748  28.895 0.0000000000
80965  36.861  28.188  29.015 0.0000000000
80973  38.304  28.994  28.876 0.0000000000
81616  39.103  29.577  29.083 0.0000000000
81626  38.903  29.695  28.291 0.0000000000
87232  34.615  38.497  34.350 0.0000000000
86680  34.345  37.910  34.086 0.0000000000
86679  35.020  37.561  34.326 0.0000000000
86130  36.680  36.619  34.318 0.0000000000
85544  37.836  35.778  35.023 0.0000000000
84961  35.339  34.932  33.867 0.0000000000
84951  35.261  34.774  34.133 0.0000000000
86647  33.764  37.497  36.488 0.0000000000
86114  33.509  36.196  36.056 0.0000000000
84953  32.879  33.289  34.905 0.0000000000
82954  32.074  31.210  34.027 0.0000000000
82251  31.618  30.517  32.994 0.0000000000
81574  30.148  29.126  31.922 0.0000000000
81592  30.253  29.062  31.472 0.0000000000
80955  30.400  28.532  30.922 0.0000000000
79619  32.694  26.866  29.988 0.0000000000
79617  34.202  26.954  30.248 0.0000000000
79566  35.896  26.519  32.502 0.0000000000
79550  39.919  27.997  34.609 0.0000000000
90041  33.107  44.347  26.589 0.0000000000
90040  33.816  44.012  26.296 0.0000000000
90039  35.107  43.233  26.176 0.0000000000
89530  36.654  42.470  26.188 0.0000000000
90964  31.198  46.069  30.696 0.0000000000
90493  31.958  45.464  30.397 0.0000000000
90461  32.634  45.715  32.612 0.0000000000
90459  34.289  45.570  32.038 0.0000000000
90499  33.794  44.277  29.437 0.0000000000
90004  34.808  43.794  29.045 0.0000000000
90003  35.683  43.640  29.201 0.0000000000
90013  35.314  43.371  28.296 0.0000000000
90022  35.878  42.921  27.653 0.0000000000
89515  36.861  42.460  27.249 0.0000000000
89514  37.809  41.727  27.458 0.0000000000
89502  38.665  41.946  28.049 0.0000000000
89489  39.077  42.288  29.015 0.0000000000
88938  39.086  41.214  28.174 0.0000000000
89487  39.510  41.075  29.384 0.0000000000
88909  39.512  40.794  29.801 0.0000000000
88894  39.389  40.895  31.893 0.0000000000
88315  37.497  40.206  33.710 0.0000000000
87773  34.962  39.249  34.439 0.0000000000
86685  33.839  37.500  33.718 0.0000000000
85610  32.126  34.742  30.487 0.0000000000
83698  33.585  32.508  30.081 0.0000000000
84365  33.368  33.271  29.975 0.0000000000
84377  33.332  33.171  29.046 0.0000000000
84366  32.931  33.503  29.631 0.0000000000
84367  32.123  33.375  29.583 0.0000000000
83701  31.323  32.824  29.352 0.0000000000
80339  32.463  27.531  28.533 0.0000000000
80351  34.227  27.715  27.764 0.0000000000
80354  31.796  28.209  27.728 0.0000000000
80368  31.819  28.435  27.250 0.0000000000
81003  34.798  28.460  26.260 0.0000000000
81016  34.559  28.847  25.534 0.0000000000
81004  33.780  28.404  26.273 0.0000000000
81005  32.784  28.416  26.331 0.0000000000
81006  31.825  28.738  26.604 0.0000000000
81650  31.441  29.624  26.348 0.0000000000
81651  31.258  30.605  26.207 0.0000000000
78770  41.560  25.449  35.639 0.0000000000
78785  41.912  26.283  34.299 0.0000000000
78787  36.949  26.409  34.604 0.0000000000
78821  35.834  26.335  33.030 0.0000000000
78834  34.025  26.261  32.078 0.0000000000
79543  28.575  26.519  34.261 0.0000000000
80258  40.456  28.288  34.931 0.0000000000
80266  42.253  28.088  33.662 0.0000000000
80279  42.324  28.151  33.302 0.0000000000
80911  42.170  28.294  33.576 0.0000000000
80943  30.414  28.901  31.010 0.0000000000
80944  30.244  28.687  31.273 0.0000000000
81014  36.292  29.429  25.966 0.0000000000
81586  42.394  29.372  31.855 0.0000000000
82301  40.641  30.425  28.662 0.0000000000
82961  33.335  31.729  33.689 0.0000000000
83648  33.348  32.281  34.252 0.0000000000
83686  33.437  32.232  30.719 0.0000000000
84309  34.059  34.097  34.678 0.0000000000
84369  30.138  33.216  30.554 0.0000000000
85004  30.989  34.038  30.746 0.0000000000
85523  37.295  36.226  36.441 0.0000000000
86084  37.451  36.641  36.581 0.0000000000
86097  37.702  36.517  36.236 0.0000000000
86099  35.940  36.371  36.510 0.0000000000
86100  34.904  36.575  36.418 0.0000000000
86101  33.968  36.531  36.360 0.0000000000
86164  32.461  35.705  31.491 0.0000000000
86637  34.785  37.495  36.609 0.0000000000
87191  34.567  38.308  36.568 0.0000000000
87733  34.917  38.974  36.527 0.0000000000
87774  34.285  39.128  34.232 0.0000000000
88256  38.218  40.123  36.890 0.0000000000
88257  37.754  40.046  36.890 0.0000000000
88258  36.963  39.778  36.547 0.0000000000
88266  37.953  40.688  36.877 0.0000000000
88277  33.148  41.014  35.511 0.0000000000
88294  34.873  39.739  34.113 0.0000000000
88320  31.765  39.838  32.964 0.0000000000
88347  39.368  40.653  29.570 0.0000000000
88350  37.405  40.401  29.628 0.0000000000
88359  39.351  40.781  29.238 0.0000000000
88362  37.633  40.150  28.988 0.0000000000
88370  38.652  40.515  27.951 0.0000000000
88378  38.292  40.291  27.509 0.0000000000
88819  38.454  40.871  36.313 0.0000000000
88924  39.466  40.855  29.484 0.0000000000
88925  39.413  40.970  29.063 0.0000000000
88926  39.324  41.315  28.774 0.0000000000
88937  39.260  40.931  28.570 0.0000000000
88970  36.889  40.168  26.166 0.0000000000
88988  36.796  39.957  25.707 0.0000000000
89430  37.410  43.258  34.314 0.0000000000
89473  39.579  41.024  29.724 0.0000000000
89488  39.467  41.354  29.309 0.0000000000
89949  37.531  43.561  33.620 0.0000000000
89956  30.768  43.591  33.409 0.0000000000
90451  30.734  44.078  33.012 0.0000000000
90479  34.560  45.371  31.695 0.0000000000
90480  28.192  45.244  32.107 0.0000000000
90494  31.373  45.460  30.183 0.0000000000
90497  35.891  43.927  29.874 0.0000000000
90508  30.875  44.997  28.667 0.0000000000
90513  31.094  44.969  27.971 0.0000000000
90522  32.853  45.032  26.414 0.0000000000
90965  30.236  46.367  30.498 0.0000000000
90970  30.515  45.596  29.699 0.0000000000
