#!ascii label  , from subject sub-01 vox2ras=TkReg
1507
51445  41.265  -7.213  39.845 0.0000000000
34815  33.164  -25.362  52.297 0.0000000000
31583  21.024  -29.247  51.950 0.0000000000
28953  16.614  -32.800  55.262 0.0000000000
37463  27.933  -22.004  59.083 0.0000000000
37627  25.665  -22.966  48.453 0.0000000000
47088  37.543  -13.053  39.741 0.0000000000
55118  47.325  -3.736  37.856 0.0000000000
47884  40.376  -12.065  48.295 0.0000000000
39501  32.443  -20.186  46.021 0.0000000000
34153  27.263  -26.451  42.263 0.0000000000
32353  24.020  -28.400  56.706 0.0000000000
28993  19.337  -32.025  53.183 0.0000000000
29843  21.637  -31.640  57.525 0.0000000000
36550  25.253  -24.104  55.830 0.0000000000
46926  44.727  -12.172  47.953 0.0000000000
36484  35.401  -23.243  58.062 0.0000000000
37539  37.783  -22.336  54.240 0.0000000000
41352  36.890  -19.093  50.873 0.0000000000
36664  33.345  -23.194  48.851 0.0000000000
36766  30.253  -23.611  43.493 0.0000000000
34870  30.415  -25.328  47.933 0.0000000000
33325  21.214  -27.203  44.198 0.0000000000
33313  23.921  -27.361  45.789 0.0000000000
53262  44.936  -5.663  38.723 0.0000000000
52381  45.304  -6.516  35.274 0.0000000000
30886  19.401  -30.379  46.460 0.0000000000
29104  17.613  -33.363  47.442 0.0000000000
35614  30.889  -24.801  56.062 0.0000000000
35691  29.549  -25.112  51.580 0.0000000000
37526  27.546  -22.756  54.438 0.0000000000
34835  23.319  -25.557  50.204 0.0000000000
50536  39.036  -9.230  40.355 0.0000000000
28891  18.992  -32.764  61.175 0.0000000000
27254  13.423  -34.223  58.717 0.0000000000
53212  47.146  -5.277  42.458 0.0000000000
51387  43.495  -7.251  44.338 0.0000000000
47945  41.548  -12.023  43.244 0.0000000000
46049  38.780  -14.015  42.418 0.0000000000
45071  35.318  -14.389  43.185 0.0000000000
45871  40.193  -13.917  52.576 0.0000000000
43111  36.505  -16.480  47.402 0.0000000000
42316  31.431  -17.479  41.841 0.0000000000
37780  29.697  -21.992  39.598 0.0000000000
37696  27.154  -23.096  45.117 0.0000000000
33147  24.400  -27.476  59.819 0.0000000000
30716  23.387  -30.038  57.726 0.0000000000
30685  24.342  -29.980  59.604 0.0000000000
34738  24.814  -25.480  59.100 0.0000000000
35643  34.165  -24.768  54.818 0.0000000000
36580  35.337  -23.964  53.215 0.0000000000
37574  35.552  -22.753  51.643 0.0000000000
35704  33.430  -24.634  50.792 0.0000000000
35740  31.858  -24.781  48.034 0.0000000000
34832  31.342  -25.541  50.260 0.0000000000
29160  22.613  -32.427  43.695 0.0000000000
30921  23.143  -30.507  44.563 0.0000000000
52348  43.163  -6.212  38.606 0.0000000000
52384  43.134  -6.687  36.187 0.0000000000
51476  41.779  -7.277  36.879 0.0000000000
31619  19.994  -29.304  49.090 0.0000000000
30023  18.931  -32.171  46.340 0.0000000000
29968  19.421  -31.561  49.778 0.0000000000
28976  18.286  -32.404  54.295 0.0000000000
29939  16.867  -32.333  51.324 0.0000000000
29037  14.538  -32.588  51.764 0.0000000000
28999  13.371  -33.058  53.886 0.0000000000
35561  31.967  -23.611  58.130 0.0000000000
36490  29.804  -23.531  58.447 0.0000000000
36547  29.426  -23.690  55.177 0.0000000000
37476  28.673  -22.610  57.339 0.0000000000
33201  24.264  -27.014  54.142 0.0000000000
35664  24.886  -24.666  53.382 0.0000000000
33250  22.379  -27.188  51.147 0.0000000000
33275  20.766  -27.896  48.574 0.0000000000
48820  37.953  -11.212  40.092 0.0000000000
48836  38.179  -10.574  37.440 0.0000000000
46151  38.057  -13.626  37.612 0.0000000000
27239  12.474  -34.425  60.372 0.0000000000
49602  42.668  -9.653  44.218 0.0000000000
48767  44.297  -10.190  45.619 0.0000000000
46928  42.758  -12.564  48.434 0.0000000000
46993  41.230  -13.263  45.145 0.0000000000
46995  38.945  -12.772  45.076 0.0000000000
46050  36.797  -13.104  43.364 0.0000000000
46001  37.281  -13.332  45.795 0.0000000000
40430  35.078  -19.905  48.612 0.0000000000
42209  36.559  -17.623  49.131 0.0000000000
41423  34.320  -18.304  46.707 0.0000000000
43145  33.922  -17.159  45.137 0.0000000000
40555  31.189  -19.096  43.589 0.0000000000
40607  29.800  -19.691  40.836 0.0000000000
39524  30.395  -20.535  43.487 0.0000000000
35876  28.703  -24.536  40.602 0.0000000000
36635  27.418  -23.429  50.313 0.0000000000
36666  28.080  -23.844  48.597 0.0000000000
37650  26.726  -22.922  47.288 0.0000000000
32476  25.743  -27.299  45.941 0.0000000000
55133  49.690  -3.075  36.071 0.0000000000
54188  47.753  -4.329  36.405 0.0000000000
32379  22.777  -28.747  54.387 0.0000000000
30790  20.357  -30.995  52.445 0.0000000000
31540  21.738  -30.426  55.320 0.0000000000
29870  20.767  -31.809  55.828 0.0000000000
28928  19.290  -32.386  56.362 0.0000000000
38414  26.200  -21.526  59.954 0.0000000000
38443  26.385  -22.012  57.896 0.0000000000
37480  24.802  -22.979  58.434 0.0000000000
33984  24.765  -26.455  56.237 0.0000000000
47910  45.512  -11.080  47.321 0.0000000000
46874  43.431  -12.488  51.244 0.0000000000
39386  37.265  -20.724  52.485 0.0000000000
38525  35.142  -21.246  50.086 0.0000000000
37648  33.201  -21.912  47.676 0.0000000000
38600  31.387  -22.126  44.992 0.0000000000
36706  31.869  -23.426  46.210 0.0000000000
34923  30.137  -25.012  44.680 0.0000000000
34940  29.026  -25.244  44.625 0.0000000000
35785  23.116  -24.142  46.729 0.0000000000
36753  23.571  -23.396  44.606 0.0000000000
33338  23.056  -27.301  43.823 0.0000000000
54174  46.264  -5.012  37.875 0.0000000000
53286  46.352  -5.294  36.142 0.0000000000
53288  44.655  -5.822  36.744 0.0000000000
29072  18.715  -32.538  49.983 0.0000000000
34749  33.000  -24.836  57.041 0.0000000000
34783  31.825  -25.657  54.659 0.0000000000
34806  30.754  -25.511  52.273 0.0000000000
35661  30.460  -24.954  53.628 0.0000000000
36598  28.326  -23.793  52.562 0.0000000000
37576  26.780  -23.108  51.675 0.0000000000
37510  26.121  -22.917  55.396 0.0000000000
37545  25.859  -23.297  52.880 0.0000000000
36654  24.450  -23.774  49.456 0.0000000000
34889  21.887  -25.988  47.323 0.0000000000
31703  20.062  -29.181  44.478 0.0000000000
51437  40.119  -8.003  40.204 0.0000000000
51472  39.839  -7.936  37.162 0.0000000000
50564  38.539  -8.901  37.533 0.0000000000
28905  20.680  -32.397  59.805 0.0000000000
28914  17.767  -33.077  57.911 0.0000000000
28048  16.465  -33.445  60.537 0.0000000000
28076  15.098  -33.315  56.694 0.0000000000
53249  46.666  -5.042  39.614 0.0000000000
53239  45.849  -5.448  40.422 0.0000000000
52328  44.171  -6.177  41.413 0.0000000000
51426  42.304  -7.232  42.043 0.0000000000
50496  41.268  -8.435  42.770 0.0000000000
49629  40.066  -10.490  41.998 0.0000000000
47063  39.378  -12.931  41.681 0.0000000000
46991  42.818  -12.460  45.114 0.0000000000
46047  40.380  -13.659  42.994 0.0000000000
46089  38.772  -14.026  41.353 0.0000000000
46091  36.560  -14.005  41.327 0.0000000000
46107  34.963  -14.007  40.870 0.0000000000
46893  40.559  -12.954  50.878 0.0000000000
43950  39.091  -16.145  51.979 0.0000000000
44946  38.828  -14.840  50.316 0.0000000000
44990  38.116  -14.292  48.134 0.0000000000
44059  35.914  -15.412  45.401 0.0000000000
44112  32.958  -16.063  42.286 0.0000000000
37760  29.315  -22.846  41.521 0.0000000000
34853  29.879  -25.357  49.207 0.0000000000
35784  28.911  -25.040  46.325 0.0000000000
34957  27.109  -25.812  43.274 0.0000000000
35839  24.904  -24.624  43.591 0.0000000000
34135  25.618  -26.501  43.824 0.0000000000
32330  24.398  -28.493  60.006 0.0000000000
33138  24.111  -27.854  60.563 0.0000000000
35660  33.944  -24.856  53.662 0.0000000000
35659  35.001  -24.306  53.968 0.0000000000
35675  33.855  -24.886  52.700 0.0000000000
35688  34.403  -24.298  52.330 0.0000000000
34830  33.122  -25.209  51.425 0.0000000000
34831  32.548  -25.336  50.603 0.0000000000
34816  32.362  -25.497  51.882 0.0000000000
52339  42.534  -6.587  39.410 0.0000000000
52362  41.983  -6.930  37.809 0.0000000000
52350  41.711  -6.994  38.481 0.0000000000
32423  20.746  -28.966  51.079 0.0000000000
30838  19.510  -30.738  49.284 0.0000000000
30821  20.103  -30.455  50.733 0.0000000000
28977  17.138  -32.608  54.328 0.0000000000
28996  16.439  -32.455  53.409 0.0000000000
28997  15.282  -32.464  53.500 0.0000000000
29018  14.455  -32.478  52.732 0.0000000000
28979  14.965  -32.666  54.465 0.0000000000
37439  28.457  -21.616  60.171 0.0000000000
37438  29.217  -21.950  60.322 0.0000000000
36474  29.589  -23.125  59.332 0.0000000000
36491  29.053  -23.094  59.109 0.0000000000
37462  28.593  -22.495  58.591 0.0000000000
33203  23.202  -27.893  53.238 0.0000000000
33218  23.534  -27.355  52.853 0.0000000000
33220  22.336  -27.935  52.214 0.0000000000
32431  21.031  -28.122  50.042 0.0000000000
47980  37.708  -12.094  39.926 0.0000000000
48000  37.520  -11.989  38.442 0.0000000000
47104  37.392  -12.982  38.951 0.0000000000
50439  46.112  -8.268  46.608 0.0000000000
49593  44.620  -9.638  45.757 0.0000000000
49585  46.009  -9.414  46.606 0.0000000000
47898  41.576  -12.305  48.103 0.0000000000
46953  41.033  -12.469  47.149 0.0000000000
47914  40.074  -12.168  46.821 0.0000000000
46996  37.701  -12.871  45.180 0.0000000000
46975  38.377  -12.838  46.354 0.0000000000
40455  33.989  -19.817  47.583 0.0000000000
40479  34.161  -19.207  47.408 0.0000000000
40506  33.198  -19.129  46.443 0.0000000000
41443  32.661  -18.613  45.497 0.0000000000
40531  31.845  -19.727  45.019 0.0000000000
40556  30.842  -19.472  43.362 0.0000000000
39513  31.066  -20.547  44.234 0.0000000000
37608  26.733  -23.119  49.803 0.0000000000
36652  27.389  -23.377  49.177 0.0000000000
37651  25.920  -22.826  47.501 0.0000000000
55134  48.275  -3.166  37.099 0.0000000000
55135  47.401  -4.146  37.081 0.0000000000
32365  23.536  -28.407  55.679 0.0000000000
31555  21.515  -30.060  54.585 0.0000000000
31521  23.291  -29.232  56.385 0.0000000000
30718  22.141  -31.195  57.388 0.0000000000
30732  21.975  -31.133  56.798 0.0000000000
29855  21.054  -31.789  56.639 0.0000000000
28950  19.967  -32.051  55.381 0.0000000000
29844  20.946  -31.903  57.101 0.0000000000
38415  25.077  -21.677  60.016 0.0000000000
38429  25.512  -21.945  59.394 0.0000000000
37451  24.806  -22.286  59.486 0.0000000000
33970  24.907  -26.448  58.446 0.0000000000
34752  25.040  -25.524  57.906 0.0000000000
33171  24.458  -27.389  56.701 0.0000000000
33182  24.007  -27.687  55.212 0.0000000000
37524  37.437  -22.998  54.692 0.0000000000
38460  38.762  -21.692  55.693 0.0000000000
39359  38.941  -20.444  54.636 0.0000000000
40356  38.713  -19.766  54.049 0.0000000000
38484  37.338  -21.327  52.940 0.0000000000
37590  34.745  -22.719  50.473 0.0000000000
38505  35.338  -21.667  50.647 0.0000000000
37606  34.411  -22.317  49.879 0.0000000000
38527  34.100  -21.695  48.879 0.0000000000
37624  33.475  -22.237  48.364 0.0000000000
36684  32.528  -23.159  47.033 0.0000000000
36665  32.964  -23.477  48.078 0.0000000000
34869  31.049  -25.032  47.595 0.0000000000
35760  30.940  -24.865  46.718 0.0000000000
34886  30.515  -25.129  46.814 0.0000000000
34924  29.743  -25.277  45.159 0.0000000000
34904  29.825  -25.337  46.200 0.0000000000
34927  21.777  -25.457  45.317 0.0000000000
34943  22.103  -25.573  44.389 0.0000000000
33339  22.243  -27.471  43.587 0.0000000000
53261  45.652  -5.360  38.301 0.0000000000
53272  45.509  -5.407  37.332 0.0000000000
53273  44.796  -5.652  37.756 0.0000000000
52383  43.661  -6.796  35.666 0.0000000000
30054  19.282  -31.284  44.267 0.0000000000
29149  18.954  -32.526  44.565 0.0000000000
29012  19.666  -32.090  52.159 0.0000000000
29032  19.447  -32.357  51.529 0.0000000000
29033  18.908  -32.723  51.497 0.0000000000
29057  15.715  -32.586  50.590 0.0000000000
29074  16.441  -32.975  49.564 0.0000000000
36506  31.524  -24.180  57.250 0.0000000000
35575  32.619  -23.922  57.937 0.0000000000
34751  31.737  -24.946  56.905 0.0000000000
34772  32.539  -25.446  55.856 0.0000000000
34774  31.454  -25.290  55.320 0.0000000000
34784  31.326  -25.362  54.352 0.0000000000
35628  30.878  -24.894  54.999 0.0000000000
37507  28.670  -23.053  55.291 0.0000000000
36582  28.767  -23.655  53.655 0.0000000000
37542  28.034  -23.052  53.540 0.0000000000
36599  27.687  -23.428  52.196 0.0000000000
37559  27.100  -23.038  52.434 0.0000000000
37492  25.860  -22.745  56.590 0.0000000000
37491  26.639  -22.367  56.432 0.0000000000
36549  25.442  -23.804  54.987 0.0000000000
34820  24.225  -25.270  52.143 0.0000000000
36584  25.026  -24.182  52.717 0.0000000000
36601  24.852  -24.100  51.964 0.0000000000
36620  25.266  -23.613  51.513 0.0000000000
35709  23.724  -24.695  50.230 0.0000000000
34872  23.065  -25.033  48.381 0.0000000000
34855  22.992  -26.011  49.306 0.0000000000
32467  19.706  -28.921  47.294 0.0000000000
32466  20.097  -28.264  46.877 0.0000000000
31688  19.557  -29.594  45.862 0.0000000000
50535  39.509  -8.670  40.587 0.0000000000
50560  39.201  -8.331  38.870 0.0000000000
50561  38.545  -8.803  38.566 0.0000000000
48015  38.938  -11.505  36.984 0.0000000000
28898  19.799  -32.512  60.485 0.0000000000
28906  19.764  -32.657  59.485 0.0000000000
28053  18.091  -33.105  60.023 0.0000000000
27246  14.352  -34.194  59.895 0.0000000000
28057  14.787  -34.001  59.068 0.0000000000
28063  15.408  -33.555  58.517 0.0000000000
28064  14.465  -33.839  58.359 0.0000000000
28077  14.172  -33.437  56.605 0.0000000000
28072  13.483  -33.888  57.211 0.0000000000
54153  47.726  -3.641  40.165 0.0000000000
53228  46.838  -5.136  41.207 0.0000000000
53229  45.834  -5.556  41.532 0.0000000000
53240  44.669  -5.846  40.715 0.0000000000
53230  44.859  -5.906  41.796 0.0000000000
52290  44.575  -6.648  44.015 0.0000000000
52305  43.458  -6.620  42.717 0.0000000000
51406  43.160  -7.032  43.492 0.0000000000
51408  41.866  -7.659  42.577 0.0000000000
50495  41.948  -7.920  43.082 0.0000000000
48786  41.991  -10.644  43.525 0.0000000000
49616  41.036  -10.374  42.902 0.0000000000
48788  40.922  -11.083  42.826 0.0000000000
48802  39.839  -11.153  41.883 0.0000000000
47961  40.195  -12.164  42.183 0.0000000000
47896  45.181  -11.635  47.563 0.0000000000
47912  44.429  -11.690  46.268 0.0000000000
46950  44.094  -12.287  47.025 0.0000000000
47009  40.033  -13.537  44.118 0.0000000000
46025  40.548  -13.582  43.991 0.0000000000
46048  39.413  -13.785  42.897 0.0000000000
46088  39.425  -13.766  41.651 0.0000000000
46071  38.347  -14.021  41.902 0.0000000000
46090  37.820  -13.995  41.064 0.0000000000
47050  37.893  -13.631  42.316 0.0000000000
46051  36.085  -13.536  43.152 0.0000000000
46092  35.522  -14.094  41.475 0.0000000000
46093  34.731  -14.251  41.678 0.0000000000
45104  33.960  -14.723  41.790 0.0000000000
45885  40.145  -13.597  51.391 0.0000000000
42183  37.817  -18.147  51.885 0.0000000000
42181  39.061  -17.050  52.720 0.0000000000
42191  37.823  -17.679  51.252 0.0000000000
43101  36.752  -16.993  48.372 0.0000000000
43090  37.691  -16.584  49.569 0.0000000000
43100  37.360  -16.217  48.446 0.0000000000
44975  38.268  -14.560  48.792 0.0000000000
44018  37.066  -15.449  47.426 0.0000000000
44992  37.053  -14.844  47.051 0.0000000000
43126  36.260  -16.098  46.640 0.0000000000
42308  32.332  -17.283  43.007 0.0000000000
43172  33.414  -16.519  43.345 0.0000000000
43183  32.445  -16.649  42.362 0.0000000000
43191  32.250  -16.342  41.257 0.0000000000
42336  31.527  -17.574  40.036 0.0000000000
42337  30.717  -18.396  40.165 0.0000000000
39566  29.458  -20.627  40.611 0.0000000000
38653  30.535  -21.326  39.131 0.0000000000
37714  30.703  -22.621  44.307 0.0000000000
38621  29.925  -21.837  43.126 0.0000000000
37748  29.663  -23.034  42.363 0.0000000000
35020  28.957  -25.215  40.026 0.0000000000
35690  30.080  -25.372  52.131 0.0000000000
34818  30.437  -25.574  51.187 0.0000000000
35726  29.414  -24.905  49.671 0.0000000000
36708  27.710  -23.424  46.214 0.0000000000
35762  28.675  -24.539  47.117 0.0000000000
36732  27.972  -24.076  45.329 0.0000000000
35805  28.327  -24.677  45.237 0.0000000000
36768  27.029  -24.502  43.775 0.0000000000
34137  23.653  -26.243  43.976 0.0000000000
36752  24.545  -23.123  44.228 0.0000000000
34120  24.238  -26.429  44.370 0.0000000000
34118  25.288  -26.786  44.636 0.0000000000
33337  25.931  -27.332  43.410 0.0000000000
53300  45.801  -5.882  35.684 0.0000000000
53299  46.585  -5.634  35.422 0.0000000000
50567  40.125  -8.269  36.367 0.0000000000
32344  24.415  -28.259  58.061 0.0000000000
31508  23.916  -29.272  57.650 0.0000000000
31507  24.360  -28.945  58.510 0.0000000000
30701  23.685  -30.341  58.612 0.0000000000
29833  23.139  -30.931  58.692 0.0000000000
33959  24.631  -26.440  59.570 0.0000000000
35612  34.838  -24.505  56.527 0.0000000000
36527  36.197  -23.951  56.637 0.0000000000
35625  35.629  -24.166  55.452 0.0000000000
36563  36.114  -23.755  54.955 0.0000000000
37541  36.424  -23.086  53.088 0.0000000000
37556  36.660  -22.457  52.954 0.0000000000
36615  35.480  -23.351  52.201 0.0000000000
36632  34.540  -23.456  50.941 0.0000000000
36649  33.499  -23.656  49.568 0.0000000000
36650  33.089  -23.977  48.871 0.0000000000
35724  32.873  -24.720  49.501 0.0000000000
35725  32.221  -25.022  48.855 0.0000000000
34851  31.196  -25.317  48.868 0.0000000000
31734  21.602  -30.246  43.086 0.0000000000
31719  22.144  -29.622  43.295 0.0000000000
30067  22.908  -31.675  44.181 0.0000000000
53263  44.108  -5.855  39.144 0.0000000000
53289  44.061  -5.904  37.330 0.0000000000
52361  42.611  -6.598  37.742 0.0000000000
52373  42.703  -6.744  36.797 0.0000000000
30867  19.464  -30.209  47.322 0.0000000000
30022  19.179  -31.235  45.989 0.0000000000
29999  19.228  -31.334  47.292 0.0000000000
29984  19.254  -31.603  48.727 0.0000000000
29103  18.367  -32.900  47.785 0.0000000000
28994  18.611  -32.287  53.266 0.0000000000
29034  17.994  -32.671  51.505 0.0000000000
29919  17.250  -32.383  51.907 0.0000000000
29940  16.023  -32.250  51.297 0.0000000000
28132  13.300  -33.096  52.254 0.0000000000
36489  30.771  -23.612  58.204 0.0000000000
35615  30.261  -24.136  56.716 0.0000000000
35629  30.195  -24.310  55.631 0.0000000000
36528  29.604  -23.603  56.220 0.0000000000
37475  29.111  -23.021  56.570 0.0000000000
37508  27.974  -22.596  55.382 0.0000000000
34785  24.845  -25.576  54.808 0.0000000000
35647  25.024  -24.757  54.352 0.0000000000
34010  24.276  -26.489  53.382 0.0000000000
34021  23.868  -26.588  52.416 0.0000000000
34045  22.746  -26.599  50.583 0.0000000000
34060  22.051  -26.856  49.535 0.0000000000
33251  21.792  -27.338  50.467 0.0000000000
31635  20.052  -28.940  48.713 0.0000000000
49656  37.969  -10.401  39.764 0.0000000000
49668  37.813  -10.332  38.057 0.0000000000
48833  37.589  -11.108  38.646 0.0000000000
48007  37.700  -11.927  37.953 0.0000000000
27229  13.437  -34.422  61.599 0.0000000000
27247  13.377  -34.300  59.700 0.0000000000
27255  12.430  -34.347  58.468 0.0000000000
27249  11.504  -34.450  59.085 0.0000000000
51369  44.510  -7.467  45.401 0.0000000000
50478  43.049  -8.035  44.327 0.0000000000
50451  44.190  -9.051  45.549 0.0000000000
49601  43.295  -9.691  44.800 0.0000000000
47934  43.316  -11.433  44.686 0.0000000000
46927  43.864  -12.565  48.178 0.0000000000
46951  42.946  -12.671  47.246 0.0000000000
46972  41.963  -12.867  46.263 0.0000000000
46994  40.176  -13.226  44.928 0.0000000000
47011  38.488  -13.003  44.124 0.0000000000
47030  37.668  -13.295  42.886 0.0000000000
47012  37.492  -12.913  43.946 0.0000000000
46997  37.070  -12.992  44.707 0.0000000000
45050  36.335  -13.955  44.816 0.0000000000
40428  36.069  -19.323  49.885 0.0000000000
42199  36.635  -18.139  49.722 0.0000000000
41376  35.563  -18.815  48.874 0.0000000000
42220  35.461  -18.034  47.753 0.0000000000
42234  35.308  -17.615  47.170 0.0000000000
43128  34.829  -17.088  46.124 0.0000000000
42267  33.917  -17.661  45.705 0.0000000000
41460  32.256  -18.157  44.321 0.0000000000
41482  31.468  -18.226  42.712 0.0000000000
41499  30.244  -18.958  40.555 0.0000000000
41483  31.044  -18.736  42.560 0.0000000000
40589  29.873  -19.927  41.890 0.0000000000
39551  29.520  -20.729  41.547 0.0000000000
35835  29.710  -24.677  43.381 0.0000000000
36783  29.329  -23.887  42.235 0.0000000000
35852  28.614  -24.812  42.078 0.0000000000
34182  28.324  -26.343  40.583 0.0000000000
32578  29.064  -28.114  40.928 0.0000000000
35692  28.637  -24.464  51.415 0.0000000000
35727  28.760  -24.419  49.177 0.0000000000
36651  28.077  -23.885  49.739 0.0000000000
36667  27.386  -23.292  48.001 0.0000000000
37673  26.946  -22.834  46.237 0.0000000000
33312  24.657  -26.771  45.472 0.0000000000
33284  25.528  -27.465  47.250 0.0000000000
56045  49.227  -2.353  36.953 0.0000000000
54187  48.586  -3.837  36.078 0.0000000000
54200  48.154  -4.671  35.533 0.0000000000
31569  21.866  -29.068  53.463 0.0000000000
31584  20.624  -30.134  52.226 0.0000000000
31570  21.215  -29.686  53.261 0.0000000000
30775  20.990  -30.610  54.137 0.0000000000
30762  20.575  -31.186  54.368 0.0000000000
30731  22.248  -30.479  56.304 0.0000000000
29869  21.030  -31.440  55.448 0.0000000000
29902  19.753  -31.648  54.081 0.0000000000
28975  19.419  -32.046  54.309 0.0000000000
28951  18.887  -32.400  55.290 0.0000000000
28929  18.149  -32.564  56.259 0.0000000000
38413  27.160  -21.564  59.515 0.0000000000
38427  27.170  -21.778  58.467 0.0000000000
38428  26.353  -21.760  58.987 0.0000000000
37479  25.512  -22.624  57.735 0.0000000000
36530  25.175  -23.932  56.664 0.0000000000
36492  24.556  -23.683  58.899 0.0000000000
35599  24.974  -24.645  57.282 0.0000000000
34775  24.896  -25.585  55.755 0.0000000000
33191  24.385  -27.056  54.853 0.0000000000
32393  23.190  -28.189  53.822 0.0000000000
45127  37.549  -14.665  39.393 0.0000000000
46136  37.737  -13.924  38.867 0.0000000000
45138  37.700  -14.888  38.808 0.0000000000
49575  46.194  -9.414  47.354 0.0000000000
46906  44.481  -12.332  49.020 0.0000000000
46907  43.708  -12.703  49.310 0.0000000000
46908  42.812  -12.625  49.530 0.0000000000
46909  42.003  -12.327  49.880 0.0000000000
41330  38.132  -19.154  52.927 0.0000000000
40389  37.389  -19.455  51.970 0.0000000000
38492  36.382  -21.442  51.775 0.0000000000
39403  36.398  -20.924  51.333 0.0000000000
40406  36.337  -19.737  50.508 0.0000000000
39448  35.013  -20.564  49.002 0.0000000000
39463  34.113  -20.458  47.948 0.0000000000
38581  32.641  -21.264  46.696 0.0000000000
38599  31.665  -21.569  45.221 0.0000000000
37672  32.053  -22.415  45.942 0.0000000000
37694  31.626  -22.628  45.414 0.0000000000
35802  31.036  -23.880  45.281 0.0000000000
35758  32.326  -24.129  47.545 0.0000000000
35781  31.192  -24.113  45.842 0.0000000000
35817  30.302  -24.543  43.981 0.0000000000
34938  30.035  -25.006  44.183 0.0000000000
34955  29.057  -25.220  43.775 0.0000000000
34975  27.731  -25.845  42.688 0.0000000000
37629  24.518  -23.390  48.037 0.0000000000
37652  25.157  -22.951  47.604 0.0000000000
36733  23.410  -23.406  45.626 0.0000000000
35822  22.792  -24.578  44.372 0.0000000000
32512  23.508  -27.931  45.144 0.0000000000
31718  22.908  -29.419  43.964 0.0000000000
31687  23.536  -29.288  46.325 0.0000000000
54164  46.875  -4.396  38.422 0.0000000000
54173  46.846  -4.578  37.469 0.0000000000
54190  46.243  -5.122  36.972 0.0000000000
53287  45.564  -5.563  36.441 0.0000000000
53301  44.992  -6.076  35.921 0.0000000000
52372  43.654  -6.301  36.584 0.0000000000
52382  44.512  -6.612  35.505 0.0000000000
29954  19.611  -31.677  50.549 0.0000000000
29071  19.292  -32.206  50.268 0.0000000000
29090  18.649  -32.631  48.902 0.0000000000
29056  17.115  -32.472  50.636 0.0000000000
29073  17.775  -32.689  49.685 0.0000000000
35593  34.738  -24.339  57.320 0.0000000000
34771  33.241  -25.114  56.230 0.0000000000
34781  33.243  -25.318  55.354 0.0000000000
34804  32.378  -25.676  52.942 0.0000000000
34817  31.472  -25.605  51.468 0.0000000000
34794  31.699  -25.656  53.660 0.0000000000
34795  30.975  -25.379  53.351 0.0000000000
35677  29.527  -24.861  52.669 0.0000000000
35645  30.161  -24.516  54.460 0.0000000000
36581  29.285  -24.313  53.375 0.0000000000
35678  28.903  -24.620  52.261 0.0000000000
36618  28.002  -23.804  51.690 0.0000000000
36619  27.402  -23.378  51.430 0.0000000000
37593  26.186  -23.063  50.443 0.0000000000
38442  27.146  -21.955  57.454 0.0000000000
37490  27.639  -22.227  56.594 0.0000000000
37527  26.712  -22.845  54.335 0.0000000000
36566  25.455  -23.862  54.162 0.0000000000
37528  25.918  -23.320  54.052 0.0000000000
37544  26.516  -23.019  53.241 0.0000000000
37560  26.368  -23.104  52.262 0.0000000000
37578  25.709  -23.275  51.007 0.0000000000
37610  25.334  -23.160  49.220 0.0000000000
36670  23.899  -23.865  48.022 0.0000000000
34888  22.248  -25.292  46.960 0.0000000000
34109  21.246  -26.269  45.864 0.0000000000
33287  21.205  -27.127  47.607 0.0000000000
34094  20.958  -26.951  46.496 0.0000000000
33326  20.755  -27.778  44.349 0.0000000000
30938  20.670  -30.324  43.187 0.0000000000
51446  40.561  -7.559  39.599 0.0000000000
51460  40.504  -7.502  38.596 0.0000000000
51461  39.782  -7.828  38.200 0.0000000000
49667  38.211  -9.696  37.441 0.0000000000
49672  38.474  -9.938  36.777 0.0000000000
45156  38.297  -14.662  37.517 0.0000000000
32317  24.156  -28.979  61.185 0.0000000000
30686  23.892  -30.593  59.893 0.0000000000
29827  22.623  -31.948  59.729 0.0000000000
28904  21.672  -32.264  60.142 0.0000000000
28918  21.284  -32.079  58.402 0.0000000000
28920  19.540  -32.536  57.450 0.0000000000
28921  18.465  -32.727  57.251 0.0000000000
28922  17.334  -32.934  57.178 0.0000000000
28047  17.280  -33.151  60.731 0.0000000000
28061  17.340  -33.197  58.809 0.0000000000
28069  16.241  -33.200  57.720 0.0000000000
28931  16.024  -33.108  56.157 0.0000000000
28955  14.626  -32.981  55.327 0.0000000000
55106  47.427  -3.589  38.914 0.0000000000
54165  46.436  -4.968  38.818 0.0000000000
53250  46.004  -5.347  39.365 0.0000000000
54144  47.478  -4.511  40.899 0.0000000000
53238  46.746  -5.094  40.163 0.0000000000
53251  44.976  -5.715  39.692 0.0000000000
53252  44.232  -5.931  39.913 0.0000000000
52338  43.455  -6.232  39.797 0.0000000000
52330  42.594  -6.746  40.478 0.0000000000
53214  44.798  -6.106  42.367 0.0000000000
52319  43.529  -6.511  41.749 0.0000000000
51435  41.575  -7.246  40.789 0.0000000000
51428  40.983  -7.756  41.427 0.0000000000
50534  40.142  -8.197  40.795 0.0000000000
50519  39.763  -9.021  41.436 0.0000000000
50480  41.686  -9.021  43.431 0.0000000000
49628  40.463  -9.829  42.385 0.0000000000
49635  39.531  -9.908  41.422 0.0000000000
48812  38.858  -11.136  40.975 0.0000000000
47969  38.624  -12.071  40.928 0.0000000000
47076  38.334  -12.839  40.906 0.0000000000
48756  45.767  -10.416  46.795 0.0000000000
47925  43.763  -11.735  45.351 0.0000000000
47936  41.921  -12.433  43.677 0.0000000000
46992  42.026  -12.854  45.284 0.0000000000
46045  41.445  -13.195  43.902 0.0000000000
47026  41.120  -13.119  42.776 0.0000000000
47048  39.986  -13.150  41.976 0.0000000000
47065  38.325  -13.548  41.083 0.0000000000
46104  37.709  -13.952  40.187 0.0000000000
45114  37.284  -14.481  39.878 0.0000000000
45128  36.762  -14.995  39.590 0.0000000000
46072  37.122  -13.514  42.215 0.0000000000
46106  35.906  -14.336  40.563 0.0000000000
46892  41.667  -12.557  50.768 0.0000000000
46910  40.789  -12.337  49.637 0.0000000000
44921  39.647  -14.988  52.415 0.0000000000
43081  37.998  -16.942  50.533 0.0000000000
43976  38.639  -15.697  50.586 0.0000000000
44945  39.277  -14.650  50.953 0.0000000000
45899  39.488  -13.871  50.389 0.0000000000
45917  39.147  -13.268  49.276 0.0000000000
46932  38.881  -12.974  48.384 0.0000000000
45958  37.766  -13.997  47.127 0.0000000000
45028  36.470  -14.421  45.534 0.0000000000
44075  35.311  -15.163  44.142 0.0000000000
43143  35.167  -16.026  44.899 0.0000000000
43171  34.086  -16.033  43.448 0.0000000000
44110  34.182  -15.174  42.648 0.0000000000
44130  32.726  -15.777  40.859 0.0000000000
40627  30.210  -19.502  39.996 0.0000000000
39599  31.503  -20.929  38.827 0.0000000000
38620  30.310  -21.727  43.780 0.0000000000
38628  29.622  -21.941  42.180 0.0000000000
37771  29.187  -22.663  40.406 0.0000000000
36796  29.110  -23.515  41.520 0.0000000000
36812  29.018  -23.504  40.355 0.0000000000
34833  30.357  -25.474  49.872 0.0000000000
34871  29.863  -25.427  48.218 0.0000000000
35741  29.418  -24.970  48.637 0.0000000000
35761  29.325  -25.085  47.469 0.0000000000
35783  29.490  -25.307  46.689 0.0000000000
35804  28.692  -25.038  45.281 0.0000000000
34941  28.585  -25.124  44.437 0.0000000000
34976  27.239  -26.261  42.789 0.0000000000
37698  25.316  -22.576  45.691 0.0000000000
37717  25.370  -22.679  44.732 0.0000000000
36750  26.343  -23.499  43.974 0.0000000000
34119  24.842  -26.517  44.563 0.0000000000
34959  25.229  -25.495  43.724 0.0000000000
36769  26.495  -24.237  43.686 0.0000000000
34134  26.371  -26.384  43.294 0.0000000000
33353  26.134  -27.412  42.951 0.0000000000
54201  47.155  -4.991  35.860 0.0000000000
53298  47.381  -5.395  35.170 0.0000000000
54210  48.063  -5.211  34.874 0.0000000000
51471  40.594  -7.548  37.530 0.0000000000
34803  33.193  -25.489  53.283 0.0000000000
52340  41.825  -6.939  39.177 0.0000000000
31596  20.837  -29.046  51.370 0.0000000000
31597  20.500  -29.642  51.185 0.0000000000
28978  16.013  -32.664  54.372 0.0000000000
28954  15.592  -32.885  55.257 0.0000000000
37449  28.776  -22.321  59.693 0.0000000000
36475  29.273  -22.793  59.555 0.0000000000
32410  21.791  -28.581  52.420 0.0000000000
32409  22.373  -28.214  52.636 0.0000000000
32422  21.154  -28.428  51.211 0.0000000000
47883  41.088  -12.069  48.646 0.0000000000
47899  40.937  -12.210  47.743 0.0000000000
47900  40.105  -12.038  47.612 0.0000000000
46954  39.327  -12.353  47.186 0.0000000000
39485  32.663  -20.360  46.507 0.0000000000
40480  33.445  -19.529  46.954 0.0000000000
40481  32.905  -19.939  46.751 0.0000000000
40530  32.285  -19.632  45.631 0.0000000000
39502  32.054  -20.570  45.553 0.0000000000
37626  26.559  -23.005  48.532 0.0000000000
31538  23.097  -29.031  55.637 0.0000000000
29842  22.253  -31.223  57.732 0.0000000000
38398  24.929  -21.122  60.420 0.0000000000
33163  24.598  -27.322  57.768 0.0000000000
33172  24.124  -27.836  55.982 0.0000000000
37503  38.443  -22.259  55.448 0.0000000000
37523  38.257  -22.324  54.892 0.0000000000
38467  38.738  -21.497  54.933 0.0000000000
38468  38.246  -21.829  54.376 0.0000000000
38475  38.477  -21.222  54.243 0.0000000000
38476  37.801  -21.606  53.650 0.0000000000
37591  34.209  -23.045  49.857 0.0000000000
37607  33.952  -22.531  49.270 0.0000000000
34121  21.315  -26.405  44.772 0.0000000000
34139  21.866  -26.598  43.875 0.0000000000
33340  21.511  -27.634  43.728 0.0000000000
30041  19.130  -31.179  45.027 0.0000000000
30055  19.124  -31.764  44.652 0.0000000000
28992  19.587  -31.922  52.751 0.0000000000
29013  19.296  -32.348  52.217 0.0000000000
28166  15.437  -33.616  49.585 0.0000000000
35597  31.076  -24.474  57.096 0.0000000000
34763  31.531  -25.133  56.255 0.0000000000
37525  28.314  -23.035  54.493 0.0000000000
37558  27.700  -23.138  52.818 0.0000000000
37543  27.258  -22.862  53.460 0.0000000000
36529  25.497  -23.388  56.046 0.0000000000
34821  23.754  -25.700  51.491 0.0000000000
35693  24.270  -24.691  51.531 0.0000000000
35694  23.774  -24.943  50.846 0.0000000000
35708  24.202  -24.395  50.636 0.0000000000
31667  19.582  -29.564  46.838 0.0000000000
30909  19.342  -30.406  45.440 0.0000000000
30922  19.424  -30.567  44.566 0.0000000000
50550  38.821  -8.910  39.711 0.0000000000
28897  20.718  -32.305  60.865 0.0000000000
28890  19.814  -32.513  61.548 0.0000000000
28899  18.931  -32.825  60.205 0.0000000000
27253  14.097  -34.139  59.149 0.0000000000
28065  13.809  -33.971  57.944 0.0000000000
27260  13.155  -34.197  57.968 0.0000000000
55095  48.040  -2.889  40.483 0.0000000000
56002  48.203  -2.085  41.264 0.0000000000
54117  47.713  -4.701  42.497 0.0000000000
51388  42.783  -7.508  43.877 0.0000000000
47944  41.929  -11.360  43.427 0.0000000000
48787  41.456  -10.886  43.200 0.0000000000
47946  40.750  -12.153  42.679 0.0000000000
46949  44.753  -11.942  47.431 0.0000000000
46026  39.976  -13.651  43.567 0.0000000000
46070  39.212  -14.271  41.957 0.0000000000
47049  38.282  -13.698  42.471 0.0000000000
45090  35.217  -14.269  42.538 0.0000000000
45103  34.400  -14.517  41.895 0.0000000000
46094  34.322  -14.418  41.636 0.0000000000
45091  34.629  -14.682  42.475 0.0000000000
41351  37.413  -18.769  51.488 0.0000000000
41363  37.185  -18.367  50.790 0.0000000000
42233  35.939  -17.177  47.431 0.0000000000
43110  37.146  -15.912  47.791 0.0000000000
42309  31.802  -17.614  42.623 0.0000000000
43184  31.781  -17.098  42.099 0.0000000000
43192  31.734  -16.889  41.532 0.0000000000
42323  31.196  -17.368  41.027 0.0000000000
41514  30.906  -18.669  39.764 0.0000000000
42324  30.683  -18.102  40.757 0.0000000000
38644  29.385  -21.386  40.134 0.0000000000
38654  29.902  -21.095  39.605 0.0000000000
37779  30.266  -22.357  39.122 0.0000000000
37734  30.235  -22.693  43.677 0.0000000000
36767  29.961  -23.733  42.913 0.0000000000
34819  29.909  -25.387  50.667 0.0000000000
35706  29.402  -24.942  50.627 0.0000000000
36749  27.276  -23.953  44.242 0.0000000000
35840  23.929  -24.455  43.698 0.0000000000
53310  46.112  -6.330  35.023 0.0000000000
33155  24.616  -27.372  58.818 0.0000000000
32336  24.484  -28.297  59.099 0.0000000000
31492  24.428  -29.228  59.291 0.0000000000
30700  24.293  -29.845  58.990 0.0000000000
34728  24.417  -25.481  60.147 0.0000000000
35611  35.598  -24.287  56.242 0.0000000000
35626  34.905  -24.475  55.674 0.0000000000
35658  35.619  -24.035  54.501 0.0000000000
36579  36.124  -23.588  53.862 0.0000000000
36595  35.803  -23.499  52.841 0.0000000000
36617  34.062  -24.003  51.128 0.0000000000
36616  34.751  -23.690  51.688 0.0000000000
36633  33.951  -23.695  50.419 0.0000000000
35723  33.289  -24.323  50.125 0.0000000000
34850  32.111  -25.321  49.583 0.0000000000
30937  22.025  -30.771  43.155 0.0000000000
30936  22.630  -30.600  43.673 0.0000000000
30068  22.346  -31.597  43.456 0.0000000000
52374  42.269  -6.899  37.296 0.0000000000
31636  19.686  -29.328  48.417 0.0000000000
30853  19.424  -30.346  48.273 0.0000000000
29985  19.068  -32.286  47.980 0.0000000000
29089  19.162  -32.196  49.534 0.0000000000
29015  17.893  -32.516  52.376 0.0000000000
28995  17.589  -32.428  53.371 0.0000000000
29017  15.658  -32.285  52.308 0.0000000000
29036  15.324  -32.431  51.387 0.0000000000
28143  14.312  -32.999  51.201 0.0000000000
28998  14.240  -32.633  53.684 0.0000000000
29019  13.466  -32.792  52.963 0.0000000000
28133  12.804  -33.477  52.717 0.0000000000
29020  12.984  -33.177  53.348 0.0000000000
37447  30.477  -22.454  59.308 0.0000000000
36473  30.271  -23.182  59.118 0.0000000000
35578  30.386  -23.771  58.002 0.0000000000
35577  30.728  -23.812  57.536 0.0000000000
35598  30.281  -23.883  57.565 0.0000000000
36508  29.520  -23.431  57.333 0.0000000000
37489  28.571  -22.634  56.145 0.0000000000
34001  24.559  -26.371  54.381 0.0000000000
33235  22.716  -27.386  51.772 0.0000000000
34032  23.257  -26.691  51.494 0.0000000000
34033  22.782  -26.980  51.244 0.0000000000
34046  22.276  -26.795  50.095 0.0000000000
32441  20.447  -28.577  49.301 0.0000000000
49646  38.210  -10.655  40.230 0.0000000000
48827  37.636  -11.127  39.432 0.0000000000
47122  37.596  -12.874  38.038 0.0000000000
47121  38.071  -12.699  37.537 0.0000000000
27230  12.497  -34.491  61.362 0.0000000000
27238  13.403  -34.335  60.641 0.0000000000
27248  12.461  -34.387  59.407 0.0000000000
27240  11.543  -34.496  60.061 0.0000000000
50461  44.123  -7.982  45.377 0.0000000000
50450  44.923  -8.490  45.827 0.0000000000
49594  43.911  -9.632  45.378 0.0000000000
48776  43.052  -10.635  44.431 0.0000000000
48768  43.815  -10.699  45.284 0.0000000000
46952  41.776  -12.594  47.418 0.0000000000
46974  39.595  -12.466  46.063 0.0000000000
46973  40.803  -12.703  46.355 0.0000000000
46976  37.673  -13.096  45.979 0.0000000000
46002  36.831  -13.461  45.234 0.0000000000
46027  36.577  -13.291  44.315 0.0000000000
40429  35.490  -19.622  49.271 0.0000000000
41375  36.127  -18.630  49.410 0.0000000000
40453  35.182  -19.246  48.620 0.0000000000
41404  34.703  -18.576  47.318 0.0000000000
41388  34.939  -18.681  47.799 0.0000000000
41403  35.167  -18.306  47.634 0.0000000000
42235  34.723  -18.036  46.948 0.0000000000
42250  34.594  -17.655  46.437 0.0000000000
42251  34.111  -18.050  46.286 0.0000000000
41461  31.818  -18.882  44.711 0.0000000000
41473  32.120  -17.936  43.720 0.0000000000
41474  31.592  -18.470  43.509 0.0000000000
41475  31.184  -18.955  43.246 0.0000000000
40543  30.870  -20.019  43.826 0.0000000000
40571  30.298  -19.626  42.497 0.0000000000
40572  29.981  -20.107  42.459 0.0000000000
39538  29.841  -20.779  42.627 0.0000000000
35851  29.058  -24.736  42.697 0.0000000000
34987  28.103  -25.395  41.936 0.0000000000
34183  27.779  -26.611  40.927 0.0000000000
33383  28.446  -27.445  40.784 0.0000000000
36634  28.043  -23.899  50.818 0.0000000000
36687  27.381  -23.200  47.015 0.0000000000
31554  22.050  -29.289  54.068 0.0000000000
30761  21.167  -30.934  54.979 0.0000000000
31509  23.233  -29.856  57.146 0.0000000000
31522  22.789  -29.988  56.540 0.0000000000
29854  21.354  -31.500  56.325 0.0000000000
29887  20.312  -31.566  54.799 0.0000000000
29888  19.895  -31.693  54.498 0.0000000000
28974  19.953  -31.793  54.740 0.0000000000
28952  17.726  -32.610  55.265 0.0000000000
38397  25.960  -20.992  60.687 0.0000000000
38379  26.763  -20.673  61.028 0.0000000000
38396  27.181  -21.187  60.408 0.0000000000
37464  25.111  -22.456  58.829 0.0000000000
38444  25.746  -22.099  58.567 0.0000000000
36511  24.958  -23.619  57.740 0.0000000000
35562  24.469  -24.567  59.592 0.0000000000
35579  24.790  -24.559  58.437 0.0000000000
34764  24.936  -25.576  56.776 0.0000000000
33992  24.695  -26.395  55.277 0.0000000000
32378  23.480  -28.108  54.624 0.0000000000
46889  44.289  -12.517  50.156 0.0000000000
47847  44.121  -12.515  51.006 0.0000000000
46890  43.597  -12.762  50.353 0.0000000000
47863  42.266  -12.372  49.261 0.0000000000
46891  42.722  -12.649  50.608 0.0000000000
36503  36.892  -23.410  56.971 0.0000000000
40357  38.201  -19.809  53.328 0.0000000000
40373  37.676  -19.793  52.599 0.0000000000
40374  37.171  -20.114  52.077 0.0000000000
37557  36.112  -22.732  52.424 0.0000000000
38485  36.682  -21.672  52.459 0.0000000000
38486  36.107  -22.071  51.923 0.0000000000
39404  35.970  -21.116  50.885 0.0000000000
39425  36.284  -20.476  50.887 0.0000000000
39426  35.746  -20.688  50.380 0.0000000000
40407  35.788  -19.988  49.954 0.0000000000
39447  35.310  -20.599  49.690 0.0000000000
38548  34.074  -21.205  48.385 0.0000000000
38565  33.573  -21.256  47.889 0.0000000000
38566  33.096  -21.249  47.356 0.0000000000
38582  32.193  -21.497  46.027 0.0000000000
37649  32.878  -22.118  47.121 0.0000000000
36705  32.254  -22.867  46.420 0.0000000000
36729  31.325  -23.388  45.406 0.0000000000
35739  32.625  -24.446  48.455 0.0000000000
35759  31.476  -24.500  46.891 0.0000000000
35782  30.851  -24.762  46.162 0.0000000000
35803  30.702  -24.392  45.055 0.0000000000
35818  29.971  -24.945  43.945 0.0000000000
34956  28.258  -25.244  43.737 0.0000000000
36688  24.143  -23.508  47.550 0.0000000000
36709  24.045  -23.359  46.948 0.0000000000
36734  22.916  -23.931  45.938 0.0000000000
34962  22.477  -25.849  43.924 0.0000000000
34942  22.607  -25.318  44.062 0.0000000000
34138  22.725  -26.462  43.762 0.0000000000
34961  23.188  -25.338  43.841 0.0000000000
32496  23.555  -28.190  45.996 0.0000000000
52360  43.345  -6.231  37.519 0.0000000000
30042  19.041  -31.968  45.355 0.0000000000
29137  18.555  -32.834  45.539 0.0000000000
31571  20.647  -30.439  52.846 0.0000000000
30804  20.222  -30.879  51.527 0.0000000000
29937  19.806  -31.810  51.291 0.0000000000
29054  19.086  -32.590  50.800 0.0000000000
29938  17.450  -32.535  51.551 0.0000000000
28165  16.038  -33.475  49.017 0.0000000000
29092  16.530  -33.320  48.847 0.0000000000
36472  31.398  -23.245  58.730 0.0000000000
35560  32.306  -23.579  58.393 0.0000000000
35595  32.747  -24.444  57.541 0.0000000000
35574  33.208  -24.058  58.114 0.0000000000
35594  33.506  -24.517  57.408 0.0000000000
35613  33.923  -24.664  56.738 0.0000000000
34760  33.212  -24.835  56.907 0.0000000000
34782  32.451  -25.631  54.962 0.0000000000
34793  32.421  -25.723  53.964 0.0000000000
35644  30.831  -25.027  54.135 0.0000000000
35676  30.280  -25.172  52.896 0.0000000000
36564  29.413  -24.024  54.132 0.0000000000
36597  28.937  -24.280  52.908 0.0000000000
37592  26.804  -23.141  50.848 0.0000000000
37509  27.075  -22.523  55.417 0.0000000000
35646  25.266  -24.196  54.445 0.0000000000
35663  25.234  -24.270  53.944 0.0000000000
36600  25.369  -23.689  52.399 0.0000000000
36583  25.385  -23.854  53.367 0.0000000000
37561  25.786  -23.282  51.917 0.0000000000
36637  24.605  -23.882  50.253 0.0000000000
36636  25.138  -23.530  50.640 0.0000000000
37594  25.572  -23.206  50.103 0.0000000000
36653  24.973  -23.447  49.806 0.0000000000
36668  24.775  -23.395  49.091 0.0000000000
34873  22.605  -25.705  48.155 0.0000000000
35745  22.998  -24.862  47.940 0.0000000000
34907  21.706  -25.700  46.375 0.0000000000
34093  21.393  -26.406  46.817 0.0000000000
34074  21.919  -26.689  48.533 0.0000000000
33274  21.253  -27.245  48.181 0.0000000000
32479  20.118  -28.271  45.871 0.0000000000
33298  20.454  -27.585  46.231 0.0000000000
32497  20.148  -28.347  45.234 0.0000000000
33314  20.417  -27.768  45.198 0.0000000000
32513  20.273  -28.581  44.582 0.0000000000
31735  21.161  -30.390  43.020 0.0000000000
31721  20.312  -29.535  43.861 0.0000000000
51447  39.839  -8.023  39.378 0.0000000000
50563  39.127  -8.283  37.788 0.0000000000
49663  38.090  -9.520  38.268 0.0000000000
48840  38.662  -10.769  36.925 0.0000000000
49678  38.969  -10.212  36.283 0.0000000000
45157  37.889  -14.749  38.094 0.0000000000
46152  37.874  -14.027  38.300 0.0000000000
33130  24.000  -28.378  61.095 0.0000000000
30668  23.683  -30.382  60.825 0.0000000000
29819  23.181  -31.073  60.268 0.0000000000
29828  22.025  -32.238  59.434 0.0000000000
28910  21.431  -32.282  59.200 0.0000000000
28919  20.618  -32.212  57.746 0.0000000000
28911  20.599  -32.409  58.824 0.0000000000
28913  18.565  -33.025  58.324 0.0000000000
28049  15.703  -33.885  60.380 0.0000000000
28043  15.805  -33.916  61.246 0.0000000000
28041  17.360  -33.188  61.685 0.0000000000
28054  17.258  -33.203  59.817 0.0000000000
28055  16.394  -33.412  59.629 0.0000000000
28070  15.248  -33.423  57.634 0.0000000000
28075  15.841  -33.215  57.017 0.0000000000
28932  15.221  -33.144  55.900 0.0000000000
28095  14.645  -33.241  56.070 0.0000000000
28097  13.223  -33.311  55.316 0.0000000000
27261  12.465  -34.276  57.470 0.0000000000
55105  47.736  -2.644  39.532 0.0000000000
54154  47.197  -4.413  39.668 0.0000000000
54155  46.594  -5.007  39.350 0.0000000000
55086  48.461  -3.021  41.447 0.0000000000
54132  48.209  -3.924  41.693 0.0000000000
53241  43.988  -6.087  40.292 0.0000000000
52329  43.614  -6.359  40.811 0.0000000000
53213  45.663  -5.934  42.699 0.0000000000
52304  44.515  -6.343  42.959 0.0000000000
52306  42.910  -6.879  42.169 0.0000000000
52320  42.867  -6.832  41.399 0.0000000000
51434  42.188  -7.139  41.298 0.0000000000
51427  41.570  -7.609  41.853 0.0000000000
50517  41.043  -8.085  41.940 0.0000000000
50518  40.345  -8.498  41.707 0.0000000000
50463  42.902  -9.044  44.502 0.0000000000
50479  42.369  -8.452  43.835 0.0000000000
49614  42.085  -9.646  43.682 0.0000000000
49636  39.095  -10.518  41.068 0.0000000000
47962  39.658  -12.130  41.743 0.0000000000
47968  39.136  -12.097  41.329 0.0000000000
47979  38.153  -12.086  40.483 0.0000000000
48748  45.748  -10.575  47.587 0.0000000000
47911  45.193  -11.302  46.842 0.0000000000
46970  43.641  -12.269  45.824 0.0000000000
46990  43.396  -12.193  45.212 0.0000000000
47926  43.190  -12.080  44.686 0.0000000000
47006  42.645  -12.327  44.448 0.0000000000
46971  42.946  -12.660  46.130 0.0000000000
45999  41.124  -13.446  44.662 0.0000000000
46046  41.115  -13.437  43.531 0.0000000000
47025  41.542  -12.917  43.521 0.0000000000
47047  40.627  -12.917  42.271 0.0000000000
47027  40.402  -13.414  42.411 0.0000000000
46105  37.018  -14.251  40.477 0.0000000000
45115  36.456  -14.592  40.011 0.0000000000
46124  35.152  -14.157  40.078 0.0000000000
46123  35.654  -14.373  40.019 0.0000000000
46911  39.867  -12.959  49.904 0.0000000000
43058  39.047  -16.674  52.368 0.0000000000
43057  39.414  -16.635  52.972 0.0000000000
43949  39.463  -15.958  52.558 0.0000000000
43962  39.308  -15.592  51.956 0.0000000000
42198  37.183  -17.622  50.108 0.0000000000
42208  37.098  -17.145  49.483 0.0000000000
43989  38.362  -15.627  49.747 0.0000000000
43089  38.277  -16.283  50.248 0.0000000000
44933  38.959  -15.184  50.961 0.0000000000
45900  38.873  -14.340  49.926 0.0000000000
45918  38.736  -14.004  49.438 0.0000000000
45938  38.578  -13.583  48.514 0.0000000000
45937  38.972  -13.019  48.712 0.0000000000
45957  38.177  -13.850  47.656 0.0000000000
46955  38.660  -13.017  47.684 0.0000000000
44058  36.431  -15.128  46.058 0.0000000000
45010  36.877  -14.510  46.415 0.0000000000
45029  35.990  -14.603  44.802 0.0000000000
43144  34.492  -16.817  45.359 0.0000000000
43157  33.835  -16.864  44.521 0.0000000000
43182  33.106  -16.215  42.584 0.0000000000
43156  34.445  -16.177  44.111 0.0000000000
44095  33.894  -15.898  43.130 0.0000000000
44094  34.476  -15.420  43.301 0.0000000000
44111  33.586  -15.594  42.458 0.0000000000
44122  33.288  -15.274  41.337 0.0000000000
44123  32.811  -15.894  41.762 0.0000000000
43211  32.070  -16.794  40.179 0.0000000000
40606  30.071  -19.367  40.424 0.0000000000
37789  30.831  -21.831  38.783 0.0000000000
38652  31.113  -21.093  38.866 0.0000000000
37787  31.952  -22.125  38.719 0.0000000000
38610  31.304  -21.059  44.691 0.0000000000
38611  31.007  -21.604  44.448 0.0000000000
38636  29.235  -21.663  41.067 0.0000000000
37772  29.099  -23.148  40.558 0.0000000000
36797  28.795  -24.067  41.393 0.0000000000
35890  29.058  -24.025  39.910 0.0000000000
34805  31.565  -25.617  52.603 0.0000000000
34852  30.286  -25.422  48.820 0.0000000000
35742  28.747  -24.442  48.067 0.0000000000
34905  29.387  -25.315  46.222 0.0000000000
35820  28.174  -24.823  44.615 0.0000000000
37699  24.543  -22.752  45.974 0.0000000000
37675  25.250  -22.738  46.681 0.0000000000
37718  24.471  -22.686  45.033 0.0000000000
36771  24.705  -23.777  43.693 0.0000000000
36751  25.464  -23.224  44.016 0.0000000000
36770  25.622  -23.964  43.594 0.0000000000
33295  25.415  -27.007  46.547 0.0000000000
34108  25.090  -26.702  45.012 0.0000000000
35838  25.844  -24.831  43.569 0.0000000000
34958  26.150  -25.708  43.521 0.0000000000
32546  26.033  -27.769  42.898 0.0000000000
33336  26.255  -27.012  43.150 0.0000000000
33352  26.478  -27.487  42.465 0.0000000000
56044  50.766  -2.142  36.322 0.0000000000
54189  46.959  -4.783  36.650 0.0000000000
31481  24.408  -29.337  60.243 0.0000000000
35674  34.582  -24.363  53.044 0.0000000000
36596  35.059  -23.870  52.539 0.0000000000
35689  33.813  -24.601  51.753 0.0000000000
35705  33.077  -24.846  50.227 0.0000000000
52349  42.302  -6.702  38.525 0.0000000000
31607  20.083  -29.722  49.962 0.0000000000
31620  19.640  -29.908  49.125 0.0000000000
30822  19.731  -30.805  50.134 0.0000000000
37448  29.647  -22.532  59.696 0.0000000000
36509  29.039  -23.137  58.214 0.0000000000
33219  22.860  -27.796  52.600 0.0000000000
33236  21.984  -27.765  51.571 0.0000000000
32432  20.608  -28.869  50.486 0.0000000000
47990  37.447  -12.022  39.196 0.0000000000
27231  11.573  -34.553  61.040 0.0000000000
50440  45.757  -9.012  46.259 0.0000000000
49586  45.438  -9.658  46.189 0.0000000000
46929  42.050  -12.433  48.133 0.0000000000
47913  40.591  -12.282  47.121 0.0000000000
40454  34.659  -19.420  48.023 0.0000000000
41405  34.057  -18.831  46.957 0.0000000000
41424  33.566  -18.569  46.285 0.0000000000
41425  33.003  -18.916  46.191 0.0000000000
41444  32.066  -19.181  45.281 0.0000000000
40542  31.264  -19.560  44.181 0.0000000000
56046  48.622  -2.428  37.305 0.0000000000
32366  23.041  -28.769  55.149 0.0000000000
31539  22.423  -29.626  55.420 0.0000000000
30717  22.692  -30.636  57.523 0.0000000000
28927  20.380  -32.111  56.611 0.0000000000
33978  24.833  -26.465  57.299 0.0000000000
33181  24.445  -27.164  55.697 0.0000000000
36544  37.505  -23.165  55.498 0.0000000000
37504  37.943  -22.828  55.482 0.0000000000
37486  38.416  -22.314  55.885 0.0000000000
39358  39.255  -19.974  54.818 0.0000000000
40339  39.093  -19.774  54.611 0.0000000000
39371  38.377  -20.598  53.783 0.0000000000
39372  37.787  -20.641  53.106 0.0000000000
37589  35.301  -22.396  51.040 0.0000000000
38506  34.780  -21.854  50.168 0.0000000000
38526  34.625  -21.472  49.485 0.0000000000
37625  33.019  -22.619  47.641 0.0000000000
36685  32.052  -23.847  46.946 0.0000000000
34885  30.966  -24.913  47.002 0.0000000000
34903  30.313  -25.080  45.665 0.0000000000
34906  22.141  -25.090  45.977 0.0000000000
35806  22.412  -24.579  45.389 0.0000000000
35807  22.133  -25.030  45.192 0.0000000000
30000  18.835  -32.405  47.205 0.0000000000
29917  20.037  -31.624  52.714 0.0000000000
29031  19.718  -32.083  51.747 0.0000000000
29055  18.307  -32.653  50.674 0.0000000000
29956  15.982  -32.322  50.901 0.0000000000
29075  15.700  -33.060  49.957 0.0000000000
36488  31.644  -23.724  57.735 0.0000000000
35576  32.172  -23.749  57.871 0.0000000000
35596  31.999  -24.306  57.348 0.0000000000
34750  32.329  -24.889  57.027 0.0000000000
34761  32.680  -25.120  56.585 0.0000000000
34762  32.086  -25.284  56.377 0.0000000000
34773  31.934  -25.574  55.590 0.0000000000
37506  29.020  -23.293  55.367 0.0000000000
36565  28.921  -23.442  54.650 0.0000000000
37478  26.217  -22.360  57.142 0.0000000000
38455  26.687  -22.129  57.140 0.0000000000
35679  24.586  -24.702  52.453 0.0000000000
36621  24.715  -23.999  51.097 0.0000000000
35728  24.087  -24.239  49.873 0.0000000000
35743  23.984  -24.139  49.152 0.0000000000
35729  23.569  -24.649  49.495 0.0000000000
34854  23.177  -25.218  48.993 0.0000000000
34874  22.037  -26.301  47.899 0.0000000000
32451  20.091  -28.540  48.066 0.0000000000
32480  19.784  -28.889  46.350 0.0000000000
31704  19.685  -29.627  44.758 0.0000000000
30939  20.026  -30.648  43.454 0.0000000000
31722  19.798  -30.227  44.092 0.0000000000
30070  19.577  -31.561  43.499 0.0000000000
50549  39.316  -8.446  39.637 0.0000000000
48006  38.192  -11.744  37.502 0.0000000000
28907  18.872  -33.025  59.277 0.0000000000
28060  18.034  -33.169  59.234 0.0000000000
27237  14.266  -34.285  60.892 0.0000000000
27245  14.998  -34.209  60.333 0.0000000000
28056  15.445  -33.854  59.497 0.0000000000
28071  14.387  -33.604  57.428 0.0000000000
55096  47.664  -3.461  39.736 0.0000000000
54143  47.883  -3.725  40.760 0.0000000000
54133  47.643  -4.623  41.920 0.0000000000
52291  43.799  -6.721  43.499 0.0000000000
51407  42.451  -7.254  43.042 0.0000000000
48777  42.512  -10.469  43.898 0.0000000000
48801  40.370  -11.148  42.337 0.0000000000
47897  44.797  -11.781  47.063 0.0000000000
46000  40.868  -13.486  44.597 0.0000000000
46069  39.833  -13.819  42.223 0.0000000000
46073  35.797  -13.841  42.277 0.0000000000
46074  35.159  -14.190  42.111 0.0000000000
46125  34.300  -14.173  40.357 0.0000000000
46108  34.261  -14.240  41.196 0.0000000000
45117  33.675  -14.607  40.818 0.0000000000
46877  40.836  -13.182  52.097 0.0000000000
45898  40.022  -13.391  50.799 0.0000000000
41340  38.359  -18.495  52.894 0.0000000000
42173  39.171  -17.300  53.233 0.0000000000
42182  38.484  -17.587  52.335 0.0000000000
42190  38.340  -17.233  51.592 0.0000000000
43069  38.682  -16.698  51.666 0.0000000000
43091  37.053  -16.869  49.023 0.0000000000
43990  37.962  -15.837  49.059 0.0000000000
44960  38.542  -14.751  49.551 0.0000000000
44005  37.852  -15.342  48.605 0.0000000000
44976  37.810  -14.808  48.244 0.0000000000
44991  37.567  -14.596  47.590 0.0000000000
44038  36.609  -15.463  46.756 0.0000000000
44039  36.210  -15.772  46.199 0.0000000000
42300  33.278  -17.211  44.218 0.0000000000
43173  32.708  -16.978  43.090 0.0000000000
43199  31.780  -16.820  40.689 0.0000000000
40626  31.067  -19.463  39.435 0.0000000000
40628  29.772  -20.054  40.311 0.0000000000
39583  29.772  -20.474  39.953 0.0000000000
37735  29.956  -22.800  42.963 0.0000000000
34197  28.934  -26.045  40.139 0.0000000000
34834  29.845  -25.260  50.025 0.0000000000
36686  28.049  -23.820  47.343 0.0000000000
36707  28.301  -24.244  46.342 0.0000000000
36731  28.426  -24.654  45.710 0.0000000000
35836  27.476  -24.922  43.847 0.0000000000
35821  23.449  -24.070  43.980 0.0000000000
34960  24.231  -25.345  43.743 0.0000000000
34136  24.626  -26.036  44.020 0.0000000000
32475  25.983  -27.896  46.401 0.0000000000
33311  25.461  -27.012  45.229 0.0000000000
33322  25.602  -27.215  44.158 0.0000000000
50568  39.397  -8.540  36.628 0.0000000000
51478  39.963  -8.138  36.640 0.0000000000
50577  39.637  -9.073  35.895 0.0000000000
32345  24.190  -28.491  57.412 0.0000000000
31493  24.191  -29.560  58.586 0.0000000000
30702  22.997  -30.815  58.348 0.0000000000
29834  22.612  -31.356  58.448 0.0000000000
35592  35.513  -24.297  56.883 0.0000000000
36546  36.266  -23.921  55.851 0.0000000000
35642  35.167  -24.330  54.883 0.0000000000
36545  37.016  -23.431  55.378 0.0000000000
36562  36.720  -23.416  54.600 0.0000000000
36578  36.863  -23.231  54.183 0.0000000000
37540  37.074  -22.729  53.676 0.0000000000
38477  37.058  -21.941  53.163 0.0000000000
37575  35.046  -23.056  51.103 0.0000000000
33341  21.086  -27.731  43.949 0.0000000000
32532  21.768  -28.492  43.429 0.0000000000
30053  23.375  -31.532  45.048 0.0000000000
29148  23.378  -32.392  44.654 0.0000000000
29136  23.820  -32.335  45.380 0.0000000000
53274  44.037  -5.842  38.169 0.0000000000
51475  42.399  -7.092  36.510 0.0000000000
29014  18.769  -32.569  52.314 0.0000000000
29016  16.916  -32.291  52.547 0.0000000000
29920  16.538  -32.214  51.867 0.0000000000
28156  15.254  -33.234  50.173 0.0000000000
29038  13.826  -32.717  52.234 0.0000000000
36507  31.211  -23.851  57.385 0.0000000000
37488  29.089  -23.146  55.793 0.0000000000
35631  25.059  -24.691  55.245 0.0000000000
34796  24.693  -25.571  53.865 0.0000000000
34020  24.203  -26.118  52.747 0.0000000000
34807  24.421  -25.511  52.904 0.0000000000
34808  24.140  -25.849  52.320 0.0000000000
34044  23.291  -26.143  50.933 0.0000000000
34836  22.975  -26.199  49.944 0.0000000000
33262  21.292  -27.497  49.264 0.0000000000
32440  20.901  -28.044  49.457 0.0000000000
32452  19.646  -29.024  47.880 0.0000000000
49645  38.643  -10.019  40.462 0.0000000000
49655  38.202  -9.564  39.291 0.0000000000
49664  37.761  -10.263  38.898 0.0000000000
48837  37.765  -11.232  37.970 0.0000000000
27228  14.320  -34.418  61.792 0.0000000000
51370  43.905  -7.616  45.001 0.0000000000
50462  43.539  -8.487  44.944 0.0000000000
47935  42.527  -11.701  43.896 0.0000000000
47010  39.436  -13.378  44.013 0.0000000000
47028  38.969  -13.395  43.507 0.0000000000
47029  38.466  -13.388  43.118 0.0000000000
46028  36.285  -13.421  43.760 0.0000000000
45051  35.922  -14.011  44.067 0.0000000000
41364  36.659  -18.709  50.182 0.0000000000
41386  35.949  -18.251  48.708 0.0000000000
42219  36.029  -17.623  47.995 0.0000000000
43112  35.819  -16.943  47.112 0.0000000000
42249  35.081  -17.224  46.520 0.0000000000
42266  34.454  -17.293  45.914 0.0000000000
42284  33.508  -17.404  44.929 0.0000000000
41442  33.362  -18.191  45.687 0.0000000000
42268  33.275  -17.922  45.292 0.0000000000
42285  32.924  -17.776  44.663 0.0000000000
42302  32.091  -17.746  43.308 0.0000000000
42310  31.341  -18.020  42.249 0.0000000000
42317  30.954  -18.059  41.633 0.0000000000
41490  30.391  -18.904  41.518 0.0000000000
41491  30.035  -19.411  41.408 0.0000000000
40588  30.163  -19.463  41.807 0.0000000000
35834  30.157  -24.201  43.391 0.0000000000
36784  28.923  -24.379  42.115 0.0000000000
35863  28.429  -24.875  41.345 0.0000000000
35003  28.152  -25.506  40.933 0.0000000000
35707  28.721  -24.441  50.259 0.0000000000
33296  24.413  -27.294  46.739 0.0000000000
33323  24.401  -26.669  44.733 0.0000000000
33285  24.980  -27.304  47.415 0.0000000000
33294  25.775  -27.448  46.986 0.0000000000
32462  26.010  -27.991  47.428 0.0000000000
54199  49.398  -3.955  35.427 0.0000000000
52389  45.614  -7.005  34.467 0.0000000000
32395  21.821  -28.935  53.132 0.0000000000
30776  20.508  -30.909  53.363 0.0000000000
29901  19.974  -31.552  53.616 0.0000000000
30746  22.021  -30.409  55.710 0.0000000000
30747  21.627  -30.946  55.844 0.0000000000
29886  20.770  -31.342  54.950 0.0000000000
38395  27.896  -21.002  60.251 0.0000000000
37440  27.938  -21.306  60.121 0.0000000000
37450  27.946  -21.693  59.938 0.0000000000
36510  25.386  -23.221  56.934 0.0000000000
37465  24.424  -22.883  59.161 0.0000000000
35616  25.028  -24.749  56.246 0.0000000000
33192  24.019  -27.495  54.490 0.0000000000
33202  23.796  -27.486  53.680 0.0000000000
32394  22.470  -28.543  53.293 0.0000000000
46122  37.674  -13.910  39.522 0.0000000000
48739  45.535  -10.923  48.154 0.0000000000
47879  45.440  -11.254  48.118 0.0000000000
47880  45.126  -11.510  48.552 0.0000000000
47881  42.510  -12.453  49.023 0.0000000000
47864  41.624  -12.157  49.232 0.0000000000
42174  38.745  -18.063  53.393 0.0000000000
41341  37.876  -18.754  52.306 0.0000000000
38493  35.874  -21.768  51.312 0.0000000000
39387  36.800  -20.792  51.908 0.0000000000
40390  36.846  -19.914  51.377 0.0000000000
38547  34.523  -21.100  48.808 0.0000000000
39462  34.615  -20.461  48.439 0.0000000000
39475  32.956  -20.443  47.047 0.0000000000
39486  32.373  -20.784  46.176 0.0000000000
37671  32.449  -22.261  46.531 0.0000000000
37695  31.176  -22.649  44.899 0.0000000000
36730  30.945  -23.451  44.834 0.0000000000
36748  30.609  -23.590  44.168 0.0000000000
34973  29.153  -25.046  43.361 0.0000000000
34939  29.677  -25.164  44.175 0.0000000000
34974  28.569  -25.272  42.931 0.0000000000
37628  24.916  -23.202  48.382 0.0000000000
37676  24.463  -23.050  46.913 0.0000000000
37700  23.956  -23.117  46.205 0.0000000000
36754  22.867  -23.833  45.105 0.0000000000
33324  23.791  -27.028  44.670 0.0000000000
32531  22.561  -28.413  43.634 0.0000000000
32530  23.230  -28.203  44.274 0.0000000000
31702  23.347  -29.155  45.087 0.0000000000
52371  44.265  -6.277  36.053 0.0000000000
30805  19.959  -31.185  50.828 0.0000000000
29091  17.344  -33.147  48.527 0.0000000000
28192  17.115  -33.812  47.156 0.0000000000
35573  34.116  -24.007  58.038 0.0000000000
36505  34.955  -23.765  57.870 0.0000000000
35627  34.042  -24.847  55.907 0.0000000000
34792  33.226  -25.435  54.319 0.0000000000
35662  29.859  -24.657  53.510 0.0000000000
37609  26.015  -22.943  49.444 0.0000000000
37477  27.887  -22.097  57.917 0.0000000000
38454  27.022  -22.070  56.869 0.0000000000
37577  26.265  -23.123  51.369 0.0000000000
36689  23.654  -23.942  47.598 0.0000000000
35744  23.511  -24.388  48.395 0.0000000000
35764  22.702  -24.912  47.393 0.0000000000
35763  23.181  -24.349  47.317 0.0000000000
34073  22.474  -26.384  49.044 0.0000000000
34083  21.561  -26.678  47.653 0.0000000000
33288  20.718  -27.546  47.410 0.0000000000
34084  21.202  -26.969  47.182 0.0000000000
34110  20.799  -26.976  45.536 0.0000000000
34122  20.864  -27.195  44.778 0.0000000000
32533  20.943  -28.420  43.759 0.0000000000
31720  21.218  -29.544  43.253 0.0000000000
30083  21.770  -31.642  43.032 0.0000000000
30956  20.420  -30.962  43.041 0.0000000000
30084  21.164  -31.662  42.786 0.0000000000
29174  22.117  -32.423  43.174 0.0000000000
51459  41.171  -7.200  38.941 0.0000000000
45176  38.772  -14.501  36.976 0.0000000000
33139  23.666  -27.526  60.888 0.0000000000
31470  24.294  -29.419  60.985 0.0000000000
30667  24.300  -30.026  60.573 0.0000000000
29826  23.265  -31.116  59.274 0.0000000000
29835  22.031  -32.047  58.756 0.0000000000
29820  22.483  -31.551  60.799 0.0000000000
28912  19.686  -32.699  58.491 0.0000000000
28930  17.078  -32.838  56.165 0.0000000000
28046  18.130  -32.941  60.939 0.0000000000
28062  16.295  -33.320  58.719 0.0000000000
28068  17.007  -33.149  58.068 0.0000000000
28923  16.519  -33.064  56.850 0.0000000000
28980  14.071  -32.847  54.549 0.0000000000
28096  13.984  -33.230  55.810 0.0000000000
28956  13.821  -33.066  55.142 0.0000000000
27266  12.181  -34.236  56.659 0.0000000000
55117  47.757  -2.701  38.383 0.0000000000
52331  41.942  -6.904  39.934 0.0000000000
52318  44.204  -6.255  42.140 0.0000000000
51436  40.640  -7.679  40.654 0.0000000000
49615  41.314  -9.727  43.136 0.0000000000
49627  40.850  -9.175  42.776 0.0000000000
50497  40.613  -8.911  42.518 0.0000000000
49634  40.001  -9.273  41.766 0.0000000000
49644  39.176  -9.426  40.704 0.0000000000
48819  38.386  -11.161  40.549 0.0000000000
48811  39.349  -11.136  41.412 0.0000000000
48757  44.793  -10.667  46.056 0.0000000000
48758  44.227  -11.269  45.741 0.0000000000
46024  41.265  -13.370  44.308 0.0000000000
46023  41.512  -13.176  44.137 0.0000000000
47007  41.903  -12.794  44.284 0.0000000000
47064  38.790  -13.118  41.392 0.0000000000
47077  37.886  -13.149  40.520 0.0000000000
45116  35.919  -14.502  40.022 0.0000000000
46930  40.409  -12.191  48.813 0.0000000000
44920  39.917  -14.484  52.698 0.0000000000
45872  39.871  -14.407  52.325 0.0000000000
43070  38.319  -17.014  51.167 0.0000000000
43080  38.496  -16.425  50.914 0.0000000000
43963  38.937  -15.827  51.362 0.0000000000
44932  39.283  -15.063  51.551 0.0000000000
45886  39.732  -14.351  51.638 0.0000000000
46894  39.957  -13.255  50.506 0.0000000000
46931  39.566  -12.508  48.584 0.0000000000
45976  38.112  -13.479  47.047 0.0000000000
45977  37.528  -13.659  46.466 0.0000000000
45009  37.364  -14.327  46.927 0.0000000000
45978  36.949  -13.852  45.926 0.0000000000
44093  35.019  -14.988  43.435 0.0000000000
43127  35.585  -16.567  46.274 0.0000000000
43155  34.964  -15.777  44.264 0.0000000000
44076  34.826  -15.656  43.943 0.0000000000
45072  34.860  -14.873  43.116 0.0000000000
45092  34.074  -15.030  42.344 0.0000000000
41515  30.477  -18.851  40.052 0.0000000000
39582  30.425  -20.373  39.488 0.0000000000
39581  31.251  -20.458  39.098 0.0000000000
39525  30.042  -21.190  43.296 0.0000000000
36827  29.447  -23.187  39.689 0.0000000000
37761  29.040  -23.276  40.951 0.0000000000
36811  29.149  -23.111  40.092 0.0000000000
34887  29.911  -25.410  47.220 0.0000000000
34925  29.293  -25.275  45.643 0.0000000000
35819  28.632  -25.110  44.754 0.0000000000
37674  26.076  -22.696  46.457 0.0000000000
37697  26.217  -22.654  45.423 0.0000000000
37716  26.258  -22.917  44.523 0.0000000000
37715  26.775  -23.296  44.425 0.0000000000
34107  25.293  -26.845  44.988 0.0000000000
35837  26.698  -25.022  43.610 0.0000000000
34154  26.787  -26.653  42.773 0.0000000000
34167  26.976  -26.985  42.151 0.0000000000
54209  48.950  -4.753  34.822 0.0000000000
52388  46.403  -6.663  34.347 0.0000000000
51470  41.256  -7.169  38.017 0.0000000000
51477  40.633  -7.932  36.477 0.0000000000
28957  13.517  -33.149  55.063 0.0000000000
29000  12.950  -33.254  53.638 0.0000000000
29035  17.384  -32.504  51.237 0.0000000000
29053  19.478  -32.205  50.903 0.0000000000
29918  17.680  -32.591  51.830 0.0000000000
29936  20.039  -31.699  51.969 0.0000000000
29955  16.315  -32.348  50.924 0.0000000000
30940  19.556  -30.823  43.923 0.0000000000
30954  21.436  -30.940  42.960 0.0000000000
30955  20.883  -30.962  42.880 0.0000000000
31461  24.078  -29.364  61.370 0.0000000000
31608  19.708  -30.276  49.627 0.0000000000
31653  19.545  -29.523  47.687 0.0000000000
32352  24.379  -27.996  57.305 0.0000000000
32498  19.900  -28.883  45.339 0.0000000000
32514  19.976  -29.052  44.779 0.0000000000
33234  23.298  -27.203  52.203 0.0000000000
33263  20.847  -27.998  49.164 0.0000000000
34011  23.973  -27.042  53.043 0.0000000000
34059  22.580  -26.453  49.756 0.0000000000
34748  33.193  -24.717  57.205 0.0000000000
34926  22.133  -25.057  45.443 0.0000000000
34954  29.423  -25.111  43.706 0.0000000000
35630  25.186  -24.350  54.760 0.0000000000
35641  35.630  -24.068  54.945 0.0000000000
35786  22.684  -24.512  46.512 0.0000000000
35823  22.196  -25.013  44.888 0.0000000000
35841  23.316  -24.580  43.900 0.0000000000
36525  37.514  -23.199  55.904 0.0000000000
36548  28.984  -23.361  55.131 0.0000000000
36669  24.269  -23.677  48.521 0.0000000000
36710  23.535  -23.677  46.693 0.0000000000
36711  23.053  -24.049  46.449 0.0000000000
36772  23.968  -23.668  43.895 0.0000000000
37505  37.498  -23.137  55.258 0.0000000000
37522  38.620  -21.985  55.241 0.0000000000
37653  24.659  -23.205  47.694 0.0000000000
37677  24.003  -23.274  46.675 0.0000000000
37719  23.924  -22.944  45.447 0.0000000000
37788  31.336  -22.008  38.657 0.0000000000
38449  38.549  -21.913  56.376 0.0000000000
38664  31.825  -21.417  38.714 0.0000000000
38665  31.318  -21.377  38.712 0.0000000000
38666  30.935  -21.400  38.813 0.0000000000
39276  26.546  -20.260  61.135 0.0000000000
39344  39.345  -20.079  55.025 0.0000000000
39474  33.504  -20.447  47.515 0.0000000000
39512  31.534  -20.510  44.812 0.0000000000
39537  30.074  -20.225  42.794 0.0000000000
39598  31.693  -21.068  38.739 0.0000000000
40507  32.802  -19.528  46.272 0.0000000000
41387  35.363  -18.540  48.175 0.0000000000
41500  30.033  -19.177  41.063 0.0000000000
42301  32.625  -17.435  43.712 0.0000000000
44004  38.236  -15.236  49.122 0.0000000000
44017  37.459  -15.383  48.017 0.0000000000
47008  41.569  -13.125  44.743 0.0000000000
47862  42.538  -12.534  49.262 0.0000000000
47882  42.001  -12.280  48.671 0.0000000000
47895  45.477  -11.213  47.837 0.0000000000
