#!ascii label  , from subject sub-01 vox2ras=TkReg
794
36408  8.758  -23.978  64.655 0.0000000000
34054  3.796  -26.225  50.244 0.0000000000
31454  0.521  -29.560  63.300 0.0000000000
37428  -1.465  -22.781  62.594 0.0000000000
41256  2.481  -18.661  59.204 0.0000000000
32292  4.188  -27.568  65.772 0.0000000000
34677  2.189  -24.731  67.094 0.0000000000
34709  13.624  -25.348  63.715 0.0000000000
33117  7.853  -26.360  62.987 0.0000000000
32321  3.483  -28.731  61.585 0.0000000000
41193  0.065  -18.438  66.830 0.0000000000
40257  -1.519  -19.644  60.693 0.0000000000
42981  2.498  -16.145  63.575 0.0000000000
31520  -0.360  -29.914  57.904 0.0000000000
33967  1.032  -26.312  58.997 0.0000000000
33929  -0.754  -26.585  63.678 0.0000000000
38342  -0.459  -21.431  67.717 0.0000000000
36523  1.490  -23.043  57.271 0.0000000000
37538  -0.535  -21.851  54.357 0.0000000000
40370  1.097  -19.917  53.264 0.0000000000
43014  4.840  -16.335  57.474 0.0000000000
33893  6.510  -25.679  65.502 0.0000000000
34682  4.954  -25.577  66.507 0.0000000000
34699  11.082  -24.413  63.914 0.0000000000
33926  10.656  -25.830  63.078 0.0000000000
33912  8.002  -25.658  64.103 0.0000000000
33112  5.772  -27.079  64.185 0.0000000000
42099  1.223  -17.291  65.027 0.0000000000
31480  -0.350  -29.396  60.664 0.0000000000
33137  -0.605  -27.776  61.738 0.0000000000
32313  -0.501  -28.370  63.636 0.0000000000
37371  3.259  -22.238  67.410 0.0000000000
36397  1.505  -23.233  67.599 0.0000000000
31457  2.228  -29.554  62.757 0.0000000000
31490  2.239  -30.041  59.588 0.0000000000
30665  0.811  -30.076  61.089 0.0000000000
29841  0.209  -31.151  58.641 0.0000000000
35548  0.344  -24.392  61.188 0.0000000000
35591  1.730  -24.678  58.606 0.0000000000
37457  -0.413  -22.932  59.804 0.0000000000
41258  0.627  -19.021  59.819 0.0000000000
39331  -0.622  -20.459  57.214 0.0000000000
41288  0.311  -19.239  57.394 0.0000000000
39370  -0.473  -20.479  54.080 0.0000000000
41302  1.558  -19.011  56.750 0.0000000000
32299  2.746  -28.380  65.317 0.0000000000
33106  1.082  -28.172  65.645 0.0000000000
33091  3.161  -26.683  66.550 0.0000000000
35507  3.500  -23.896  66.741 0.0000000000
35547  14.498  -24.875  62.177 0.0000000000
35569  12.805  -24.384  59.859 0.0000000000
33939  12.328  -25.945  61.609 0.0000000000
33942  9.372  -26.095  61.688 0.0000000000
33127  5.297  -27.117  62.856 0.0000000000
32310  4.133  -28.283  64.083 0.0000000000
40226  -2.345  -20.151  64.023 0.0000000000
39298  -2.215  -21.074  61.426 0.0000000000
41227  -1.404  -19.225  63.045 0.0000000000
42116  0.610  -18.566  62.564 0.0000000000
42123  2.525  -17.831  61.662 0.0000000000
36434  10.382  -23.507  64.187 0.0000000000
36458  18.029  -23.191  60.948 0.0000000000
36426  18.245  -23.191  65.436 0.0000000000
35528  14.914  -24.265  64.221 0.0000000000
36431  13.474  -23.838  64.550 0.0000000000
31534  -0.005  -29.660  55.952 0.0000000000
32377  0.354  -28.753  55.275 0.0000000000
33162  -0.299  -27.925  58.489 0.0000000000
33945  0.037  -26.283  61.039 0.0000000000
35536  -0.864  -24.586  63.111 0.0000000000
34695  -0.075  -26.122  66.163 0.0000000000
35519  -0.827  -24.448  66.133 0.0000000000
37389  -1.871  -22.113  65.049 0.0000000000
40192  -0.234  -19.570  67.386 0.0000000000
34009  1.853  -26.915  54.939 0.0000000000
34779  3.087  -25.580  54.996 0.0000000000
35657  2.944  -24.347  54.498 0.0000000000
38433  -0.765  -21.664  58.665 0.0000000000
37501  0.390  -22.599  56.220 0.0000000000
36612  1.561  -23.563  53.179 0.0000000000
36631  0.227  -23.375  51.029 0.0000000000
38516  0.152  -22.104  50.511 0.0000000000
44770  2.615  -14.744  62.683 0.0000000000
42997  3.402  -16.192  60.782 0.0000000000
44819  3.889  -14.631  59.267 0.0000000000
42148  3.801  -17.757  58.545 0.0000000000
41300  3.677  -18.811  56.334 0.0000000000
34690  7.702  -24.955  64.815 0.0000000000
35505  6.581  -25.000  65.572 0.0000000000
35524  7.559  -24.244  64.916 0.0000000000
35512  9.753  -24.100  64.564 0.0000000000
34700  10.042  -24.640  64.230 0.0000000000
34689  8.813  -24.773  64.496 0.0000000000
33903  6.950  -25.723  65.121 0.0000000000
33269  2.753  -27.411  49.231 0.0000000000
34844  2.725  -25.730  50.187 0.0000000000
31468  -0.045  -29.562  61.953 0.0000000000
31460  -0.342  -29.135  62.447 0.0000000000
31455  -0.200  -29.092  63.351 0.0000000000
35567  15.086  -23.543  59.876 0.0000000000
31453  1.444  -29.616  63.352 0.0000000000
31467  1.449  -29.824  61.419 0.0000000000
30650  0.817  -29.682  61.966 0.0000000000
30683  0.082  -30.103  60.545 0.0000000000
36461  -0.307  -23.663  61.492 0.0000000000
36467  0.632  -23.686  60.471 0.0000000000
37442  -0.709  -22.909  60.804 0.0000000000
41257  1.574  -18.852  59.441 0.0000000000
41273  -0.037  -19.270  58.531 0.0000000000
41272  0.846  -18.910  58.534 0.0000000000
41304  0.308  -19.394  56.677 0.0000000000
41271  1.764  -18.820  58.427 0.0000000000
32298  3.653  -28.086  65.393 0.0000000000
32295  2.299  -28.045  65.907 0.0000000000
33098  3.582  -27.359  66.217 0.0000000000
34694  4.532  -25.086  66.355 0.0000000000
37379  4.178  -22.090  66.358 0.0000000000
34711  14.101  -25.413  62.699 0.0000000000
34723  13.362  -25.342  61.323 0.0000000000
33930  13.001  -26.025  62.421 0.0000000000
33928  8.829  -26.292  63.168 0.0000000000
33933  10.033  -26.161  62.476 0.0000000000
33934  8.919  -26.295  62.620 0.0000000000
33118  6.949  -26.452  63.167 0.0000000000
33104  4.836  -27.301  65.279 0.0000000000
33113  5.106  -27.458  64.639 0.0000000000
32303  4.178  -28.076  64.906 0.0000000000
32304  3.409  -28.572  64.666 0.0000000000
40206  -1.219  -19.368  65.905 0.0000000000
40225  -1.895  -19.474  63.761 0.0000000000
41209  -0.699  -18.904  65.059 0.0000000000
42106  1.968  -16.933  64.217 0.0000000000
42108  0.473  -18.131  63.512 0.0000000000
42115  1.384  -18.090  62.806 0.0000000000
41223  1.986  -18.289  62.024 0.0000000000
42114  2.406  -17.210  62.793 0.0000000000
35533  15.912  -24.359  63.214 0.0000000000
32364  -0.193  -28.987  57.043 0.0000000000
33180  -0.245  -28.335  57.442 0.0000000000
32351  -0.341  -28.714  58.044 0.0000000000
33937  -0.802  -26.971  62.440 0.0000000000
33946  -0.435  -26.973  61.392 0.0000000000
34714  -0.599  -25.658  62.723 0.0000000000
34713  -0.283  -25.304  62.020 0.0000000000
34710  -0.736  -25.428  63.621 0.0000000000
33906  1.216  -26.532  66.549 0.0000000000
33101  0.657  -27.196  66.031 0.0000000000
33900  0.949  -25.843  66.984 0.0000000000
37373  0.229  -22.397  67.816 0.0000000000
36401  0.180  -23.188  67.489 0.0000000000
37374  -0.497  -22.414  67.278 0.0000000000
37388  -1.444  -22.649  65.595 0.0000000000
38348  -1.311  -21.600  66.719 0.0000000000
38349  -1.930  -21.220  66.264 0.0000000000
39244  -0.433  -20.316  67.620 0.0000000000
34741  11.825  -24.554  59.853 0.0000000000
35587  11.784  -24.060  59.320 0.0000000000
32327  4.432  -27.853  60.873 0.0000000000
32333  4.250  -28.393  59.688 0.0000000000
32328  3.548  -28.827  60.435 0.0000000000
30696  1.681  -30.436  59.150 0.0000000000
31505  2.233  -30.340  58.876 0.0000000000
30715  -0.165  -30.709  58.757 0.0000000000
31535  -0.256  -30.294  57.034 0.0000000000
33983  0.461  -27.002  57.458 0.0000000000
33189  1.088  -27.313  55.190 0.0000000000
33982  1.121  -26.518  57.084 0.0000000000
36499  2.003  -23.774  57.883 0.0000000000
34769  1.945  -25.395  56.763 0.0000000000
35624  2.346  -24.686  56.381 0.0000000000
35656  3.476  -24.924  54.532 0.0000000000
36541  2.195  -23.997  55.952 0.0000000000
40258  -2.128  -19.910  61.038 0.0000000000
38420  -1.303  -21.563  59.927 0.0000000000
39319  -1.286  -21.019  59.090 0.0000000000
38459  -0.346  -21.242  56.420 0.0000000000
37502  0.002  -22.091  56.832 0.0000000000
37521  -0.213  -22.143  55.563 0.0000000000
36577  0.793  -23.243  54.693 0.0000000000
36594  0.412  -23.101  53.577 0.0000000000
36630  0.673  -23.772  51.870 0.0000000000
37554  -0.343  -22.413  53.421 0.0000000000
40371  0.260  -20.109  53.317 0.0000000000
38501  -0.298  -21.047  52.102 0.0000000000
39401  0.320  -20.505  52.503 0.0000000000
45773  2.529  -13.796  61.527 0.0000000000
43837  3.238  -15.361  61.258 0.0000000000
44806  3.425  -14.668  60.455 0.0000000000
45816  4.720  -13.962  57.641 0.0000000000
44835  4.535  -14.864  58.326 0.0000000000
43871  4.296  -15.593  58.978 0.0000000000
42147  4.277  -17.228  57.981 0.0000000000
41284  3.793  -18.267  57.287 0.0000000000
42154  4.597  -17.334  57.093 0.0000000000
33905  5.207  -26.569  65.993 0.0000000000
33089  4.816  -26.720  66.388 0.0000000000
33895  5.393  -26.142  66.306 0.0000000000
33917  12.568  -25.036  63.780 0.0000000000
33925  11.828  -25.602  63.133 0.0000000000
33918  11.281  -25.228  63.440 0.0000000000
33919  10.066  -25.617  63.586 0.0000000000
33109  8.262  -26.230  63.218 0.0000000000
33111  6.541  -26.612  63.754 0.0000000000
33913  7.018  -26.151  64.365 0.0000000000
33094  6.201  -26.471  65.025 0.0000000000
42085  0.193  -17.096  67.178 0.0000000000
42092  0.481  -17.621  65.935 0.0000000000
42961  0.755  -16.366  66.910 0.0000000000
42966  1.698  -16.162  65.651 0.0000000000
43804  2.152  -15.389  64.666 0.0000000000
31491  -0.406  -29.368  59.740 0.0000000000
32335  -0.388  -28.523  60.129 0.0000000000
32329  -0.459  -28.546  61.166 0.0000000000
33129  -0.784  -27.926  62.502 0.0000000000
33122  -0.822  -27.729  63.281 0.0000000000
35501  2.489  -23.749  67.484 0.0000000000
34674  1.525  -24.474  67.473 0.0000000000
36396  2.015  -23.287  67.625 0.0000000000
37368  1.267  -22.287  67.830 0.0000000000
38336  1.233  -21.254  67.950 0.0000000000
39234  0.591  -20.459  67.831 0.0000000000
31465  2.872  -29.333  62.177 0.0000000000
31476  2.819  -29.295  61.101 0.0000000000
31466  2.150  -29.573  61.745 0.0000000000
30681  1.579  -30.186  59.948 0.0000000000
30697  1.046  -30.486  59.380 0.0000000000
29840  0.563  -31.263  58.451 0.0000000000
30698  0.348  -30.424  59.548 0.0000000000
30699  -0.195  -30.067  59.602 0.0000000000
34727  0.758  -25.372  60.530 0.0000000000
34747  1.599  -25.361  58.455 0.0000000000
35558  1.190  -24.435  60.020 0.0000000000
36481  1.422  -23.556  59.258 0.0000000000
36501  0.720  -23.065  58.947 0.0000000000
42142  0.083  -19.215  60.471 0.0000000000
40286  -1.407  -20.353  59.301 0.0000000000
40285  -0.846  -19.887  58.557 0.0000000000
39332  -0.678  -20.133  56.925 0.0000000000
39357  -0.793  -20.169  56.024 0.0000000000
38474  -0.684  -21.042  54.217 0.0000000000
40337  -0.618  -19.984  55.826 0.0000000000
40317  0.430  -19.648  56.077 0.0000000000
40334  1.610  -20.104  55.341 0.0000000000
43901  5.187  -15.568  57.138 0.0000000000
43022  4.965  -16.911  56.708 0.0000000000
43913  5.574  -15.410  56.353 0.0000000000
31449  0.920  -29.421  64.114 0.0000000000
32307  0.538  -28.747  64.610 0.0000000000
32300  1.700  -28.457  65.414 0.0000000000
33092  2.150  -26.702  66.471 0.0000000000
33898  2.542  -25.566  66.735 0.0000000000
33896  4.633  -26.151  66.891 0.0000000000
34683  3.938  -25.050  66.601 0.0000000000
35508  3.091  -24.009  67.194 0.0000000000
36399  3.176  -23.130  67.364 0.0000000000
35546  15.267  -24.363  61.781 0.0000000000
35568  13.980  -24.265  60.117 0.0000000000
34730  13.798  -24.870  60.879 0.0000000000
33932  11.102  -26.016  62.432 0.0000000000
33940  11.407  -26.002  61.577 0.0000000000
33953  10.606  -25.667  60.730 0.0000000000
33145  4.986  -27.245  61.285 0.0000000000
33136  4.710  -27.410  62.010 0.0000000000
33119  5.986  -26.886  63.509 0.0000000000
33128  4.514  -27.751  63.015 0.0000000000
32314  3.950  -28.415  63.242 0.0000000000
31456  2.895  -29.411  63.114 0.0000000000
31447  2.157  -29.352  64.122 0.0000000000
38377  -2.311  -21.362  62.779 0.0000000000
38408  -1.913  -21.493  61.490 0.0000000000
39282  -2.329  -20.869  62.170 0.0000000000
40244  -2.083  -19.790  61.889 0.0000000000
40243  -1.682  -19.612  61.436 0.0000000000
41208  -0.058  -18.482  64.320 0.0000000000
42117  -0.149  -18.731  62.479 0.0000000000
42125  -0.109  -19.200  61.766 0.0000000000
41235  0.992  -19.029  61.591 0.0000000000
41243  1.566  -18.902  60.464 0.0000000000
41242  2.369  -18.662  60.185 0.0000000000
37385  9.727  -23.576  64.389 0.0000000000
35544  16.956  -23.902  60.871 0.0000000000
39257  18.947  -20.660  65.372 0.0000000000
38350  18.654  -21.571  65.909 0.0000000000
38356  19.054  -21.669  65.165 0.0000000000
36442  18.256  -23.046  63.955 0.0000000000
36453  18.013  -23.286  62.377 0.0000000000
35537  16.772  -23.970  61.868 0.0000000000
35540  14.682  -24.984  63.181 0.0000000000
35535  14.544  -24.833  63.932 0.0000000000
35529  14.031  -24.525  64.444 0.0000000000
34705  13.270  -25.028  64.199 0.0000000000
35520  12.961  -24.254  64.714 0.0000000000
36417  11.713  -23.872  64.214 0.0000000000
33179  -0.041  -27.814  56.934 0.0000000000
33977  0.424  -26.965  58.433 0.0000000000
33154  -0.198  -27.553  59.514 0.0000000000
33969  -0.075  -26.990  59.848 0.0000000000
33957  0.334  -26.590  60.228 0.0000000000
34717  0.094  -25.389  61.445 0.0000000000
35542  -0.425  -24.541  62.212 0.0000000000
36457  -1.342  -23.282  62.944 0.0000000000
33114  0.028  -28.300  64.661 0.0000000000
33108  -0.248  -27.323  65.011 0.0000000000
34703  -0.465  -26.010  65.424 0.0000000000
34686  -0.025  -25.405  67.021 0.0000000000
34696  -0.529  -25.311  66.128 0.0000000000
35527  -0.978  -24.814  65.195 0.0000000000
36440  -1.428  -23.700  64.510 0.0000000000
36441  -1.600  -23.140  63.809 0.0000000000
37416  -1.766  -22.595  63.381 0.0000000000
38359  -2.285  -21.536  64.434 0.0000000000
40207  -1.719  -19.980  65.681 0.0000000000
41194  -0.404  -19.031  66.843 0.0000000000
40182  0.553  -18.584  68.082 0.0000000000
41187  0.296  -18.056  67.826 0.0000000000
42077  0.345  -17.399  68.313 0.0000000000
32350  4.355  -28.842  57.546 0.0000000000
31489  2.850  -29.495  60.002 0.0000000000
34770  1.567  -26.081  56.739 0.0000000000
33998  2.186  -26.395  55.245 0.0000000000
35699  4.059  -24.969  52.383 0.0000000000
38406  -0.915  -22.121  60.312 0.0000000000
37471  -0.349  -22.492  58.858 0.0000000000
37470  0.404  -22.666  58.332 0.0000000000
39318  -0.866  -20.780  58.428 0.0000000000
37485  -0.105  -22.201  57.945 0.0000000000
36543  0.932  -22.840  56.632 0.0000000000
36560  1.579  -23.535  55.396 0.0000000000
36592  2.006  -23.615  53.665 0.0000000000
35716  2.989  -24.922  51.060 0.0000000000
35717  1.754  -25.048  50.726 0.0000000000
37572  -0.583  -22.123  52.548 0.0000000000
37587  -0.307  -22.151  51.477 0.0000000000
45749  1.127  -13.527  64.241 0.0000000000
45762  1.692  -13.384  63.153 0.0000000000
43812  2.648  -15.366  63.098 0.0000000000
42113  2.767  -16.656  62.169 0.0000000000
42122  2.954  -17.061  61.488 0.0000000000
41241  3.139  -18.208  59.874 0.0000000000
43852  3.813  -15.526  59.946 0.0000000000
42130  3.882  -17.004  59.661 0.0000000000
41255  3.255  -18.281  58.918 0.0000000000
41285  3.035  -18.644  57.358 0.0000000000
41301  2.521  -18.980  56.662 0.0000000000
40333  2.648  -20.055  55.262 0.0000000000
40351  3.567  -19.837  54.512 0.0000000000
35514  8.265  -24.309  64.653 0.0000000000
35513  9.293  -24.154  64.570 0.0000000000
34688  9.625  -24.419  64.454 0.0000000000
34066  4.182  -26.774  49.948 0.0000000000
34067  3.272  -26.635  49.664 0.0000000000
31459  0.062  -29.570  62.658 0.0000000000
31450  0.284  -29.189  63.970 0.0000000000
35555  16.131  -23.758  60.370 0.0000000000
35566  16.080  -23.431  59.393 0.0000000000
30640  0.932  -29.699  62.738 0.0000000000
30641  0.517  -29.631  62.576 0.0000000000
30651  0.325  -29.618  62.138 0.0000000000
37427  -1.286  -23.005  62.175 0.0000000000
37434  -1.126  -22.923  61.662 0.0000000000
32293  3.913  -27.689  65.823 0.0000000000
33097  4.335  -27.305  66.017 0.0000000000
34712  13.610  -25.671  63.049 0.0000000000
33116  8.429  -26.376  62.960 0.0000000000
33123  8.439  -26.380  62.716 0.0000000000
33935  8.289  -26.328  62.426 0.0000000000
33124  8.141  -26.366  62.671 0.0000000000
33125  7.395  -26.346  62.380 0.0000000000
32302  4.626  -27.678  65.048 0.0000000000
32297  4.331  -27.642  65.503 0.0000000000
41202  -0.569  -18.934  66.252 0.0000000000
41201  0.002  -18.421  65.555 0.0000000000
33899  1.635  -25.953  66.553 0.0000000000
33892  1.404  -25.360  67.067 0.0000000000
38341  0.185  -21.794  68.019 0.0000000000
37380  -0.971  -22.573  66.525 0.0000000000
38338  -0.159  -20.894  67.994 0.0000000000
30712  1.813  -30.728  58.484 0.0000000000
33991  0.591  -26.997  56.506 0.0000000000
33976  1.149  -26.436  58.010 0.0000000000
36522  2.090  -23.878  56.892 0.0000000000
40274  -1.928  -20.077  60.147 0.0000000000
38466  -0.538  -21.175  55.303 0.0000000000
37537  -0.018  -22.646  54.493 0.0000000000
39384  0.055  -20.373  52.922 0.0000000000
39383  0.510  -20.145  52.883 0.0000000000
45774  2.029  -13.230  61.864 0.0000000000
45787  2.109  -13.190  61.025 0.0000000000
45786  2.671  -13.640  60.829 0.0000000000
43902  4.886  -15.479  57.773 0.0000000000
43887  4.671  -15.749  58.248 0.0000000000
33904  5.831  -26.257  65.655 0.0000000000
33894  6.111  -25.780  65.717 0.0000000000
35525  6.974  -24.243  65.215 0.0000000000
33908  12.329  -24.904  63.779 0.0000000000
33909  11.810  -24.758  63.727 0.0000000000
33911  9.278  -25.207  64.202 0.0000000000
33920  8.891  -26.034  63.627 0.0000000000
33921  7.760  -26.055  63.614 0.0000000000
33095  5.375  -26.757  65.464 0.0000000000
42084  0.550  -16.682  66.710 0.0000000000
43790  1.227  -15.270  66.530 0.0000000000
43797  1.605  -15.253  65.837 0.0000000000
32316  -0.618  -28.498  62.907 0.0000000000
32322  -0.593  -28.547  62.079 0.0000000000
36395  2.599  -23.120  67.606 0.0000000000
37366  2.647  -22.182  67.720 0.0000000000
37367  1.968  -22.238  67.850 0.0000000000
39232  1.928  -19.999  68.078 0.0000000000
39233  1.191  -20.062  67.806 0.0000000000
31478  1.389  -30.080  60.680 0.0000000000
30682  0.887  -30.247  60.204 0.0000000000
31479  -0.137  -29.726  61.281 0.0000000000
30684  -0.277  -29.806  60.142 0.0000000000
34726  1.099  -25.046  60.079 0.0000000000
35559  0.791  -24.449  60.595 0.0000000000
36483  0.142  -23.295  60.127 0.0000000000
36466  1.029  -23.636  59.913 0.0000000000
36482  0.510  -23.260  59.664 0.0000000000
41259  -0.389  -19.356  59.603 0.0000000000
40300  -0.476  -19.821  57.267 0.0000000000
39343  -0.705  -20.192  56.550 0.0000000000
40319  -0.686  -19.957  56.447 0.0000000000
40318  -0.158  -19.726  56.402 0.0000000000
41303  0.760  -19.169  56.754 0.0000000000
40316  1.142  -19.546  56.085 0.0000000000
40335  0.766  -19.944  55.193 0.0000000000
44852  5.292  -14.531  56.889 0.0000000000
32306  1.330  -29.037  64.725 0.0000000000
33099  2.611  -27.439  66.222 0.0000000000
34684  3.102  -24.935  66.871 0.0000000000
36398  3.603  -23.197  66.793 0.0000000000
35557  14.440  -24.585  61.183 0.0000000000
34722  13.990  -25.045  61.476 0.0000000000
33938  13.017  -25.870  61.560 0.0000000000
33950  12.918  -25.598  61.218 0.0000000000
33951  12.503  -25.566  61.155 0.0000000000
33931  12.139  -25.978  62.485 0.0000000000
33941  10.392  -26.055  61.600 0.0000000000
33954  9.605  -25.837  60.678 0.0000000000
33966  7.849  -26.065  59.925 0.0000000000
33135  5.504  -26.914  61.812 0.0000000000
33120  5.027  -27.625  63.862 0.0000000000
33121  4.407  -28.042  63.582 0.0000000000
32315  3.440  -28.950  62.691 0.0000000000
32311  3.193  -29.113  63.740 0.0000000000
32305  2.372  -29.084  64.455 0.0000000000
32312  2.704  -29.301  63.996 0.0000000000
31448  1.746  -29.392  64.130 0.0000000000
38367  -2.420  -21.170  63.519 0.0000000000
39273  -2.412  -20.704  62.942 0.0000000000
41218  -1.346  -19.202  63.572 0.0000000000
40234  -2.037  -19.579  62.757 0.0000000000
40233  -1.492  -19.464  62.176 0.0000000000
42100  0.570  -17.889  64.711 0.0000000000
42124  0.490  -19.039  61.970 0.0000000000
42132  0.459  -19.205  61.188 0.0000000000
41225  0.893  -18.915  62.082 0.0000000000
41234  1.577  -18.886  61.378 0.0000000000
41233  2.268  -18.577  61.143 0.0000000000
37384  10.246  -23.339  64.218 0.0000000000
37396  10.303  -23.205  64.155 0.0000000000
37429  18.229  -22.329  61.398 0.0000000000
37441  17.868  -22.165  60.283 0.0000000000
36459  17.502  -23.704  61.483 0.0000000000
37381  18.548  -22.531  66.005 0.0000000000
38343  18.076  -21.743  66.516 0.0000000000
37390  18.779  -22.495  64.764 0.0000000000
37404  18.527  -22.212  63.705 0.0000000000
36454  17.081  -23.702  62.594 0.0000000000
36445  15.566  -24.149  63.891 0.0000000000
35534  15.217  -24.576  63.618 0.0000000000
36430  14.410  -23.639  64.523 0.0000000000
35530  13.111  -24.420  64.583 0.0000000000
34697  12.926  -24.596  64.441 0.0000000000
36433  11.077  -23.546  64.179 0.0000000000
36418  10.279  -23.813  64.331 0.0000000000
30769  0.425  -30.564  54.155 0.0000000000
31551  0.367  -29.734  54.823 0.0000000000
33170  -0.281  -28.044  57.734 0.0000000000
32363  -0.057  -28.477  56.076 0.0000000000
33169  0.012  -27.557  57.969 0.0000000000
33161  -0.047  -27.366  58.824 0.0000000000
32343  -0.422  -28.583  59.090 0.0000000000
33146  -0.334  -27.707  60.730 0.0000000000
33958  -0.196  -27.007  60.432 0.0000000000
36456  -1.001  -23.545  62.471 0.0000000000
36451  -1.315  -23.723  63.453 0.0000000000
32301  0.977  -28.542  65.239 0.0000000000
33107  0.357  -27.801  65.381 0.0000000000
33914  0.236  -26.842  65.880 0.0000000000
34702  -0.146  -26.486  65.758 0.0000000000
33923  -0.495  -26.722  64.737 0.0000000000
35499  1.753  -23.936  67.475 0.0000000000
34675  1.084  -24.524  67.567 0.0000000000
35504  0.850  -24.227  67.444 0.0000000000
35511  -0.482  -24.325  66.836 0.0000000000
36425  -1.241  -23.720  65.491 0.0000000000
37402  -1.522  -23.162  65.029 0.0000000000
37403  -1.789  -22.601  64.427 0.0000000000
39250  -1.184  -20.580  67.168 0.0000000000
39251  -1.756  -20.668  66.462 0.0000000000
40199  -1.415  -19.996  66.494 0.0000000000
40198  -0.823  -19.549  66.961 0.0000000000
40197  -0.233  -19.125  67.125 0.0000000000
39242  0.551  -19.706  67.698 0.0000000000
32341  4.005  -28.762  58.540 0.0000000000
30756  0.137  -30.702  55.233 0.0000000000
33199  1.489  -27.520  54.608 0.0000000000
33198  2.100  -27.280  54.213 0.0000000000
34759  1.571  -25.823  57.476 0.0000000000
34758  1.820  -25.144  57.725 0.0000000000
34780  2.578  -25.492  55.610 0.0000000000
33997  2.876  -26.063  54.847 0.0000000000
34019  2.795  -26.831  53.868 0.0000000000
34791  3.469  -25.624  54.389 0.0000000000
35671  3.813  -25.038  53.938 0.0000000000
35684  4.017  -24.958  53.307 0.0000000000
35685  3.355  -24.447  52.975 0.0000000000
38389  -1.065  -22.218  61.108 0.0000000000
38407  -1.671  -21.472  60.809 0.0000000000
38434  -1.240  -21.435  59.361 0.0000000000
38419  -0.842  -22.047  59.454 0.0000000000
37484  0.565  -22.485  57.258 0.0000000000
36561  0.840  -23.107  55.774 0.0000000000
36593  1.197  -23.479  53.729 0.0000000000
35686  2.187  -23.931  52.685 0.0000000000
35700  3.155  -24.553  52.019 0.0000000000
35701  2.037  -24.478  51.592 0.0000000000
35687  1.284  -24.119  52.020 0.0000000000
36614  0.140  -22.928  52.371 0.0000000000
37555  -0.737  -21.608  53.310 0.0000000000
38483  -0.699  -20.925  53.229 0.0000000000
37588  -0.353  -21.435  51.804 0.0000000000
38538  0.088  -22.519  49.944 0.0000000000
44755  2.545  -14.851  63.130 0.0000000000
42985  2.729  -16.181  62.709 0.0000000000
43822  2.864  -15.367  62.180 0.0000000000
42991  2.976  -16.140  61.747 0.0000000000
42131  3.449  -17.257  60.335 0.0000000000
45808  3.990  -13.822  58.632 0.0000000000
45797  3.741  -14.097  59.125 0.0000000000
45798  3.407  -13.820  59.541 0.0000000000
44805  3.703  -14.827  59.861 0.0000000000
42139  4.107  -17.107  58.953 0.0000000000
43003  4.115  -16.375  59.384 0.0000000000
42140  3.644  -17.630  59.406 0.0000000000
41270  2.684  -18.622  58.260 0.0000000000
41269  3.441  -18.285  58.056 0.0000000000
40314  2.925  -19.386  55.990 0.0000000000
42161  4.853  -17.589  56.293 0.0000000000
34691  7.049  -25.213  65.260 0.0000000000
34680  6.518  -25.326  65.563 0.0000000000
35515  6.932  -24.696  65.287 0.0000000000
36421  7.417  -23.987  64.970 0.0000000000
35523  10.217  -24.170  64.294 0.0000000000
33910  10.593  -24.928  63.832 0.0000000000
34701  9.453  -24.993  64.321 0.0000000000
33901  8.853  -25.015  64.425 0.0000000000
33902  8.266  -25.149  64.435 0.0000000000
34862  2.514  -26.305  49.732 0.0000000000
34863  1.769  -26.130  49.655 0.0000000000
31469  -0.367  -29.214  61.608 0.0000000000
31458  1.481  -29.641  62.346 0.0000000000
30666  0.289  -29.853  61.518 0.0000000000
36460  0.196  -23.719  60.975 0.0000000000
36468  -0.086  -23.342  60.617 0.0000000000
41287  1.163  -18.909  57.565 0.0000000000
41286  2.082  -18.799  57.504 0.0000000000
32294  3.141  -27.910  65.882 0.0000000000
34693  5.029  -25.049  66.122 0.0000000000
35518  4.186  -24.327  66.236 0.0000000000
36411  4.304  -23.300  65.976 0.0000000000
34715  13.900  -25.342  61.963 0.0000000000
34716  13.528  -25.680  62.165 0.0000000000
33927  9.580  -26.141  63.156 0.0000000000
33126  6.262  -26.614  62.599 0.0000000000
33103  5.583  -26.981  64.804 0.0000000000
32309  4.654  -27.873  64.545 0.0000000000
40215  -2.111  -20.046  64.770 0.0000000000
40214  -1.436  -19.358  64.665 0.0000000000
40224  -1.359  -19.226  63.888 0.0000000000
41217  -0.727  -18.921  63.592 0.0000000000
42098  1.618  -16.688  65.218 0.0000000000
42107  1.386  -17.620  63.853 0.0000000000
41224  1.287  -18.682  62.092 0.0000000000
37417  18.292  -22.318  62.661 0.0000000000
36444  16.305  -23.834  63.647 0.0000000000
36429  15.412  -23.670  64.505 0.0000000000
35531  12.909  -23.881  64.856 0.0000000000
34718  -0.441  -26.100  61.845 0.0000000000
33100  1.399  -27.462  66.168 0.0000000000
33907  0.627  -26.513  66.453 0.0000000000
37372  0.940  -22.589  67.718 0.0000000000
35509  0.726  -23.678  67.445 0.0000000000
36402  -0.423  -23.358  67.018 0.0000000000
36412  -0.899  -23.501  66.296 0.0000000000
38354  -1.375  -22.093  66.134 0.0000000000
38355  -1.938  -21.647  65.663 0.0000000000
35570  12.255  -24.407  59.859 0.0000000000
32326  4.940  -27.523  60.418 0.0000000000
32334  3.486  -29.070  59.382 0.0000000000
29853  0.073  -31.325  58.355 0.0000000000
30730  -0.245  -31.032  57.777 0.0000000000
33190  0.575  -27.591  55.574 0.0000000000
34000  0.881  -26.978  55.932 0.0000000000
33990  1.231  -26.606  56.295 0.0000000000
35571  1.901  -24.105  58.652 0.0000000000
35610  2.056  -24.603  57.325 0.0000000000
35639  3.212  -25.231  55.060 0.0000000000
35640  2.846  -24.639  55.398 0.0000000000
36559  2.292  -24.030  55.050 0.0000000000
39297  -2.165  -20.617  60.753 0.0000000000
39309  -1.742  -20.906  59.850 0.0000000000
38448  -0.370  -21.387  57.612 0.0000000000
37520  0.306  -22.774  55.359 0.0000000000
36613  0.991  -23.654  52.787 0.0000000000
40355  -0.113  -20.169  53.781 0.0000000000
39385  -0.290  -20.544  53.152 0.0000000000
40372  -0.051  -20.306  53.245 0.0000000000
39421  -0.181  -20.899  52.249 0.0000000000
38500  0.151  -21.351  51.371 0.0000000000
44790  2.471  -13.868  61.860 0.0000000000
44789  2.826  -14.422  61.653 0.0000000000
43853  3.514  -15.434  60.625 0.0000000000
43008  4.429  -16.414  58.524 0.0000000000
41268  3.936  -17.891  57.866 0.0000000000
41283  4.212  -17.779  57.389 0.0000000000
41299  4.356  -18.077  56.664 0.0000000000
33096  4.814  -26.956  65.824 0.0000000000
34681  5.771  -25.330  66.013 0.0000000000
35506  6.361  -24.980  65.695 0.0000000000
34692  5.582  -24.885  65.952 0.0000000000
33916  13.016  -25.239  63.896 0.0000000000
33924  12.927  -25.571  63.446 0.0000000000
33110  7.408  -26.295  63.364 0.0000000000
33922  6.974  -26.339  63.844 0.0000000000
33102  6.313  -26.631  64.325 0.0000000000
42091  0.985  -16.727  66.048 0.0000000000
42960  1.344  -15.835  66.439 0.0000000000
42967  1.228  -16.294  66.267 0.0000000000
42090  1.441  -16.532  65.625 0.0000000000
42974  2.102  -16.292  64.692 0.0000000000
31506  -0.377  -29.583  58.846 0.0000000000
34676  2.596  -24.348  67.219 0.0000000000
34678  1.683  -24.852  67.318 0.0000000000
35502  2.110  -24.003  67.449 0.0000000000
36394  1.980  -23.699  67.560 0.0000000000
37369  0.638  -22.064  67.879 0.0000000000
38337  0.428  -21.327  68.004 0.0000000000
31477  2.083  -29.815  60.652 0.0000000000
30713  1.153  -30.880  58.650 0.0000000000
30714  0.520  -30.819  58.865 0.0000000000
34737  0.847  -26.215  59.826 0.0000000000
34736  1.241  -25.344  59.617 0.0000000000
35572  1.598  -24.582  59.154 0.0000000000
36480  1.769  -23.538  58.549 0.0000000000
36500  1.355  -23.020  58.314 0.0000000000
41245  -0.694  -19.428  60.494 0.0000000000
40273  -1.255  -19.708  59.764 0.0000000000
39342  -0.635  -20.516  56.115 0.0000000000
39356  -0.523  -20.465  55.266 0.0000000000
40336  -0.114  -20.000  55.088 0.0000000000
40354  0.484  -19.975  54.125 0.0000000000
40353  1.467  -20.073  54.357 0.0000000000
44853  4.966  -14.872  57.575 0.0000000000
43013  5.128  -16.054  57.097 0.0000000000
43021  5.275  -16.233  56.633 0.0000000000
43926  5.868  -15.288  55.715 0.0000000000
34053  4.490  -26.601  50.665 0.0000000000
33093  1.575  -26.718  66.451 0.0000000000
33890  2.215  -25.126  66.854 0.0000000000
33090  4.118  -26.784  66.651 0.0000000000
33897  3.656  -25.946  66.961 0.0000000000
34685  2.661  -24.924  66.924 0.0000000000
35556  15.169  -24.049  60.788 0.0000000000
34731  13.241  -24.920  60.474 0.0000000000
34732  12.418  -24.832  60.239 0.0000000000
34734  10.890  -25.003  59.726 0.0000000000
33963  10.707  -25.264  60.111 0.0000000000
33955  8.624  -25.893  60.806 0.0000000000
33144  5.483  -27.038  60.590 0.0000000000
32320  3.989  -28.123  62.241 0.0000000000
31451  2.878  -29.389  63.521 0.0000000000
31452  2.425  -29.422  63.711 0.0000000000
38376  -1.947  -22.051  62.672 0.0000000000
38390  -1.497  -22.068  61.819 0.0000000000
38391  -2.060  -21.463  62.033 0.0000000000
40235  -2.343  -20.062  63.250 0.0000000000
40245  -2.301  -20.215  62.422 0.0000000000
40259  -2.262  -20.404  61.590 0.0000000000
41216  -0.066  -18.502  63.565 0.0000000000
41226  -0.770  -19.167  62.417 0.0000000000
41236  -0.905  -19.445  61.440 0.0000000000
42133  -0.187  -19.305  61.070 0.0000000000
42141  0.572  -19.151  60.586 0.0000000000
41244  0.974  -19.022  60.839 0.0000000000
36419  9.319  -23.777  64.574 0.0000000000
37397  9.202  -23.241  64.171 0.0000000000
35545  16.106  -23.999  61.345 0.0000000000
35539  15.318  -24.602  62.756 0.0000000000
34708  14.144  -25.302  63.514 0.0000000000
34704  13.996  -25.107  64.088 0.0000000000
34706  12.888  -25.059  64.133 0.0000000000
34698  12.372  -24.557  64.024 0.0000000000
36416  12.189  -23.881  64.378 0.0000000000
35521  12.513  -24.154  64.336 0.0000000000
35522  11.404  -24.121  64.115 0.0000000000
36407  9.657  -23.874  64.564 0.0000000000
33153  -0.049  -27.291  59.164 0.0000000000
33968  0.186  -26.909  59.332 0.0000000000
35541  -0.063  -24.791  61.726 0.0000000000
35549  -0.107  -24.336  61.665 0.0000000000
32308  -0.129  -28.648  64.156 0.0000000000
33115  -0.457  -27.751  64.377 0.0000000000
34707  -0.685  -25.689  64.448 0.0000000000
34679  0.937  -24.979  67.696 0.0000000000
35510  0.222  -24.178  67.370 0.0000000000
34687  -0.559  -24.922  66.626 0.0000000000
35532  -1.114  -24.681  64.061 0.0000000000
36452  -1.491  -23.086  63.247 0.0000000000
38366  -2.207  -21.936  63.530 0.0000000000
39261  -2.428  -20.715  64.238 0.0000000000
39256  -2.159  -20.700  65.724 0.0000000000
39235  0.097  -20.549  67.898 0.0000000000
39243  0.113  -19.921  67.664 0.0000000000
40191  0.234  -19.035  67.538 0.0000000000
36420  8.367  -23.956  64.693 0.0000000000
35585  14.083  -23.274  59.275 0.0000000000
36498  13.506  -23.046  58.710 0.0000000000
35586  12.920  -23.501  59.087 0.0000000000
31503  3.479  -29.323  58.477 0.0000000000
32391  1.237  -28.648  54.323 0.0000000000
33989  1.845  -26.137  56.035 0.0000000000
34008  2.361  -26.841  54.427 0.0000000000
33215  3.044  -27.202  53.206 0.0000000000
34790  3.731  -25.516  54.081 0.0000000000
35715  3.845  -25.066  51.565 0.0000000000
37456  0.041  -23.036  59.068 0.0000000000
37469  0.954  -22.637  57.730 0.0000000000
37483  0.987  -22.640  57.348 0.0000000000
36542  1.589  -23.341  56.315 0.0000000000
36575  2.376  -23.923  54.294 0.0000000000
36576  1.702  -23.620  54.492 0.0000000000
35673  2.778  -24.092  53.657 0.0000000000
34843  3.885  -25.597  50.828 0.0000000000
37573  -0.607  -21.399  52.393 0.0000000000
36645  -0.132  -23.507  49.903 0.0000000000
44741  1.416  -14.294  65.181 0.0000000000
43813  2.477  -15.328  63.755 0.0000000000
44756  2.215  -14.488  63.623 0.0000000000
42986  2.578  -16.533  63.020 0.0000000000
41232  2.923  -18.021  60.853 0.0000000000
42996  3.773  -16.488  60.046 0.0000000000
40315  2.046  -19.583  56.111 0.0000000000
39355  1.727  -20.211  54.817 0.0000000000
39369  1.994  -20.232  54.637 0.0000000000
40332  3.684  -19.374  55.409 0.0000000000
40369  2.067  -19.990  53.525 0.0000000000
32296  4.543  -27.542  65.276 0.0000000000
33105  4.571  -27.312  65.663 0.0000000000
33891  1.907  -25.202  66.852 0.0000000000
33915  -0.150  -26.881  65.394 0.0000000000
33936  7.979  -26.343  62.387 0.0000000000
33999  1.364  -26.905  55.461 0.0000000000
34673  1.988  -24.266  67.400 0.0000000000
34746  1.770  -25.050  58.115 0.0000000000
34801  3.897  -25.558  53.715 0.0000000000
34802  3.647  -26.140  53.807 0.0000000000
35498  1.972  -23.943  67.594 0.0000000000
35500  1.365  -24.204  67.437 0.0000000000
35503  0.905  -23.674  67.329 0.0000000000
35590  1.868  -24.673  58.123 0.0000000000
35655  3.719  -25.287  54.154 0.0000000000
35672  3.443  -24.629  53.827 0.0000000000
36393  2.244  -23.803  67.773 0.0000000000
36400  0.855  -23.112  67.570 0.0000000000
36406  9.990  -24.030  64.548 0.0000000000
36524  0.976  -22.687  57.068 0.0000000000
37435  -1.340  -22.691  62.055 0.0000000000
38360  -2.456  -20.974  63.944 0.0000000000
38491  -0.480  -20.896  52.637 0.0000000000
39260  -2.377  -20.821  64.923 0.0000000000
39267  -2.423  -20.605  63.633 0.0000000000
39354  2.041  -20.299  54.988 0.0000000000
39368  2.310  -20.251  54.794 0.0000000000
39402  -0.161  -20.739  52.505 0.0000000000
39420  -0.005  -20.853  52.075 0.0000000000
40190  0.722  -19.194  67.864 0.0000000000
40216  -2.349  -20.404  64.494 0.0000000000
40301  -0.748  -19.991  56.756 0.0000000000
42109  -0.056  -18.408  63.072 0.0000000000
42980  2.645  -15.903  63.113 0.0000000000
44820  3.605  -14.490  59.769 0.0000000000
