#!ascii label  , from subject sub-01 vox2ras=TkReg
664
76554  32.792  22.387  37.695 0.0000000000
76625  35.003  21.967  29.822 0.0000000000
81658  40.687  29.659  25.225 0.0000000000
72986  37.218  18.410  21.890 0.0000000000
72836  33.445  16.890  35.512 0.0000000000
80950  42.817  28.825  31.261 0.0000000000
75885  36.598  21.232  25.320 0.0000000000
81030  30.050  28.266  23.804 0.0000000000
77348  38.891  23.234  33.508 0.0000000000
75097  35.815  20.036  34.475 0.0000000000
72097  33.852  17.391  31.162 0.0000000000
82372  34.180  31.727  22.856 0.0000000000
80400  36.609  27.731  23.254 0.0000000000
78860  38.475  25.914  28.038 0.0000000000
78164  38.875  24.293  22.733 0.0000000000
82347  29.094  31.527  24.867 0.0000000000
75806  37.199  21.406  36.346 0.0000000000
75079  35.084  20.257  36.534 0.0000000000
72856  33.379  17.031  33.648 0.0000000000
82322  40.197  30.443  26.964 0.0000000000
81661  36.626  30.224  25.232 0.0000000000
82355  38.502  31.184  23.830 0.0000000000
82382  36.145  31.061  21.682 0.0000000000
81039  38.226  29.337  23.229 0.0000000000
77356  36.922  23.337  31.559 0.0000000000
78084  38.538  24.752  31.271 0.0000000000
78105  36.786  24.207  29.631 0.0000000000
75195  38.279  20.697  22.506 0.0000000000
76661  37.859  22.662  23.414 0.0000000000
76675  38.481  22.131  21.129 0.0000000000
76669  36.834  22.957  22.097 0.0000000000
74492  36.070  19.879  22.002 0.0000000000
72973  33.894  18.130  24.410 0.0000000000
75072  30.795  20.386  37.282 0.0000000000
75081  33.160  19.979  36.412 0.0000000000
81634  41.631  29.771  27.725 0.0000000000
74436  34.771  19.537  28.443 0.0000000000
76640  35.940  22.160  27.440 0.0000000000
74459  35.928  19.715  26.548 0.0000000000
73731  38.637  19.136  23.610 0.0000000000
78064  40.910  24.621  34.957 0.0000000000
76558  39.144  22.538  35.838 0.0000000000
76576  37.576  21.768  34.562 0.0000000000
75834  35.046  20.998  32.772 0.0000000000
73623  34.789  18.339  35.303 0.0000000000
74381  34.258  19.066  33.451 0.0000000000
74412  33.711  19.274  30.466 0.0000000000
72912  34.748  17.939  29.379 0.0000000000
75802  29.060  21.069  38.008 0.0000000000
81663  33.069  29.216  25.154 0.0000000000
82360  31.271  31.653  24.213 0.0000000000
83086  31.749  32.279  21.661 0.0000000000
81044  33.099  28.524  22.595 0.0000000000
78908  34.130  25.689  24.792 0.0000000000
78819  41.017  25.582  32.541 0.0000000000
80318  41.275  27.440  29.517 0.0000000000
80362  40.974  28.035  26.488 0.0000000000
77408  36.771  23.359  26.531 0.0000000000
78896  39.359  25.304  25.079 0.0000000000
79680  41.062  26.083  23.500 0.0000000000
78915  37.906  25.283  23.157 0.0000000000
78906  36.178  25.093  23.875 0.0000000000
82335  28.107  30.695  25.996 0.0000000000
83723  29.479  32.417  25.535 0.0000000000
75797  34.593  21.810  37.278 0.0000000000
75809  34.414  21.052  36.730 0.0000000000
82340  40.172  30.497  25.140 0.0000000000
82341  39.530  30.918  24.848 0.0000000000
81672  39.807  30.503  23.747 0.0000000000
81685  38.738  30.505  23.255 0.0000000000
81026  39.716  29.691  23.607 0.0000000000
76601  35.619  22.658  31.388 0.0000000000
77368  36.577  23.525  30.816 0.0000000000
77381  35.719  23.105  29.585 0.0000000000
73746  38.235  19.188  21.458 0.0000000000
75204  38.617  21.215  21.587 0.0000000000
74496  38.010  20.370  20.988 0.0000000000
75910  37.370  21.680  20.843 0.0000000000
73747  37.313  19.331  21.319 0.0000000000
73741  35.750  18.909  22.464 0.0000000000
72169  36.568  17.199  22.794 0.0000000000
74356  31.081  19.508  37.155 0.0000000000
82299  41.548  30.566  29.280 0.0000000000
80962  42.500  29.019  29.823 0.0000000000
73699  35.597  18.800  27.825 0.0000000000
74448  35.472  19.699  27.401 0.0000000000
73711  36.498  18.865  26.791 0.0000000000
73722  38.704  18.652  24.716 0.0000000000
73730  39.480  18.583  23.707 0.0000000000
73739  39.311  18.528  22.912 0.0000000000
75077  36.439  20.337  35.832 0.0000000000
75823  37.345  21.216  35.350 0.0000000000
75825  36.354  20.664  34.384 0.0000000000
76586  36.019  21.346  33.177 0.0000000000
75102  35.597  20.405  33.774 0.0000000000
73600  33.457  18.126  36.351 0.0000000000
74353  34.106  18.841  36.341 0.0000000000
73611  34.291  17.983  35.815 0.0000000000
72055  33.507  16.757  32.630 0.0000000000
72855  33.527  17.662  33.287 0.0000000000
73651  33.492  18.450  31.848 0.0000000000
74387  33.762  19.238  32.389 0.0000000000
73664  33.527  18.492  30.903 0.0000000000
73676  33.849  18.541  30.127 0.0000000000
72898  33.833  17.772  30.577 0.0000000000
72093  36.954  16.750  30.393 0.0000000000
81674  35.495  30.206  24.306 0.0000000000
81028  34.354  29.387  24.799 0.0000000000
81676  33.442  29.836  24.421 0.0000000000
81677  32.234  30.349  24.339 0.0000000000
82374  32.226  31.788  23.423 0.0000000000
83062  31.597  32.321  22.838 0.0000000000
83073  33.014  33.293  22.148 0.0000000000
81041  36.178  28.564  22.760 0.0000000000
81055  33.879  29.122  21.920 0.0000000000
80402  34.631  27.695  23.383 0.0000000000
80386  33.833  27.228  23.904 0.0000000000
79673  34.799  26.597  24.077 0.0000000000
78065  40.000  24.079  34.386 0.0000000000
78072  40.682  24.829  33.705 0.0000000000
78076  40.181  24.821  32.710 0.0000000000
78854  38.048  25.245  29.752 0.0000000000
78844  39.640  25.922  30.100 0.0000000000
79616  39.484  26.461  29.080 0.0000000000
80334  40.533  27.370  28.040 0.0000000000
79635  39.764  26.892  27.649 0.0000000000
75886  36.202  21.436  26.138 0.0000000000
76639  36.330  22.658  26.890 0.0000000000
76646  36.525  22.560  26.120 0.0000000000
78154  38.933  23.954  23.699 0.0000000000
78145  38.313  24.025  24.885 0.0000000000
78144  39.163  24.574  24.493 0.0000000000
78895  40.001  25.398  24.623 0.0000000000
78152  40.328  25.068  23.291 0.0000000000
79682  39.864  26.312  23.118 0.0000000000
76670  35.788  22.625  22.777 0.0000000000
78166  36.378  23.978  23.368 0.0000000000
77422  35.770  23.463  23.436 0.0000000000
78157  34.873  24.255  24.682 0.0000000000
80280  42.335  27.647  32.887 0.0000000000
81667  28.058  29.758  25.382 0.0000000000
81679  29.174  29.766  24.321 0.0000000000
76549  37.569  22.331  37.045 0.0000000000
76562  36.372  21.663  36.927 0.0000000000
75078  35.846  20.209  36.263 0.0000000000
74362  35.494  19.506  35.953 0.0000000000
72848  33.498  16.895  34.453 0.0000000000
81659  38.442  30.454  25.552 0.0000000000
82343  37.694  30.917  24.527 0.0000000000
82370  36.213  31.726  23.161 0.0000000000
83070  35.330  32.433  21.961 0.0000000000
83056  36.614  31.339  22.349 0.0000000000
81051  37.409  29.672  22.704 0.0000000000
80399  37.819  27.812  23.425 0.0000000000
77352  37.886  23.284  32.534 0.0000000000
78078  38.524  23.946  32.294 0.0000000000
78085  37.649  23.916  31.377 0.0000000000
78096  37.682  24.631  30.366 0.0000000000
78104  37.229  24.902  29.202 0.0000000000
75196  37.642  20.737  23.383 0.0000000000
75895  37.315  21.482  24.074 0.0000000000
75901  38.103  21.649  22.891 0.0000000000
76668  38.588  22.654  22.286 0.0000000000
77433  38.585  23.096  21.925 0.0000000000
77428  37.909  23.274  22.305 0.0000000000
77434  38.286  22.928  21.620 0.0000000000
75911  36.616  21.914  21.361 0.0000000000
75903  35.834  21.570  22.233 0.0000000000
72972  34.787  17.572  23.773 0.0000000000
75800  31.516  21.243  37.237 0.0000000000
75810  33.393  20.909  36.704 0.0000000000
75812  31.885  20.661  36.911 0.0000000000
74355  31.766  19.239  36.787 0.0000000000
72824  32.767  17.260  36.373 0.0000000000
82312  40.453  30.381  27.847 0.0000000000
82320  41.347  29.971  27.592 0.0000000000
81645  41.173  29.516  26.172 0.0000000000
75866  34.734  20.804  29.166 0.0000000000
76624  35.363  22.208  29.226 0.0000000000
75168  35.159  20.411  28.030 0.0000000000
75175  35.593  20.520  27.081 0.0000000000
74467  36.309  19.936  25.752 0.0000000000
72962  38.101  18.363  25.644 0.0000000000
73723  37.499  18.899  25.274 0.0000000000
74475  37.598  19.757  23.645 0.0000000000
74474  38.478  19.578  22.768 0.0000000000
73740  38.994  18.976  22.188 0.0000000000
72985  38.060  18.400  22.059 0.0000000000
72980  37.208  17.662  22.392 0.0000000000
77335  39.743  23.075  35.724 0.0000000000
76566  39.249  22.619  35.066 0.0000000000
76560  37.697  21.822  36.396 0.0000000000
76567  38.530  22.202  35.292 0.0000000000
76583  38.393  22.858  33.546 0.0000000000
76584  37.713  22.578  33.283 0.0000000000
76591  35.660  21.745  32.519 0.0000000000
76602  34.815  21.818  31.672 0.0000000000
75080  34.206  20.066  36.475 0.0000000000
74352  34.902  19.491  36.267 0.0000000000
74372  35.561  19.332  35.250 0.0000000000
72847  33.686  17.588  34.147 0.0000000000
74374  34.389  18.619  34.094 0.0000000000
74380  34.734  19.423  33.695 0.0000000000
75107  34.244  19.817  32.899 0.0000000000
75842  34.041  20.776  31.627 0.0000000000
75132  34.099  20.624  30.170 0.0000000000
75146  33.950  19.892  29.935 0.0000000000
73687  34.819  18.701  28.627 0.0000000000
72925  35.804  17.966  28.530 0.0000000000
72095  34.950  16.999  30.585 0.0000000000
72110  36.146  17.241  29.815 0.0000000000
76556  31.108  21.994  37.845 0.0000000000
75801  30.180  21.482  37.844 0.0000000000
75068  28.113  20.070  38.910 0.0000000000
81017  33.515  28.854  25.531 0.0000000000
81665  31.409  30.148  25.289 0.0000000000
83051  30.400  32.264  23.967 0.0000000000
83063  30.390  31.881  23.193 0.0000000000
81692  30.724  29.938  22.899 0.0000000000
82396  33.365  31.844  20.978 0.0000000000
81057  32.325  29.520  22.090 0.0000000000
80405  31.334  27.895  23.394 0.0000000000
79579  41.948  26.995  32.309 0.0000000000
78820  40.136  25.139  32.161 0.0000000000
79581  40.820  26.041  31.208 0.0000000000
80305  41.577  27.357  30.317 0.0000000000
80333  41.337  28.052  28.571 0.0000000000
80984  41.707  28.738  27.165 0.0000000000
81013  41.037  28.604  25.185 0.0000000000
77392  35.866  22.775  28.657 0.0000000000
78116  36.703  24.167  28.518 0.0000000000
78127  37.509  24.558  27.072 0.0000000000
77414  37.398  23.375  25.412 0.0000000000
78137  37.641  24.307  26.002 0.0000000000
78871  38.456  25.764  26.939 0.0000000000
79645  39.103  26.172  26.192 0.0000000000
79656  40.749  26.563  24.929 0.0000000000
80383  41.056  27.332  23.993 0.0000000000
80397  40.471  26.994  23.421 0.0000000000
79683  38.593  26.485  23.372 0.0000000000
79684  37.091  26.539  23.539 0.0000000000
78165  37.352  24.192  23.081 0.0000000000
78905  36.920  24.926  23.418 0.0000000000
79672  36.005  26.023  23.970 0.0000000000
78907  35.183  25.279  24.424 0.0000000000
73724  33.338  18.744  24.884 0.0000000000
83039  29.053  32.012  25.761 0.0000000000
83038  29.602  32.226  26.038 0.0000000000
75798  33.605  21.755  37.203 0.0000000000
81671  40.253  30.062  24.363 0.0000000000
81037  39.679  30.106  23.522 0.0000000000
81024  40.567  28.885  24.365 0.0000000000
76614  35.267  22.641  30.188 0.0000000000
77369  35.886  23.229  30.543 0.0000000000
74490  38.281  20.270  21.333 0.0000000000
73751  37.960  19.749  21.177 0.0000000000
73752  37.733  19.872  21.126 0.0000000000
72987  36.526  18.678  21.995 0.0000000000
80939  42.661  28.773  32.193 0.0000000000
81600  42.326  29.600  31.031 0.0000000000
81613  42.186  29.659  30.344 0.0000000000
80951  42.563  28.563  30.518 0.0000000000
72939  36.265  18.216  27.992 0.0000000000
73698  36.313  18.502  27.548 0.0000000000
73721  39.527  18.485  24.763 0.0000000000
73729  40.010  18.193  23.885 0.0000000000
80390  30.034  27.693  24.225 0.0000000000
75088  36.460  20.328  35.165 0.0000000000
75096  36.398  20.459  34.720 0.0000000000
73612  33.577  17.496  36.104 0.0000000000
72864  33.484  17.550  32.367 0.0000000000
72879  33.581  17.716  31.393 0.0000000000
81687  35.127  30.711  23.732 0.0000000000
81675  34.567  30.077  24.132 0.0000000000
81688  34.312  30.778  23.632 0.0000000000
81689  33.156  31.036  23.633 0.0000000000
82373  33.279  32.049  22.863 0.0000000000
81042  35.224  28.425  22.639 0.0000000000
80401  35.613  27.742  23.164 0.0000000000
79685  35.872  26.953  23.568 0.0000000000
77347  39.444  23.515  34.027 0.0000000000
78073  39.544  24.043  33.177 0.0000000000
78853  38.829  25.906  29.275 0.0000000000
79628  39.163  26.491  28.353 0.0000000000
76655  36.427  21.926  25.845 0.0000000000
78153  39.765  24.671  23.566 0.0000000000
78163  39.904  24.961  22.960 0.0000000000
76671  35.010  22.214  23.584 0.0000000000
76663  35.229  22.859  23.645 0.0000000000
82348  28.705  31.106  25.359 0.0000000000
81680  28.696  30.228  24.837 0.0000000000
76551  35.764  22.226  37.430 0.0000000000
75808  35.513  21.243  36.862 0.0000000000
74351  35.362  19.820  36.284 0.0000000000
81646  39.414  30.379  26.861 0.0000000000
81647  38.779  30.200  26.303 0.0000000000
82342  38.688  30.979  24.708 0.0000000000
82356  37.532  31.117  23.790 0.0000000000
82357  36.503  31.142  23.896 0.0000000000
82369  37.038  31.135  22.919 0.0000000000
82368  38.202  30.780  23.521 0.0000000000
81686  37.784  30.363  23.002 0.0000000000
81040  37.162  28.761  22.895 0.0000000000
77353  37.282  23.141  32.177 0.0000000000
78079  37.886  23.666  32.036 0.0000000000
77355  37.519  23.482  31.935 0.0000000000
77380  36.318  23.661  30.022 0.0000000000
78097  37.041  23.902  30.529 0.0000000000
74483  38.005  20.067  22.761 0.0000000000
75902  37.647  21.268  23.464 0.0000000000
75908  38.582  21.872  21.223 0.0000000000
75909  38.713  22.050  21.759 0.0000000000
76676  38.547  22.484  21.327 0.0000000000
75205  37.162  20.788  20.878 0.0000000000
75206  36.433  20.925  21.441 0.0000000000
75197  35.703  20.560  22.290 0.0000000000
74484  35.310  19.762  22.710 0.0000000000
72981  35.979  17.750  22.692 0.0000000000
72982  35.144  18.352  23.130 0.0000000000
75071  31.541  20.482  37.007 0.0000000000
73601  32.254  18.282  36.687 0.0000000000
81624  41.670  29.867  28.611 0.0000000000
82310  41.351  30.169  28.446 0.0000000000
82329  41.247  29.922  26.902 0.0000000000
81644  41.601  29.679  26.957 0.0000000000
75157  34.774  20.329  28.697 0.0000000000
75156  35.028  20.644  28.494 0.0000000000
75183  36.103  20.644  26.146 0.0000000000
72951  37.488  18.302  26.475 0.0000000000
73732  37.620  19.351  24.348 0.0000000000
74466  36.884  19.681  24.923 0.0000000000
72979  38.315  17.902  22.686 0.0000000000
77330  39.314  23.037  36.746 0.0000000000
76561  37.052  21.732  36.694 0.0000000000
76568  37.900  21.655  35.672 0.0000000000
76575  38.633  22.599  34.254 0.0000000000
76585  36.681  21.647  33.468 0.0000000000
75833  35.647  21.139  33.094 0.0000000000
76592  34.919  21.497  32.275 0.0000000000
74364  34.526  18.440  36.078 0.0000000000
74363  34.924  18.739  35.749 0.0000000000
72835  33.936  17.424  34.945 0.0000000000
73639  33.632  18.402  32.855 0.0000000000
73631  33.932  18.258  33.763 0.0000000000
74373  35.000  19.064  34.430 0.0000000000
75104  34.551  19.600  33.407 0.0000000000
74400  33.595  19.321  31.368 0.0000000000
75120  33.879  20.178  31.882 0.0000000000
75133  33.730  20.196  30.847 0.0000000000
75850  34.095  21.181  30.986 0.0000000000
72913  34.167  18.033  29.879 0.0000000000
73675  34.308  18.634  29.470 0.0000000000
72926  35.172  18.046  28.766 0.0000000000
72911  35.496  17.651  29.251 0.0000000000
72072  35.370  16.459  31.027 0.0000000000
72109  36.551  17.150  29.878 0.0000000000
76544  30.594  22.242  38.485 0.0000000000
75791  29.261  21.740  38.821 0.0000000000
75803  28.697  20.688  38.233 0.0000000000
81029  33.597  29.258  24.976 0.0000000000
81016  34.559  28.847  25.534 0.0000000000
81018  32.505  28.908  25.721 0.0000000000
81019  31.811  29.283  25.785 0.0000000000
81664  32.347  29.506  25.080 0.0000000000
82359  31.870  31.049  24.027 0.0000000000
82361  30.696  32.215  24.422 0.0000000000
83043  30.168  32.541  24.995 0.0000000000
100269  32.056  32.856  22.227 0.0000000000
83075  30.646  31.561  22.749 0.0000000000
82376  30.299  31.034  23.027 0.0000000000
81704  31.226  30.560  22.374 0.0000000000
83081  35.436  31.999  21.625 0.0000000000
83082  34.872  32.368  21.386 0.0000000000
82394  35.138  31.608  21.294 0.0000000000
81701  33.618  29.928  21.402 0.0000000000
81056  32.895  29.262  21.947 0.0000000000
81045  31.900  28.748  22.606 0.0000000000
80404  32.376  27.945  23.295 0.0000000000
80388  31.788  27.366  23.893 0.0000000000
79674  33.438  26.503  24.561 0.0000000000
78805  41.418  25.608  33.685 0.0000000000
78818  41.638  26.218  32.876 0.0000000000
79563  41.608  26.378  32.515 0.0000000000
78077  39.415  24.765  32.081 0.0000000000
78083  39.223  25.054  31.481 0.0000000000
79615  40.238  26.617  29.532 0.0000000000
79600  40.514  26.209  30.506 0.0000000000
79614  40.982  26.839  30.141 0.0000000000
79599  41.333  26.779  30.921 0.0000000000
80332  41.910  28.329  29.334 0.0000000000
80348  40.405  27.391  27.024 0.0000000000
80347  41.075  28.133  27.547 0.0000000000
80999  41.406  28.832  26.325 0.0000000000
76632  35.657  22.014  28.312 0.0000000000
77401  35.997  22.505  28.064 0.0000000000
77400  36.342  23.153  27.821 0.0000000000
78128  36.903  24.050  27.441 0.0000000000
78115  37.311  24.759  28.083 0.0000000000
76662  37.472  22.243  24.207 0.0000000000
76654  37.002  22.312  25.190 0.0000000000
76653  37.530  22.807  24.484 0.0000000000
78136  38.494  24.814  25.482 0.0000000000
78885  38.129  25.006  26.541 0.0000000000
78884  38.673  25.559  25.929 0.0000000000
79658  39.284  25.804  25.575 0.0000000000
78911  40.980  25.606  23.747 0.0000000000
79670  40.644  25.755  24.469 0.0000000000
79669  40.951  26.092  24.300 0.0000000000
80384  40.215  28.254  23.887 0.0000000000
78914  39.323  25.385  22.864 0.0000000000
78155  36.470  24.505  23.524 0.0000000000
79671  36.804  25.566  23.592 0.0000000000
77416  34.489  23.357  24.884 0.0000000000
73733  34.401  18.722  23.715 0.0000000000
82326  27.756  30.562  26.779 0.0000000000
83045  28.999  32.031  25.263 0.0000000000
75796  35.206  21.902  37.315 0.0000000000
82331  39.745  30.627  25.964 0.0000000000
82354  39.360  31.153  23.880 0.0000000000
81684  39.336  30.655  23.451 0.0000000000
81038  39.307  29.745  23.526 0.0000000000
80385  39.730  29.089  23.768 0.0000000000
76600  36.363  22.985  31.616 0.0000000000
77357  36.244  23.204  31.197 0.0000000000
74482  38.425  19.957  21.997 0.0000000000
75212  38.395  21.210  21.034 0.0000000000
75916  38.312  21.748  20.899 0.0000000000
75917  37.986  21.808  20.725 0.0000000000
75213  37.873  21.144  20.754 0.0000000000
74491  36.810  20.033  21.336 0.0000000000
73748  36.471  19.297  21.773 0.0000000000
82288  41.290  30.747  29.685 0.0000000000
82287  41.783  30.935  30.016 0.0000000000
81614  41.743  29.969  29.656 0.0000000000
73700  34.982  19.126  28.145 0.0000000000
74449  35.075  19.584  27.959 0.0000000000
73712  35.860  19.268  27.150 0.0000000000
72961  38.815  18.472  25.518 0.0000000000
77331  38.605  22.637  36.822 0.0000000000
75807  36.650  20.973  36.377 0.0000000000
75816  37.369  21.184  36.003 0.0000000000
75817  36.919  20.740  35.603 0.0000000000
75824  36.852  20.917  34.783 0.0000000000
76577  36.928  21.357  34.251 0.0000000000
75829  36.575  21.097  34.137 0.0000000000
75830  36.026  20.883  33.734 0.0000000000
75831  35.463  20.701  33.376 0.0000000000
74354  32.818  19.082  36.534 0.0000000000
73599  34.041  18.239  36.262 0.0000000000
72865  33.385  17.098  33.008 0.0000000000
72897  34.512  17.557  30.204 0.0000000000
72071  36.240  16.350  30.977 0.0000000000
72894  37.632  17.002  30.364 0.0000000000
81662  35.858  29.850  24.933 0.0000000000
81027  35.208  29.384  24.982 0.0000000000
81690  32.358  31.003  23.848 0.0000000000
82375  31.482  32.003  23.535 0.0000000000
83061  32.843  32.866  22.439 0.0000000000
83754  32.323  33.121  21.881 0.0000000000
81053  35.821  29.329  22.302 0.0000000000
81700  34.636  30.068  21.521 0.0000000000
81054  34.898  29.184  22.074 0.0000000000
81043  34.196  28.456  22.649 0.0000000000
80403  33.485  27.932  23.372 0.0000000000
78059  40.282  23.861  35.409 0.0000000000
78845  38.789  25.320  30.501 0.0000000000
78833  39.091  25.175  31.168 0.0000000000
78852  39.521  26.228  29.509 0.0000000000
80319  40.677  27.197  28.835 0.0000000000
79627  39.960  26.813  28.588 0.0000000000
75878  35.848  21.358  26.820 0.0000000000
76647  36.126  22.041  26.517 0.0000000000
77421  38.065  23.390  24.097 0.0000000000
78904  39.842  24.969  24.361 0.0000000000
78903  40.594  25.325  24.067 0.0000000000
78912  40.673  25.460  23.291 0.0000000000
79681  40.687  26.064  23.073 0.0000000000
78913  40.214  25.469  22.957 0.0000000000
77429  36.648  23.459  22.775 0.0000000000
78156  35.753  24.262  24.023 0.0000000000
77423  35.117  23.446  24.181 0.0000000000
80303  42.660  28.243  31.788 0.0000000000
81653  27.633  29.847  26.192 0.0000000000
80391  29.039  28.010  24.660 0.0000000000
81031  29.575  28.728  23.893 0.0000000000
76550  36.733  22.292  37.239 0.0000000000
75089  36.020  19.859  35.526 0.0000000000
72039  33.227  16.190  34.659 0.0000000000
72047  33.258  16.381  33.861 0.0000000000
72056  33.349  16.521  33.219 0.0000000000
72074  33.837  16.872  31.799 0.0000000000
72096  34.230  17.195  30.931 0.0000000000
81648  37.674  29.828  26.227 0.0000000000
81660  37.687  30.432  25.359 0.0000000000
82332  39.095  30.788  25.450 0.0000000000
81673  36.286  30.506  24.595 0.0000000000
82358  35.769  31.183  23.696 0.0000000000
82371  35.260  31.626  23.157 0.0000000000
83059  34.922  32.503  22.521 0.0000000000
83057  36.361  31.660  22.447 0.0000000000
82381  36.683  30.986  22.153 0.0000000000
81697  37.068  30.347  22.422 0.0000000000
81698  36.378  30.229  22.065 0.0000000000
81052  36.694  29.473  22.440 0.0000000000
77351  38.505  23.418  32.872 0.0000000000
78074  38.897  23.616  32.931 0.0000000000
78086  37.064  23.659  31.058 0.0000000000
78095  38.254  24.964  30.652 0.0000000000
78861  37.879  25.419  28.671 0.0000000000
75189  36.933  20.507  24.407 0.0000000000
75894  37.661  22.009  23.661 0.0000000000
77427  38.300  23.418  22.831 0.0000000000
76684  38.082  22.152  20.895 0.0000000000
76677  37.558  22.544  21.418 0.0000000000
76678  36.454  22.392  21.866 0.0000000000
75198  34.998  20.707  23.090 0.0000000000
75799  32.591  21.572  37.180 0.0000000000
75811  32.428  20.764  36.812 0.0000000000
75082  32.115  20.048  36.675 0.0000000000
75083  31.451  19.949  36.978 0.0000000000
81635  39.556  30.272  27.652 0.0000000000
82300  41.299  30.539  28.957 0.0000000000
82311  41.140  30.232  28.154 0.0000000000
82321  40.961  30.165  27.293 0.0000000000
82330  40.643  30.151  26.255 0.0000000000
75859  34.601  21.270  29.759 0.0000000000
75858  35.052  21.647  29.392 0.0000000000
75865  35.124  21.176  28.759 0.0000000000
75872  35.542  21.278  27.734 0.0000000000
75182  36.517  20.379  25.330 0.0000000000
74458  36.571  19.399  25.869 0.0000000000
77340  39.629  23.232  34.774 0.0000000000
77341  39.256  22.979  34.188 0.0000000000
76548  38.164  22.386  36.793 0.0000000000
76559  38.520  22.258  36.248 0.0000000000
77349  38.275  23.082  33.153 0.0000000000
76589  37.406  22.901  32.557 0.0000000000
76590  36.729  22.600  32.286 0.0000000000
76615  34.816  21.994  30.629 0.0000000000
73624  34.346  18.129  34.666 0.0000000000
75098  35.326  19.672  34.147 0.0000000000
75103  35.025  20.023  33.549 0.0000000000
75106  34.423  20.499  32.526 0.0000000000
75119  34.152  20.663  32.004 0.0000000000
75841  34.414  21.130  32.006 0.0000000000
75145  34.390  20.428  29.455 0.0000000000
74424  34.381  19.525  29.166 0.0000000000
74425  34.004  19.167  29.801 0.0000000000
73686  35.320  18.361  28.411 0.0000000000
72896  35.236  17.405  29.903 0.0000000000
72094  35.908  16.940  30.271 0.0000000000
72895  35.820  17.349  29.725 0.0000000000
72924  36.752  17.814  28.561 0.0000000000
76542  32.190  22.598  38.064 0.0000000000
76555  31.927  22.113  37.678 0.0000000000
75790  29.984  21.930  38.478 0.0000000000
75073  29.758  20.429  37.697 0.0000000000
75792  28.379  20.871  38.759 0.0000000000
75067  28.589  20.242  38.441 0.0000000000
74348  28.909  19.784  38.231 0.0000000000
81651  31.258  30.605  26.207 0.0000000000
81666  31.057  31.068  25.546 0.0000000000
82333  30.818  31.524  26.101 0.0000000000
83722  30.169  32.527  25.659 0.0000000000
83728  29.628  32.585  25.231 0.0000000000
83044  29.418  32.125  24.765 0.0000000000
83052  29.746  31.927  23.815 0.0000000000
81693  29.852  30.145  23.658 0.0000000000
81047  30.138  29.268  23.396 0.0000000000
81046  30.587  28.537  23.346 0.0000000000
83071  34.560  33.039  21.873 0.0000000000
83072  33.367  33.362  21.870 0.0000000000
83085  32.217  32.350  21.321 0.0000000000
81710  34.190  30.646  21.206 0.0000000000
81712  32.977  31.098  21.089 0.0000000000
82385  32.067  30.741  21.623 0.0000000000
81703  31.736  30.003  22.236 0.0000000000
81691  31.214  29.220  22.736 0.0000000000
80406  30.687  27.826  23.685 0.0000000000
80389  30.912  27.448  23.951 0.0000000000
80387  32.836  27.280  23.917 0.0000000000
78786  41.477  25.465  34.586 0.0000000000
79562  42.107  26.842  33.119 0.0000000000
80293  42.353  27.652  32.006 0.0000000000
78832  39.964  25.437  31.316 0.0000000000
78831  40.799  25.800  31.689 0.0000000000
79580  41.324  26.361  31.808 0.0000000000
79598  41.810  27.135  31.607 0.0000000000
80304  42.273  27.766  31.018 0.0000000000
80317  42.085  28.041  30.053 0.0000000000
80971  42.264  29.046  28.745 0.0000000000
80972  41.792  28.661  27.945 0.0000000000
80983  42.073  29.292  27.821 0.0000000000
80998  41.930  29.337  27.128 0.0000000000
77391  36.218  23.567  29.019 0.0000000000
78872  37.952  25.220  27.582 0.0000000000
77415  36.850  22.935  25.800 0.0000000000
77407  37.186  23.809  26.151 0.0000000000
78138  37.145  24.059  26.642 0.0000000000
79636  38.972  26.469  27.283 0.0000000000
79644  39.720  26.792  26.501 0.0000000000
80363  40.442  27.130  25.893 0.0000000000
79657  40.154  26.094  25.131 0.0000000000
80375  40.630  26.778  25.256 0.0000000000
80374  40.950  27.429  25.221 0.0000000000
80398  39.290  27.972  23.769 0.0000000000
78897  34.433  24.940  25.040 0.0000000000
72910  36.287  17.487  29.335 0.0000000000
73610  34.721  18.320  35.678 0.0000000000
74497  37.511  20.233  21.040 0.0000000000
75169  34.882  19.979  28.244 0.0000000000
75203  38.631  21.597  21.354 0.0000000000
75211  38.562  21.565  21.130 0.0000000000
75851  33.852  20.614  31.325 0.0000000000
75915  38.494  21.817  21.046 0.0000000000
76552  34.913  22.302  37.711 0.0000000000
76574  39.254  22.780  34.559 0.0000000000
76682  38.562  22.023  20.966 0.0000000000
76683  38.412  21.975  20.952 0.0000000000
78162  40.175  25.126  22.890 0.0000000000
78846  38.153  25.066  30.345 0.0000000000
78902  41.028  25.690  24.138 0.0000000000
79686  35.223  27.238  23.549 0.0000000000
80396  40.957  26.543  23.345 0.0000000000
80961  42.628  29.184  30.570 0.0000000000
81025  40.009  29.539  23.805 0.0000000000
81668  28.067  30.443  25.696 0.0000000000
81699  35.572  30.116  21.813 0.0000000000
81702  32.663  30.285  21.481 0.0000000000
81711  33.523  30.858  21.111 0.0000000000
82344  36.926  30.940  24.467 0.0000000000
82349  28.311  30.705  25.712 0.0000000000
82353  39.903  30.802  24.314 0.0000000000
82362  29.263  31.041  24.476 0.0000000000
82363  28.840  30.808  24.896 0.0000000000
82367  38.943  31.084  23.380 0.0000000000
82377  29.824  31.384  23.549 0.0000000000
82383  35.383  30.897  21.426 0.0000000000
82384  34.771  30.959  21.230 0.0000000000
82386  31.568  31.275  21.825 0.0000000000
82387  30.896  31.076  22.511 0.0000000000
82393  35.693  31.547  21.514 0.0000000000
82395  34.317  31.622  21.035 0.0000000000
82397  32.425  31.555  21.245 0.0000000000
82398  31.904  31.903  21.376 0.0000000000
83050  31.018  32.126  23.763 0.0000000000
83058  35.757  32.136  22.521 0.0000000000
83060  33.934  32.830  22.491 0.0000000000
83064  29.886  31.853  23.445 0.0000000000
83068  36.444  31.467  22.032 0.0000000000
83069  36.014  31.906  21.883 0.0000000000
83074  31.201  31.962  22.367 0.0000000000
83083  34.035  32.884  20.948 0.0000000000
83084  32.855  32.830  21.086 0.0000000000
83724  29.184  32.278  25.478 0.0000000000
83729  29.323  32.358  25.283 0.0000000000
83730  28.931  32.289  25.180 0.0000000000
83739  32.775  33.300  22.092 0.0000000000
83740  32.324  33.024  22.180 0.0000000000
83746  32.453  33.233  22.025 0.0000000000
83747  32.650  33.200  21.761 0.0000000000
83755  32.270  32.845  21.603 0.0000000000
83756  31.873  32.769  22.061 0.0000000000
84402  32.132  33.060  22.022 0.0000000000
