#!ascii label  , from subject sub-01 vox2ras=TkReg
955
43053  17.979  -17.014  53.892 0.0000000000
43841  28.069  -15.207  60.494 0.0000000000
55996  31.931  -2.538  41.333 0.0000000000
49560  26.342  -9.305  49.349 0.0000000000
47834  32.066  -11.957  52.458 0.0000000000
66465  39.163  8.712  37.184 0.0000000000
57808  30.942  -0.854  46.019 0.0000000000
55041  27.338  -3.446  45.030 0.0000000000
36641  15.364  -22.650  50.433 0.0000000000
44825  23.139  -14.022  58.806 0.0000000000
44862  26.283  -13.890  56.113 0.0000000000
44940  18.912  -13.618  52.140 0.0000000000
60479  33.965  2.693  38.611 0.0000000000
43848  18.690  -15.929  60.657 0.0000000000
38458  17.734  -21.389  56.632 0.0000000000
57853  35.581  -1.380  40.335 0.0000000000
36556  12.507  -22.747  55.399 0.0000000000
34005  8.892  -26.274  54.051 0.0000000000
53119  27.241  -5.022  49.951 0.0000000000
48716  28.803  -10.939  51.510 0.0000000000
45962  31.266  -14.198  46.825 0.0000000000
43970  27.893  -15.396  51.605 0.0000000000
57783  30.995  -0.868  47.669 0.0000000000
56870  29.090  -2.071  45.778 0.0000000000
55947  28.615  -2.714  47.537 0.0000000000
58671  33.014  0.261  47.787 0.0000000000
41359  17.712  -18.701  51.001 0.0000000000
37632  17.290  -22.230  48.799 0.0000000000
39413  17.564  -20.567  51.834 0.0000000000
44869  19.445  -14.572  56.952 0.0000000000
45838  21.205  -14.047  55.340 0.0000000000
44917  17.865  -15.231  53.512 0.0000000000
43086  17.764  -16.643  50.734 0.0000000000
56017  32.325  -2.676  39.993 0.0000000000
57836  34.171  -1.196  42.953 0.0000000000
56920  34.514  -2.197  40.783 0.0000000000
57861  32.985  -0.823  39.462 0.0000000000
35564  17.274  -23.149  58.515 0.0000000000
36534  15.527  -22.295  55.779 0.0000000000
36497  14.082  -22.815  58.401 0.0000000000
33974  8.660  -25.645  58.462 0.0000000000
34767  9.003  -24.987  57.056 0.0000000000
33996  7.722  -26.544  55.897 0.0000000000
32375  6.159  -28.566  55.566 0.0000000000
32349  5.003  -28.278  57.872 0.0000000000
49517  29.105  -9.825  53.751 0.0000000000
48714  30.321  -11.006  51.923 0.0000000000
47888  30.726  -11.533  48.832 0.0000000000
45904  32.048  -13.540  49.892 0.0000000000
45862  24.450  -13.661  53.101 0.0000000000
44913  27.005  -14.941  53.014 0.0000000000
45889  25.167  -13.917  50.540 0.0000000000
44013  25.662  -15.227  48.049 0.0000000000
51312  26.327  -7.383  50.126 0.0000000000
52234  25.201  -6.215  47.917 0.0000000000
49580  25.444  -9.226  47.490 0.0000000000
67234  40.771  10.153  36.280 0.0000000000
66486  39.110  8.956  35.086 0.0000000000
57827  31.609  -1.066  43.829 0.0000000000
56886  29.273  -1.993  43.430 0.0000000000
58708  33.698  0.387  45.177 0.0000000000
43861  25.513  -13.615  59.706 0.0000000000
43877  27.471  -13.813  58.640 0.0000000000
44842  24.491  -14.026  57.497 0.0000000000
45850  22.534  -13.552  54.376 0.0000000000
45910  20.510  -12.490  50.685 0.0000000000
60466  37.128  2.444  39.499 0.0000000000
62193  36.994  4.515  38.771 0.0000000000
63973  36.583  6.367  37.938 0.0000000000
64842  36.602  7.294  36.566 0.0000000000
43900  18.417  -15.924  57.729 0.0000000000
41313  17.832  -18.838  55.977 0.0000000000
41264  18.019  -18.732  58.846 0.0000000000
44811  20.807  -14.395  59.410 0.0000000000
59647  35.092  0.990  39.127 0.0000000000
36605  16.396  -21.794  53.016 0.0000000000
37568  14.535  -22.593  52.720 0.0000000000
36610  11.602  -23.862  52.292 0.0000000000
36520  11.300  -23.405  57.633 0.0000000000
35653  10.249  -24.267  54.849 0.0000000000
30726  2.820  -31.014  57.612 0.0000000000
55007  29.131  -3.145  49.620 0.0000000000
50368  26.914  -8.268  51.585 0.0000000000
49519  28.132  -9.055  52.964 0.0000000000
48725  27.779  -10.657  50.519 0.0000000000
47890  29.134  -11.346  48.538 0.0000000000
46980  31.007  -12.546  46.156 0.0000000000
45034  28.843  -14.721  45.066 0.0000000000
44860  28.784  -14.495  55.990 0.0000000000
43050  29.920  -16.063  53.604 0.0000000000
44937  31.975  -14.875  51.536 0.0000000000
44009  29.492  -15.459  48.931 0.0000000000
44044  27.602  -15.368  46.341 0.0000000000
54078  27.119  -3.880  47.677 0.0000000000
53189  25.224  -5.319  45.118 0.0000000000
56849  30.700  -1.337  48.390 0.0000000000
56862  29.693  -1.767  47.281 0.0000000000
56840  30.058  -1.869  48.900 0.0000000000
57773  31.910  -0.719  48.920 0.0000000000
42186  17.966  -18.077  52.016 0.0000000000
39414  17.672  -20.104  51.267 0.0000000000
41337  18.167  -18.754  53.511 0.0000000000
43924  18.233  -15.788  55.462 0.0000000000
44903  18.374  -14.905  54.743 0.0000000000
43935  17.848  -15.877  53.803 0.0000000000
42187  17.853  -17.267  52.278 0.0000000000
56008  32.726  -2.584  40.737 0.0000000000
55972  33.436  -1.817  42.234 0.0000000000
56911  34.085  -1.942  42.067 0.0000000000
55995  32.896  -2.325  41.543 0.0000000000
56922  32.936  -2.395  40.012 0.0000000000
33166  7.060  -26.639  58.199 0.0000000000
33981  7.698  -26.195  57.712 0.0000000000
33176  6.982  -26.783  57.016 0.0000000000
33187  7.344  -27.189  55.690 0.0000000000
33177  6.329  -27.681  56.466 0.0000000000
32360  5.846  -28.200  56.330 0.0000000000
48693  30.396  -11.550  53.618 0.0000000000
47835  31.486  -11.749  51.898 0.0000000000
47850  31.322  -11.940  50.988 0.0000000000
46881  31.725  -12.178  51.298 0.0000000000
43840  29.091  -15.220  60.365 0.0000000000
45908  22.671  -12.721  50.369 0.0000000000
45890  24.394  -13.487  50.951 0.0000000000
45925  23.617  -13.218  49.309 0.0000000000
45924  24.371  -13.525  49.046 0.0000000000
50395  26.420  -8.357  50.211 0.0000000000
50422  25.548  -8.129  48.391 0.0000000000
65645  39.212  8.112  38.082 0.0000000000
65644  40.200  8.453  38.197 0.0000000000
66463  40.408  9.270  37.418 0.0000000000
67236  40.095  9.708  36.526 0.0000000000
66480  38.972  9.145  35.895 0.0000000000
57819  31.137  -1.062  44.255 0.0000000000
56884  30.922  -1.310  43.572 0.0000000000
56877  30.425  -1.261  44.700 0.0000000000
55957  27.915  -2.851  45.338 0.0000000000
55960  27.738  -2.799  44.139 0.0000000000
55048  27.226  -3.532  44.193 0.0000000000
57806  32.299  -0.086  46.608 0.0000000000
57811  32.342  -0.053  45.628 0.0000000000
57817  32.784  -0.359  44.521 0.0000000000
37599  16.050  -22.051  50.287 0.0000000000
36642  14.475  -23.355  50.169 0.0000000000
43880  24.761  -13.916  59.015 0.0000000000
43879  25.625  -13.697  58.939 0.0000000000
44843  23.675  -14.086  57.912 0.0000000000
45867  19.995  -13.887  53.982 0.0000000000
45851  21.654  -13.642  54.500 0.0000000000
45881  20.607  -13.184  52.838 0.0000000000
45880  21.569  -13.052  52.670 0.0000000000
45911  19.473  -12.838  50.958 0.0000000000
44955  18.229  -14.377  50.513 0.0000000000
47905  28.917  -11.518  47.462 0.0000000000
60477  35.650  2.683  38.789 0.0000000000
61311  36.765  3.061  39.052 0.0000000000
61321  35.456  3.528  38.597 0.0000000000
63103  35.273  5.347  37.812 0.0000000000
63978  35.590  6.277  37.219 0.0000000000
63977  36.285  6.719  37.395 0.0000000000
43882  18.431  -15.898  58.755 0.0000000000
43012  18.225  -16.808  58.302 0.0000000000
42998  18.389  -16.475  60.148 0.0000000000
44799  20.195  -15.081  60.426 0.0000000000
44829  19.522  -14.938  58.929 0.0000000000
58757  36.604  0.672  39.887 0.0000000000
58758  35.799  -0.055  39.633 0.0000000000
58761  32.484  0.274  39.204 0.0000000000
40330  17.623  -19.737  55.981 0.0000000000
39367  17.443  -20.326  54.247 0.0000000000
37530  16.435  -20.970  54.851 0.0000000000
37499  13.959  -22.536  55.871 0.0000000000
37533  14.658  -22.564  54.445 0.0000000000
37535  13.123  -22.737  54.076 0.0000000000
37552  12.914  -22.827  53.071 0.0000000000
37536  12.232  -22.884  53.681 0.0000000000
35588  10.840  -24.416  58.714 0.0000000000
34777  8.979  -25.138  56.017 0.0000000000
35638  9.675  -24.687  55.512 0.0000000000
35654  9.828  -24.979  54.341 0.0000000000
35669  10.358  -24.585  53.624 0.0000000000
51298  26.896  -7.097  51.361 0.0000000000
48705  28.795  -10.466  52.518 0.0000000000
49518  28.606  -9.439  53.408 0.0000000000
48706  28.266  -10.216  52.118 0.0000000000
49531  27.856  -9.383  52.220 0.0000000000
48724  28.421  -11.035  50.856 0.0000000000
47871  28.344  -11.205  49.459 0.0000000000
47870  29.281  -11.277  49.420 0.0000000000
46935  31.619  -12.960  48.043 0.0000000000
46959  31.138  -12.289  47.425 0.0000000000
46979  31.348  -13.129  46.522 0.0000000000
46005  30.693  -13.504  45.642 0.0000000000
45032  30.444  -14.244  45.984 0.0000000000
44839  27.363  -14.117  57.382 0.0000000000
44838  28.458  -14.323  57.227 0.0000000000
44861  27.582  -14.280  56.178 0.0000000000
43958  27.390  -15.289  52.190 0.0000000000
43933  28.413  -15.531  53.843 0.0000000000
43064  29.000  -15.851  52.594 0.0000000000
43955  30.904  -15.737  52.267 0.0000000000
43968  30.121  -16.061  51.150 0.0000000000
43994  30.716  -15.642  49.797 0.0000000000
43996  28.652  -15.365  49.786 0.0000000000
44027  25.624  -15.236  46.926 0.0000000000
44026  26.505  -15.502  47.224 0.0000000000
54045  28.190  -4.252  49.723 0.0000000000
55021  27.773  -3.799  48.469 0.0000000000
54046  27.462  -4.368  49.110 0.0000000000
51353  24.644  -7.338  46.601 0.0000000000
53172  25.125  -5.520  46.330 0.0000000000
66483  41.379  9.599  34.056 0.0000000000
57796  30.930  -0.831  46.918 0.0000000000
56873  30.267  -1.266  45.701 0.0000000000
56869  29.509  -1.799  46.365 0.0000000000
55952  28.787  -2.499  46.570 0.0000000000
55953  28.075  -2.908  46.397 0.0000000000
58659  33.031  0.172  48.580 0.0000000000
57794  32.315  -0.190  47.520 0.0000000000
39454  17.646  -20.782  50.400 0.0000000000
38510  17.039  -21.474  50.592 0.0000000000
37598  16.443  -21.469  50.889 0.0000000000
44845  21.266  -14.122  57.715 0.0000000000
44866  22.569  -14.197  56.787 0.0000000000
44887  20.590  -14.161  55.546 0.0000000000
44902  19.552  -14.286  54.523 0.0000000000
44929  18.500  -14.298  52.762 0.0000000000
43985  17.960  -15.076  50.872 0.0000000000
43973  17.778  -15.448  51.514 0.0000000000
41372  17.620  -18.535  50.191 0.0000000000
61324  32.872  3.124  38.057 0.0000000000
42987  18.349  -16.832  61.884 0.0000000000
57823  35.450  -0.858  42.825 0.0000000000
56909  35.179  -1.985  41.840 0.0000000000
56919  35.189  -2.072  41.231 0.0000000000
57860  34.327  -1.133  39.635 0.0000000000
56930  34.203  -2.061  39.968 0.0000000000
56932  32.371  -1.792  39.544 0.0000000000
37468  17.892  -22.125  58.086 0.0000000000
36532  16.547  -21.674  56.092 0.0000000000
35603  15.760  -22.736  57.319 0.0000000000
36516  14.919  -22.613  57.115 0.0000000000
36537  13.657  -22.753  56.640 0.0000000000
34755  10.031  -24.813  58.395 0.0000000000
34757  8.777  -25.365  57.617 0.0000000000
34768  8.495  -25.479  56.596 0.0000000000
33995  8.058  -26.644  55.309 0.0000000000
33196  7.983  -27.358  54.822 0.0000000000
48704  29.600  -10.835  52.600 0.0000000000
48715  29.593  -10.956  51.788 0.0000000000
47852  30.119  -11.536  50.358 0.0000000000
47851  30.748  -11.738  50.598 0.0000000000
46914  31.583  -12.432  49.289 0.0000000000
45941  31.767  -13.907  48.140 0.0000000000
45847  25.455  -14.018  54.066 0.0000000000
45846  26.209  -14.125  54.577 0.0000000000
45861  25.318  -13.866  52.775 0.0000000000
44927  26.064  -14.374  52.305 0.0000000000
44938  26.584  -14.984  50.953 0.0000000000
43998  26.645  -15.223  49.372 0.0000000000
44966  25.538  -14.643  49.004 0.0000000000
45942  24.930  -13.954  47.885 0.0000000000
53095  26.998  -5.812  50.256 0.0000000000
53135  26.245  -5.235  48.778 0.0000000000
52221  25.957  -6.208  49.160 0.0000000000
50423  25.194  -8.034  47.691 0.0000000000
67228  41.346  9.799  37.527 0.0000000000
66478  40.191  9.687  35.073 0.0000000000
56893  31.874  -1.661  42.466 0.0000000000
55997  30.756  -2.755  41.235 0.0000000000
56894  30.636  -1.827  42.722 0.0000000000
56879  29.123  -1.885  43.961 0.0000000000
55964  27.919  -2.840  42.973 0.0000000000
58683  33.860  0.631  47.150 0.0000000000
58697  34.914  0.891  46.362 0.0000000000
58707  34.648  0.570  45.265 0.0000000000
57816  33.807  -0.458  44.017 0.0000000000
56882  33.146  -1.339  43.023 0.0000000000
43842  27.059  -14.999  60.548 0.0000000000
43858  28.281  -14.989  59.481 0.0000000000
43878  26.375  -14.367  58.870 0.0000000000
43896  26.232  -13.667  58.159 0.0000000000
44863  25.377  -13.740  56.508 0.0000000000
44885  22.583  -14.241  55.886 0.0000000000
44883  23.880  -14.073  55.598 0.0000000000
45834  24.367  -13.887  55.280 0.0000000000
45863  23.488  -13.513  53.302 0.0000000000
45892  22.595  -12.781  51.456 0.0000000000
45909  21.626  -12.583  50.495 0.0000000000
62192  37.653  4.938  38.793 0.0000000000
62195  34.898  4.401  38.169 0.0000000000
63102  36.286  5.395  38.260 0.0000000000
63100  38.291  5.428  38.817 0.0000000000
64830  37.303  7.036  37.982 0.0000000000
64834  37.742  7.588  37.509 0.0000000000
65652  37.849  7.934  37.018 0.0000000000
65665  37.857  8.186  35.583 0.0000000000
43030  18.217  -16.765  55.981 0.0000000000
42164  18.008  -17.748  55.359 0.0000000000
42159  18.152  -17.808  56.606 0.0000000000
41298  17.932  -18.773  57.299 0.0000000000
40299  17.999  -19.648  57.916 0.0000000000
41237  18.332  -18.455  60.896 0.0000000000
38432  18.026  -21.265  58.366 0.0000000000
37455  17.578  -22.030  59.169 0.0000000000
43826  27.761  -15.177  61.413 0.0000000000
43843  26.352  -13.975  60.620 0.0000000000
43844  25.158  -13.758  60.614 0.0000000000
43863  23.687  -14.064  59.697 0.0000000000
44796  23.140  -14.201  60.937 0.0000000000
44826  22.050  -14.038  58.728 0.0000000000
44846  20.283  -14.338  57.786 0.0000000000
44870  18.817  -15.177  57.285 0.0000000000
59644  37.604  1.665  40.135 0.0000000000
59646  35.986  1.215  39.385 0.0000000000
60469  34.499  1.902  38.877 0.0000000000
58759  34.681  0.017  39.328 0.0000000000
59648  34.031  1.058  39.067 0.0000000000
60470  33.625  1.926  38.863 0.0000000000
40365  17.969  -19.721  53.910 0.0000000000
37581  16.847  -21.352  52.136 0.0000000000
36624  15.948  -22.066  51.787 0.0000000000
35668  15.971  -21.897  54.033 0.0000000000
36606  15.798  -22.283  52.895 0.0000000000
36608  14.806  -22.557  51.978 0.0000000000
37585  13.648  -23.112  51.745 0.0000000000
36628  12.646  -23.887  51.316 0.0000000000
35605  12.525  -23.125  58.274 0.0000000000
36539  11.423  -23.078  56.636 0.0000000000
36540  10.672  -23.661  56.967 0.0000000000
36557  11.651  -22.948  55.346 0.0000000000
36574  10.859  -23.539  54.301 0.0000000000
31518  3.606  -29.590  57.801 0.0000000000
55925  29.858  -2.574  49.708 0.0000000000
53094  27.618  -5.372  50.771 0.0000000000
52191  26.799  -6.662  50.660 0.0000000000
51299  26.647  -7.541  50.994 0.0000000000
49548  26.766  -9.174  50.303 0.0000000000
50367  27.275  -8.502  52.042 0.0000000000
49540  27.180  -9.102  50.849 0.0000000000
49547  27.183  -9.857  50.430 0.0000000000
48733  27.379  -10.603  49.468 0.0000000000
47919  29.917  -11.856  46.491 0.0000000000
47889  30.014  -11.321  48.640 0.0000000000
47918  30.587  -11.917  47.123 0.0000000000
46981  30.284  -12.190  45.728 0.0000000000
46006  30.283  -13.452  45.078 0.0000000000
45054  29.742  -14.190  44.548 0.0000000000
46866  32.439  -12.510  53.022 0.0000000000
43876  28.609  -14.510  58.404 0.0000000000
43893  29.810  -14.958  57.586 0.0000000000
43909  30.499  -15.109  56.327 0.0000000000
44881  27.825  -14.478  55.042 0.0000000000
43922  29.681  -15.516  55.182 0.0000000000
43028  30.756  -15.650  55.074 0.0000000000
43942  31.766  -15.340  53.611 0.0000000000
44924  32.179  -14.809  52.406 0.0000000000
45888  32.302  -13.531  51.488 0.0000000000
45903  32.169  -13.559  50.781 0.0000000000
44978  31.515  -14.522  48.633 0.0000000000
44996  30.900  -15.058  47.441 0.0000000000
44011  27.505  -15.247  48.587 0.0000000000
44024  28.428  -15.205  47.820 0.0000000000
44042  29.208  -15.327  47.156 0.0000000000
45016  28.124  -15.068  45.485 0.0000000000
55936  28.718  -2.784  48.427 0.0000000000
55030  28.112  -3.036  47.572 0.0000000000
55036  26.958  -3.860  46.749 0.0000000000
53151  25.882  -5.137  47.941 0.0000000000
54090  26.334  -4.394  46.324 0.0000000000
54097  26.089  -4.595  45.149 0.0000000000
65670  38.183  8.091  34.878 0.0000000000
56848  31.336  -1.161  48.899 0.0000000000
42177  18.080  -17.648  53.065 0.0000000000
41348  18.031  -18.781  52.462 0.0000000000
42171  18.088  -17.757  54.211 0.0000000000
43041  17.941  -16.383  54.066 0.0000000000
43934  18.031  -15.798  54.507 0.0000000000
42178  17.916  -17.024  52.843 0.0000000000
56009  31.590  -2.972  40.526 0.0000000000
55973  32.905  -1.922  42.062 0.0000000000
33167  6.394  -27.299  57.663 0.0000000000
33168  5.758  -27.936  57.279 0.0000000000
47821  32.015  -11.946  53.113 0.0000000000
47822  31.473  -11.864  52.783 0.0000000000
46880  32.159  -12.571  51.754 0.0000000000
43825  28.760  -15.047  61.202 0.0000000000
45907  23.563  -13.137  50.220 0.0000000000
45926  22.768  -12.965  49.390 0.0000000000
65651  38.552  8.277  37.271 0.0000000000
65650  39.430  8.608  37.598 0.0000000000
66464  39.599  9.006  37.187 0.0000000000
66471  39.695  9.445  36.534 0.0000000000
66472  39.048  8.909  36.718 0.0000000000
57813  31.010  -0.909  45.084 0.0000000000
55057  26.956  -4.073  43.611 0.0000000000
55049  26.851  -4.088  44.645 0.0000000000
57807  31.623  -0.458  46.311 0.0000000000
57812  31.706  -0.499  45.340 0.0000000000
37600  15.857  -22.678  49.672 0.0000000000
43881  24.049  -14.008  58.941 0.0000000000
43899  24.323  -13.962  58.547 0.0000000000
45882  19.649  -13.517  53.002 0.0000000000
45866  20.706  -13.530  53.788 0.0000000000
45895  19.605  -13.147  52.032 0.0000000000
44954  18.726  -13.562  51.253 0.0000000000
60478  34.899  2.725  38.683 0.0000000000
63984  35.446  6.391  36.263 0.0000000000
43865  18.700  -15.803  59.719 0.0000000000
43004  18.293  -16.660  59.338 0.0000000000
44800  19.696  -15.363  60.543 0.0000000000
44813  19.531  -15.285  59.780 0.0000000000
57848  36.526  -1.197  41.283 0.0000000000
57852  36.559  -0.688  40.593 0.0000000000
58754  36.169  -0.590  40.157 0.0000000000
39341  17.770  -20.543  56.530 0.0000000000
38465  17.028  -20.809  55.818 0.0000000000
37518  13.312  -22.637  55.238 0.0000000000
37517  14.010  -22.669  55.126 0.0000000000
37519  12.405  -22.789  54.665 0.0000000000
34743  10.486  -24.881  58.974 0.0000000000
34788  9.164  -25.559  54.830 0.0000000000
34800  9.637  -25.687  53.610 0.0000000000
48717  27.967  -10.374  51.492 0.0000000000
47853  29.264  -11.354  50.388 0.0000000000
46958  31.441  -12.988  47.022 0.0000000000
45981  31.395  -13.531  46.795 0.0000000000
45013  30.653  -14.654  46.553 0.0000000000
44882  26.749  -14.246  55.237 0.0000000000
43957  27.960  -15.695  52.464 0.0000000000
43969  28.421  -15.621  51.798 0.0000000000
43074  29.793  -15.848  51.855 0.0000000000
43982  28.843  -15.603  50.873 0.0000000000
43981  29.831  -16.039  50.596 0.0000000000
56868  30.228  -1.245  46.654 0.0000000000
56861  30.354  -1.255  47.528 0.0000000000
55951  29.189  -2.273  47.116 0.0000000000
55948  28.226  -2.902  47.122 0.0000000000
58658  33.642  0.289  49.033 0.0000000000
57782  31.575  -0.683  48.164 0.0000000000
57781  32.388  -0.241  48.406 0.0000000000
57795  31.629  -0.547  47.212 0.0000000000
39434  17.493  -20.701  50.995 0.0000000000
38509  17.048  -21.225  51.226 0.0000000000
37597  16.643  -21.303  51.543 0.0000000000
44868  20.391  -14.248  56.735 0.0000000000
44916  18.507  -14.514  53.586 0.0000000000
44915  19.174  -14.062  53.402 0.0000000000
44930  17.940  -14.856  52.496 0.0000000000
43959  17.692  -15.754  52.519 0.0000000000
42194  17.803  -18.309  51.476 0.0000000000
42195  17.755  -17.705  51.197 0.0000000000
57824  34.423  -0.652  43.419 0.0000000000
57835  34.710  -1.350  42.650 0.0000000000
56910  34.458  -2.079  41.789 0.0000000000
56890  34.825  -1.816  42.173 0.0000000000
57854  34.726  -1.811  40.088 0.0000000000
35581  17.275  -23.078  58.143 0.0000000000
36514  17.043  -22.752  57.547 0.0000000000
35582  16.776  -23.070  57.951 0.0000000000
35604  15.289  -22.826  57.942 0.0000000000
36496  14.701  -22.738  57.959 0.0000000000
36517  14.164  -22.747  57.390 0.0000000000
33973  9.304  -25.345  58.796 0.0000000000
33988  7.602  -26.376  56.585 0.0000000000
33980  8.156  -25.804  57.192 0.0000000000
33987  7.986  -26.028  56.146 0.0000000000
33186  7.837  -27.088  55.271 0.0000000000
33188  6.694  -27.843  55.725 0.0000000000
32374  7.004  -28.052  55.336 0.0000000000
32361  5.174  -28.608  56.665 0.0000000000
32362  4.307  -29.357  57.028 0.0000000000
48703  30.324  -11.119  52.683 0.0000000000
47837  30.167  -11.464  51.238 0.0000000000
47867  31.333  -11.976  50.181 0.0000000000
45922  31.890  -13.647  48.871 0.0000000000
45876  25.287  -13.814  51.623 0.0000000000
44939  25.918  -14.591  51.085 0.0000000000
44953  25.655  -14.560  50.008 0.0000000000
45943  24.335  -13.504  48.156 0.0000000000
52212  26.430  -6.403  49.893 0.0000000000
51325  26.036  -7.103  49.502 0.0000000000
49571  25.434  -8.679  47.796 0.0000000000
66479  39.574  9.429  35.490 0.0000000000
67245  40.048  9.811  36.008 0.0000000000
66485  39.689  9.021  34.423 0.0000000000
65668  39.486  8.490  34.152 0.0000000000
55975  31.242  -2.229  42.007 0.0000000000
56885  29.852  -1.802  43.272 0.0000000000
56895  30.117  -1.946  42.800 0.0000000000
55962  29.429  -2.054  43.120 0.0000000000
55977  28.719  -2.779  42.172 0.0000000000
56874  29.628  -1.612  45.305 0.0000000000
56875  29.047  -1.929  44.930 0.0000000000
55978  28.000  -3.035  42.375 0.0000000000
58670  33.775  0.499  48.092 0.0000000000
58699  32.948  0.435  45.924 0.0000000000
58698  33.813  0.764  46.140 0.0000000000
58717  34.339  -0.025  44.163 0.0000000000
58718  33.453  -0.041  44.612 0.0000000000
57826  32.513  -0.957  43.713 0.0000000000
56883  32.182  -1.231  43.123 0.0000000000
43860  26.547  -13.975  59.719 0.0000000000
43859  27.392  -14.170  59.848 0.0000000000
43897  25.415  -13.807  58.264 0.0000000000
44841  25.326  -13.861  57.365 0.0000000000
44886  21.699  -14.197  55.896 0.0000000000
45836  22.547  -13.859  55.159 0.0000000000
45835  23.353  -13.847  55.083 0.0000000000
45849  23.445  -13.686  54.281 0.0000000000
45848  24.406  -13.809  54.173 0.0000000000
45893  21.560  -12.660  51.652 0.0000000000
45879  22.552  -13.103  52.489 0.0000000000
43986  17.901  -15.872  50.371 0.0000000000
43097  17.986  -16.650  49.527 0.0000000000
60465  37.995  2.605  39.698 0.0000000000
61319  37.029  3.715  39.039 0.0000000000
61310  37.570  3.349  39.232 0.0000000000
62185  37.426  3.970  39.053 0.0000000000
62184  38.053  4.312  39.014 0.0000000000
62196  33.990  4.316  37.748 0.0000000000
63974  35.919  5.877  37.810 0.0000000000
63101  37.226  5.527  38.549 0.0000000000
63972  37.643  6.373  38.417 0.0000000000
64836  36.204  6.929  37.034 0.0000000000
64835  36.794  7.195  37.385 0.0000000000
64841  37.294  7.703  36.839 0.0000000000
43020  18.223  -16.826  57.182 0.0000000000
42143  18.168  -17.701  59.027 0.0000000000
42153  18.260  -17.952  57.886 0.0000000000
41282  17.961  -18.915  58.156 0.0000000000
42126  18.330  -17.594  61.339 0.0000000000
40252  18.318  -19.408  60.672 0.0000000000
39317  18.010  -20.386  58.610 0.0000000000
39304  18.048  -20.333  59.616 0.0000000000
38418  17.861  -21.144  59.456 0.0000000000
43827  26.724  -14.962  61.396 0.0000000000
43845  24.056  -13.839  60.663 0.0000000000
44798  21.004  -14.646  60.363 0.0000000000
44797  22.086  -14.418  60.650 0.0000000000
44809  22.768  -14.216  59.809 0.0000000000
44810  21.628  -14.234  59.622 0.0000000000
44827  21.024  -14.160  58.665 0.0000000000
44848  18.861  -15.258  58.304 0.0000000000
44847  19.476  -14.727  57.992 0.0000000000
43912  18.398  -15.866  56.620 0.0000000000
60468  35.422  1.943  38.927 0.0000000000
57859  35.146  -0.699  39.638 0.0000000000
58760  33.529  0.126  39.286 0.0000000000
59649  32.833  1.330  39.017 0.0000000000
41326  18.075  -18.741  54.675 0.0000000000
37547  16.721  -21.001  53.826 0.0000000000
38482  17.069  -20.759  53.555 0.0000000000
37564  16.842  -21.226  52.947 0.0000000000
37582  16.314  -21.494  51.673 0.0000000000
36623  16.318  -21.864  52.275 0.0000000000
35620  15.895  -22.075  56.101 0.0000000000
35635  15.771  -21.662  55.429 0.0000000000
36554  15.861  -22.375  55.430 0.0000000000
37550  14.562  -22.604  53.647 0.0000000000
37549  14.946  -22.515  53.796 0.0000000000
36607  15.319  -22.404  52.326 0.0000000000
37584  14.250  -22.790  52.054 0.0000000000
37569  13.640  -22.810  52.506 0.0000000000
37553  12.096  -23.125  52.743 0.0000000000
37570  12.752  -23.207  52.108 0.0000000000
37571  12.127  -23.411  52.265 0.0000000000
35606  11.885  -23.384  58.461 0.0000000000
36519  12.145  -23.025  57.554 0.0000000000
34756  9.453  -24.972  57.925 0.0000000000
35609  9.504  -24.730  57.346 0.0000000000
35637  10.163  -24.195  55.607 0.0000000000
35622  10.094  -24.158  56.350 0.0000000000
36558  10.620  -23.590  55.725 0.0000000000
31503  3.479  -29.323  58.477 0.0000000000
31519  3.019  -30.276  57.969 0.0000000000
31533  3.362  -30.475  57.461 0.0000000000
55000  28.611  -3.993  49.943 0.0000000000
52190  27.214  -6.115  50.736 0.0000000000
51285  26.964  -7.466  51.861 0.0000000000
51286  26.688  -7.956  51.414 0.0000000000
50383  26.842  -8.449  50.966 0.0000000000
50352  27.704  -8.432  52.909 0.0000000000
49539  27.482  -9.495  51.277 0.0000000000
47904  29.911  -11.565  47.705 0.0000000000
47869  30.078  -11.399  49.495 0.0000000000
47903  30.606  -11.740  48.012 0.0000000000
47000  30.713  -12.969  45.427 0.0000000000
45033  29.799  -14.314  45.441 0.0000000000
45055  28.762  -14.929  44.364 0.0000000000
43911  29.247  -14.607  57.015 0.0000000000
43894  29.177  -14.695  57.772 0.0000000000
43892  30.533  -15.064  57.353 0.0000000000
43910  29.734  -14.918  56.418 0.0000000000
44899  26.828  -14.514  54.227 0.0000000000
44898  27.969  -14.989  53.897 0.0000000000
43039  29.443  -16.055  54.075 0.0000000000
43932  28.884  -15.754  54.224 0.0000000000
43931  29.455  -15.938  54.516 0.0000000000
43029  30.281  -15.856  55.031 0.0000000000
43037  30.635  -15.986  54.602 0.0000000000
43036  31.052  -15.644  54.836 0.0000000000
43048  31.192  -15.867  54.180 0.0000000000
43966  31.376  -15.435  51.860 0.0000000000
43954  31.496  -15.483  52.700 0.0000000000
45875  32.435  -13.645  52.484 0.0000000000
44936  32.335  -14.236  51.783 0.0000000000
44951  31.943  -14.550  50.567 0.0000000000
44008  30.381  -15.524  49.015 0.0000000000
44963  31.611  -14.682  49.542 0.0000000000
44964  31.097  -15.175  49.042 0.0000000000
44979  31.007  -15.147  48.367 0.0000000000
44022  30.287  -15.485  48.296 0.0000000000
43997  27.644  -15.137  49.614 0.0000000000
44012  26.575  -15.427  48.293 0.0000000000
44025  27.483  -15.408  47.535 0.0000000000
44043  28.491  -15.266  46.839 0.0000000000
45015  28.730  -14.996  45.874 0.0000000000
55926  29.008  -2.822  49.167 0.0000000000
54065  27.201  -4.011  48.153 0.0000000000
55020  28.156  -3.225  48.110 0.0000000000
55031  27.582  -3.453  47.412 0.0000000000
55032  27.064  -3.849  47.372 0.0000000000
52233  25.698  -5.813  48.528 0.0000000000
53171  25.716  -4.833  46.924 0.0000000000
53188  25.624  -4.835  45.961 0.0000000000
54098  25.641  -4.876  44.895 0.0000000000
67249  41.700  10.019  34.401 0.0000000000
67255  42.186  9.820  33.848 0.0000000000
67248  42.426  10.258  34.131 0.0000000000
64856  37.432  7.386  34.739 0.0000000000
56850  29.866  -1.775  48.117 0.0000000000
55946  29.223  -2.279  47.852 0.0000000000
40400  17.706  -19.457  51.118 0.0000000000
41358  17.829  -18.807  51.652 0.0000000000
40399  17.832  -19.593  51.840 0.0000000000
40383  17.785  -19.805  52.759 0.0000000000
44889  18.656  -15.015  56.153 0.0000000000
44888  19.445  -14.467  55.772 0.0000000000
44904  17.957  -15.393  54.160 0.0000000000
43066  17.741  -16.551  52.667 0.0000000000
56881  33.560  -1.345  42.923 0.0000000000
56891  33.913  -1.635  42.502 0.0000000000
55994  33.774  -2.059  41.876 0.0000000000
56007  33.644  -2.385  41.180 0.0000000000
56921  33.611  -2.344  40.388 0.0000000000
35565  16.821  -23.488  58.881 0.0000000000
35566  16.080  -23.431  59.393 0.0000000000
48692  31.008  -11.778  53.105 0.0000000000
48702  30.945  -11.493  52.634 0.0000000000
48713  30.840  -11.273  52.089 0.0000000000
47836  30.782  -11.576  51.479 0.0000000000
46898  31.773  -12.625  50.646 0.0000000000
45891  23.534  -13.112  51.235 0.0000000000
45877  24.457  -13.433  52.014 0.0000000000
45906  24.367  -13.537  49.953 0.0000000000
45905  25.096  -13.925  49.551 0.0000000000
45944  23.668  -13.254  48.521 0.0000000000
50409  26.011  -8.129  49.269 0.0000000000
49570  25.816  -9.112  48.285 0.0000000000
65646  38.728  7.911  37.921 0.0000000000
64827  39.757  7.526  38.710 0.0000000000
67229  40.807  9.612  37.301 0.0000000000
66470  40.153  9.624  36.826 0.0000000000
57828  31.210  -1.170  43.894 0.0000000000
56878  29.763  -1.560  44.278 0.0000000000
55956  28.578  -2.455  45.616 0.0000000000
55959  28.482  -2.311  44.570 0.0000000000
55056  27.421  -3.337  43.483 0.0000000000
58684  33.010  0.334  46.890 0.0000000000
58709  33.011  0.158  45.065 0.0000000000
58719  33.081  -0.066  44.739 0.0000000000
57818  31.770  -0.760  44.448 0.0000000000
37612  16.907  -21.996  50.036 0.0000000000
36643  13.555  -24.019  50.148 0.0000000000
43898  24.699  -13.964  58.360 0.0000000000
45852  20.798  -13.963  54.689 0.0000000000
45837  21.748  -13.970  55.246 0.0000000000
45865  21.604  -13.315  53.629 0.0000000000
45864  22.544  -13.335  53.477 0.0000000000
45894  20.530  -12.787  51.847 0.0000000000
45929  19.500  -12.753  49.678 0.0000000000
44967  18.668  -13.486  50.082 0.0000000000
60467  36.282  2.248  39.092 0.0000000000
61312  36.123  3.028  38.832 0.0000000000
61320  36.379  3.721  38.804 0.0000000000
63104  34.591  4.877  37.748 0.0000000000
63108  34.312  5.288  37.228 0.0000000000
64843  36.014  6.784  36.453 0.0000000000
44812  20.217  -14.788  59.605 0.0000000000
44830  18.975  -15.382  59.179 0.0000000000
58753  36.682  -0.148  40.120 0.0000000000
40349  17.868  -19.661  55.028 0.0000000000
39353  17.424  -20.257  55.325 0.0000000000
38473  16.961  -20.664  54.546 0.0000000000
36587  16.315  -21.252  54.071 0.0000000000
37498  14.448  -22.532  55.901 0.0000000000
37516  14.838  -22.423  55.019 0.0000000000
37534  14.002  -22.606  54.343 0.0000000000
37551  13.813  -22.648  53.405 0.0000000000
36590  11.468  -23.296  53.361 0.0000000000
35587  11.784  -24.060  59.320 0.0000000000
35607  11.128  -23.912  58.259 0.0000000000
35623  9.498  -24.613  56.659 0.0000000000
52173  27.289  -6.499  51.345 0.0000000000
52163  27.983  -6.660  52.401 0.0000000000
48695  29.042  -10.331  53.215 0.0000000000
49530  28.309  -9.703  52.657 0.0000000000
47854  28.597  -11.212  50.130 0.0000000000
46936  31.204  -12.031  48.406 0.0000000000
44823  28.146  -14.170  57.776 0.0000000000
44912  27.731  -15.291  53.228 0.0000000000
43944  28.162  -15.725  53.393 0.0000000000
43052  28.580  -15.927  53.207 0.0000000000
43063  29.797  -15.912  52.801 0.0000000000
43062  30.616  -15.973  52.987 0.0000000000
43967  30.654  -15.799  51.562 0.0000000000
43980  30.669  -15.777  50.710 0.0000000000
43993  31.310  -15.281  50.297 0.0000000000
43995  29.630  -15.716  49.799 0.0000000000
44045  26.537  -15.418  46.174 0.0000000000
55008  28.412  -3.615  49.164 0.0000000000
55009  27.914  -4.003  48.851 0.0000000000
52247  24.840  -6.361  46.916 0.0000000000
53152  25.265  -5.544  47.251 0.0000000000
66484  40.568  9.450  34.261 0.0000000000
67250  40.901  9.911  34.732 0.0000000000
55035  27.449  -3.412  46.122 0.0000000000
38531  17.561  -21.370  49.885 0.0000000000
39435  17.652  -20.135  50.631 0.0000000000
37583  15.931  -21.586  51.079 0.0000000000
44844  22.382  -14.075  57.759 0.0000000000
44867  21.481  -14.166  56.715 0.0000000000
44901  20.280  -14.171  54.787 0.0000000000
44928  18.843  -13.920  52.607 0.0000000000
44941  18.212  -14.455  51.721 0.0000000000
43076  17.693  -16.566  51.818 0.0000000000
61322  34.431  3.541  38.350 0.0000000000
61323  33.526  3.385  38.109 0.0000000000
43833  18.570  -16.015  61.587 0.0000000000
57834  35.366  -1.655  42.173 0.0000000000
57849  35.804  -1.830  41.493 0.0000000000
56931  33.427  -1.829  39.764 0.0000000000
37482  17.926  -22.143  57.066 0.0000000000
37494  17.266  -21.645  56.384 0.0000000000
36513  17.127  -22.355  56.823 0.0000000000
35602  16.392  -22.538  56.911 0.0000000000
35621  15.718  -22.371  56.386 0.0000000000
36535  14.944  -22.375  56.145 0.0000000000
36536  14.379  -22.582  56.468 0.0000000000
37500  13.416  -22.657  56.034 0.0000000000
34744  9.756  -25.138  58.786 0.0000000000
34745  9.172  -25.297  58.345 0.0000000000
34778  8.494  -25.812  55.581 0.0000000000
34789  8.563  -26.194  54.796 0.0000000000
48694  29.525  -10.691  53.591 0.0000000000
47838  29.571  -11.368  51.082 0.0000000000
47868  30.909  -11.627  49.632 0.0000000000
46915  31.206  -11.774  48.993 0.0000000000
45961  31.555  -13.874  47.413 0.0000000000
45832  25.975  -13.784  55.082 0.0000000000
44900  26.130  -14.254  54.120 0.0000000000
44914  26.112  -14.320  53.439 0.0000000000
44926  26.722  -14.898  51.788 0.0000000000
43971  27.170  -15.142  51.290 0.0000000000
43983  27.830  -15.187  50.638 0.0000000000
43984  26.942  -15.147  50.380 0.0000000000
44965  25.946  -15.077  49.529 0.0000000000
45923  25.025  -13.895  48.661 0.0000000000
44980  25.242  -14.478  48.250 0.0000000000
44998  25.141  -14.629  47.533 0.0000000000
53120  26.658  -5.320  49.490 0.0000000000
52222  25.475  -6.540  48.620 0.0000000000
51334  25.668  -7.267  48.912 0.0000000000
51335  25.261  -7.269  48.225 0.0000000000
51343  24.898  -7.213  47.460 0.0000000000
67235  40.490  9.833  36.721 0.0000000000
67244  40.559  10.020  35.650 0.0000000000
55974  32.200  -2.122  41.852 0.0000000000
55976  29.906  -2.245  42.446 0.0000000000
55963  28.778  -2.287  43.344 0.0000000000
58682  34.721  0.807  47.440 0.0000000000
57815  34.193  -0.393  43.860 0.0000000000
57825  33.554  -1.010  43.360 0.0000000000
56892  32.957  -1.618  42.545 0.0000000000
43895  26.850  -13.787  57.828 0.0000000000
44840  26.235  -13.919  57.232 0.0000000000
45823  25.302  -13.683  55.749 0.0000000000
44865  23.520  -14.199  56.694 0.0000000000
44884  23.383  -14.156  55.768 0.0000000000
44864  24.387  -13.985  56.356 0.0000000000
45824  24.839  -13.747  56.002 0.0000000000
45833  25.234  -13.795  55.007 0.0000000000
45878  23.522  -13.265  52.276 0.0000000000
45927  21.768  -12.938  49.410 0.0000000000
44000  18.086  -15.331  49.845 0.0000000000
48734  26.757  -10.147  49.057 0.0000000000
63092  38.731  4.771  39.010 0.0000000000
62194  35.860  4.517  38.454 0.0000000000
63099  38.964  5.872  38.874 0.0000000000
63971  38.565  6.452  38.622 0.0000000000
64829  38.039  7.182  38.235 0.0000000000
64833  38.378  7.697  37.863 0.0000000000
65657  38.380  8.669  36.227 0.0000000000
65658  37.811  8.143  36.489 0.0000000000
43040  18.047  -16.722  54.775 0.0000000000
40313  17.849  -19.675  56.937 0.0000000000
39330  18.115  -20.503  57.621 0.0000000000
42992  18.350  -16.675  60.959 0.0000000000
42134  18.251  -17.437  60.189 0.0000000000
41249  18.196  -18.574  59.846 0.0000000000
40284  17.987  -19.586  58.793 0.0000000000
38447  18.091  -21.388  57.365 0.0000000000
36479  17.544  -22.763  58.833 0.0000000000
36465  17.676  -22.932  59.879 0.0000000000
35553  17.351  -23.339  59.417 0.0000000000
43862  24.518  -13.834  59.735 0.0000000000
43846  23.438  -14.133  60.268 0.0000000000
44828  20.219  -14.531  58.722 0.0000000000
56010  30.972  -3.096  40.693 0.0000000000
59643  38.270  2.102  40.102 0.0000000000
58756  37.043  1.118  40.099 0.0000000000
59645  36.718  1.582  39.716 0.0000000000
60480  32.949  2.482  38.574 0.0000000000
39396  17.396  -20.633  52.548 0.0000000000
39380  17.431  -20.418  53.268 0.0000000000
38495  17.114  -21.097  51.991 0.0000000000
36640  15.662  -21.995  50.974 0.0000000000
37512  16.514  -21.070  55.876 0.0000000000
36569  16.210  -21.023  54.709 0.0000000000
36588  16.142  -21.701  53.790 0.0000000000
37532  14.945  -22.413  54.665 0.0000000000
37548  15.409  -22.361  53.794 0.0000000000
36625  15.261  -22.341  51.468 0.0000000000
36626  14.547  -22.974  51.287 0.0000000000
36627  13.630  -23.460  50.993 0.0000000000
37586  13.130  -23.397  51.522 0.0000000000
36518  13.202  -22.962  57.793 0.0000000000
36538  12.657  -22.812  56.345 0.0000000000
35589  10.386  -24.641  58.446 0.0000000000
35608  10.209  -24.355  57.678 0.0000000000
36521  10.821  -23.829  57.647 0.0000000000
36573  11.655  -23.022  54.267 0.0000000000
36591  10.938  -23.877  53.104 0.0000000000
36611  11.100  -24.028  52.673 0.0000000000
32350  4.355  -28.842  57.546 0.0000000000
31532  3.944  -30.254  56.888 0.0000000000
56839  30.788  -1.787  49.375 0.0000000000
54025  27.770  -4.620  50.031 0.0000000000
52174  26.865  -6.938  51.114 0.0000000000
51274  27.504  -7.587  52.715 0.0000000000
50382  27.196  -8.740  51.328 0.0000000000
49559  26.811  -9.872  49.771 0.0000000000
47891  28.072  -11.258  48.460 0.0000000000
47001  30.326  -12.662  45.184 0.0000000000
46031  30.268  -13.286  44.552 0.0000000000
43857  29.336  -15.178  59.404 0.0000000000
43875  29.608  -15.077  58.481 0.0000000000
43874  30.454  -15.130  58.352 0.0000000000
43908  31.253  -15.118  56.229 0.0000000000
44897  28.550  -15.343  54.119 0.0000000000
44880  28.833  -14.954  54.737 0.0000000000
44859  29.337  -14.959  55.439 0.0000000000
43921  30.578  -15.396  55.529 0.0000000000
43920  31.353  -15.243  55.283 0.0000000000
43061  31.160  -15.878  53.452 0.0000000000
43941  32.079  -15.062  53.375 0.0000000000
44910  32.264  -14.585  53.406 0.0000000000
46897  32.101  -13.048  51.147 0.0000000000
44995  31.423  -14.530  47.972 0.0000000000
44010  28.529  -15.208  48.791 0.0000000000
44023  29.543  -15.414  47.901 0.0000000000
44997  30.050  -15.335  46.975 0.0000000000
45014  29.649  -14.984  46.323 0.0000000000
44063  27.488  -15.388  45.374 0.0000000000
45035  28.169  -14.987  44.941 0.0000000000
55935  29.374  -2.277  48.716 0.0000000000
55042  26.867  -3.995  45.667 0.0000000000
54047  26.704  -4.725  49.004 0.0000000000
54066  26.672  -4.537  48.442 0.0000000000
54079  26.614  -4.278  47.485 0.0000000000
65664  38.531  8.622  35.322 0.0000000000
64855  38.281  7.767  34.445 0.0000000000
33178  5.802  -28.112  56.698 0.0000000000
34799  10.107  -25.222  53.415 0.0000000000
35601  16.386  -22.117  56.297 0.0000000000
35619  15.838  -21.552  55.896 0.0000000000
35634  15.543  -21.281  55.331 0.0000000000
35636  15.727  -22.035  56.147 0.0000000000
35650  15.700  -21.008  54.808 0.0000000000
35651  15.727  -21.229  54.753 0.0000000000
35652  15.754  -21.833  54.943 0.0000000000
35667  15.904  -21.596  54.117 0.0000000000
36494  17.499  -22.743  57.871 0.0000000000
36495  17.202  -22.967  57.936 0.0000000000
36515  15.320  -22.463  56.528 0.0000000000
36533  15.959  -22.544  55.661 0.0000000000
36552  16.081  -20.907  55.210 0.0000000000
36553  16.164  -22.730  55.567 0.0000000000
36555  15.623  -22.464  55.407 0.0000000000
36570  16.130  -21.354  54.147 0.0000000000
36571  15.574  -22.075  54.672 0.0000000000
36572  15.202  -22.100  54.915 0.0000000000
36589  15.807  -22.092  53.780 0.0000000000
36604  16.526  -21.378  53.449 0.0000000000
36609  12.237  -23.577  51.981 0.0000000000
37495  15.943  -22.812  55.732 0.0000000000
37496  15.695  -22.480  55.479 0.0000000000
37497  14.931  -22.290  55.387 0.0000000000
37513  16.126  -22.765  55.451 0.0000000000
37514  15.930  -22.585  55.544 0.0000000000
37515  15.035  -22.506  55.111 0.0000000000
37531  15.406  -22.256  54.459 0.0000000000
37565  16.567  -21.521  52.331 0.0000000000
37566  15.315  -22.439  53.276 0.0000000000
37567  15.104  -22.484  53.063 0.0000000000
38490  17.126  -20.899  52.735 0.0000000000
38530  17.335  -21.170  50.653 0.0000000000
43027  30.991  -15.569  55.073 0.0000000000
43038  29.971  -16.068  54.434 0.0000000000
43049  30.577  -16.088  53.862 0.0000000000
43051  29.143  -16.008  53.465 0.0000000000
43054  17.884  -16.634  53.356 0.0000000000
43065  28.332  -15.896  52.819 0.0000000000
43073  30.347  -15.799  52.289 0.0000000000
43075  29.077  -15.758  51.651 0.0000000000
43084  29.618  -15.998  51.223 0.0000000000
43085  29.342  -15.891  51.058 0.0000000000
43847  19.209  -15.580  60.287 0.0000000000
43864  19.140  -15.536  59.828 0.0000000000
43923  29.166  -15.465  54.800 0.0000000000
43930  31.545  -15.324  54.526 0.0000000000
43943  28.622  -15.897  53.614 0.0000000000
43945  27.676  -15.411  52.826 0.0000000000
43946  17.715  -15.998  53.175 0.0000000000
43953  32.037  -15.130  53.081 0.0000000000
43956  28.505  -15.763  52.285 0.0000000000
43972  17.929  -14.977  51.370 0.0000000000
43979  31.360  -15.371  51.054 0.0000000000
43999  25.996  -15.276  48.879 0.0000000000
44814  19.085  -15.488  59.592 0.0000000000
44824  27.938  -14.084  58.059 0.0000000000
44879  29.256  -15.292  55.049 0.0000000000
44925  31.807  -15.200  52.100 0.0000000000
44942  17.936  -14.898  51.876 0.0000000000
44950  32.261  -14.177  51.190 0.0000000000
44952  26.248  -15.003  50.235 0.0000000000
45822  25.707  -13.703  55.496 0.0000000000
45853  20.165  -14.114  54.471 0.0000000000
45963  24.833  -14.113  47.307 0.0000000000
45982  31.137  -13.681  46.257 0.0000000000
55066  28.144  -3.217  42.059 0.0000000000
55993  34.158  -2.112  41.769 0.0000000000
56006  34.144  -2.228  41.529 0.0000000000
56889  35.152  -1.880  42.069 0.0000000000
