#!ascii label  , from subject sub-01 vox2ras=TkReg
1536
29837  9.723  -31.709  58.896 0.0000000000
50538  36.888  -8.141  40.733 0.0000000000
40414  24.603  -19.062  50.587 0.0000000000
39347  33.928  -20.328  56.027 0.0000000000
35711  20.433  -24.525  50.267 0.0000000000
30658  18.161  -30.264  61.527 0.0000000000
60511  41.089  2.321  35.417 0.0000000000
55971  44.971  -2.709  42.278 0.0000000000
49578  35.380  -9.423  47.034 0.0000000000
61435  43.558  3.709  29.396 0.0000000000
39352  22.957  -20.372  55.412 0.0000000000
30678  13.544  -30.791  60.358 0.0000000000
56952  44.435  -1.582  37.748 0.0000000000
56038  38.783  -2.957  37.145 0.0000000000
52259  37.851  -6.612  45.093 0.0000000000
52228  43.220  -5.728  47.126 0.0000000000
51396  33.454  -7.460  43.836 0.0000000000
41390  31.485  -18.357  48.626 0.0000000000
39393  28.961  -20.471  52.618 0.0000000000
35618  21.941  -25.216  56.271 0.0000000000
30655  21.751  -30.452  61.407 0.0000000000
32367  19.165  -28.332  55.707 0.0000000000
32384  14.370  -28.552  54.816 0.0000000000
39453  21.816  -19.734  49.833 0.0000000000
61345  47.288  3.720  35.620 0.0000000000
58771  47.708  0.630  38.517 0.0000000000
54120  40.954  -4.800  41.976 0.0000000000
51324  33.389  -7.318  48.846 0.0000000000
43965  34.880  -15.475  51.629 0.0000000000
60553  41.210  2.882  32.585 0.0000000000
63160  46.915  5.934  32.399 0.0000000000
63181  50.073  6.777  29.713 0.0000000000
37467  22.876  -22.791  58.800 0.0000000000
30694  11.639  -31.155  59.460 0.0000000000
29773  13.221  -31.809  65.292 0.0000000000
29786  10.733  -32.470  64.538 0.0000000000
56987  37.701  -0.936  36.084 0.0000000000
54088  38.201  -5.740  47.285 0.0000000000
54060  40.569  -4.937  48.538 0.0000000000
27224  4.690  -34.521  62.479 0.0000000000
50504  32.862  -8.553  42.283 0.0000000000
40487  25.536  -19.147  47.836 0.0000000000
40434  28.314  -20.146  49.116 0.0000000000
40395  26.375  -19.822  51.699 0.0000000000
35666  21.404  -24.832  53.142 0.0000000000
33986  20.868  -27.249  55.947 0.0000000000
34012  20.228  -26.334  52.766 0.0000000000
37611  21.576  -22.374  49.426 0.0000000000
37563  22.302  -22.354  52.315 0.0000000000
30656  20.735  -30.762  61.893 0.0000000000
61349  43.266  3.529  35.480 0.0000000000
59668  47.939  1.767  37.806 0.0000000000
58789  46.551  0.789  36.704 0.0000000000
56918  44.099  -1.912  39.928 0.0000000000
56916  46.125  -1.124  40.664 0.0000000000
52351  36.287  -6.426  38.585 0.0000000000
54159  37.915  -5.376  39.121 0.0000000000
52321  39.319  -6.372  41.803 0.0000000000
50455  31.023  -8.427  45.801 0.0000000000
52267  30.336  -7.042  45.229 0.0000000000
50419  34.532  -8.716  48.751 0.0000000000
39389  32.852  -20.447  52.769 0.0000000000
42200  33.069  -17.528  50.067 0.0000000000
41331  34.326  -18.545  53.476 0.0000000000
60532  39.390  2.594  34.660 0.0000000000
60545  39.376  3.305  32.948 0.0000000000
61362  41.160  3.449  34.696 0.0000000000
62248  42.427  4.513  34.360 0.0000000000
63205  47.915  5.120  28.167 0.0000000000
62296  47.507  4.017  29.398 0.0000000000
63168  47.999  6.018  31.682 0.0000000000
61399  45.809  3.206  31.339 0.0000000000
41336  22.913  -18.517  52.690 0.0000000000
41333  25.061  -18.944  53.560 0.0000000000
41297  24.024  -18.901  55.760 0.0000000000
30660  16.028  -30.675  61.417 0.0000000000
30622  17.757  -31.450  64.556 0.0000000000
30625  15.409  -31.227  64.926 0.0000000000
59692  38.756  1.507  35.123 0.0000000000
57900  43.856  -0.544  35.465 0.0000000000
56984  40.805  -1.045  35.910 0.0000000000
56049  41.385  -2.629  36.806 0.0000000000
55097  42.025  -3.223  39.873 0.0000000000
50483  38.277  -8.370  43.274 0.0000000000
50481  39.750  -7.765  43.598 0.0000000000
52256  40.437  -6.577  46.168 0.0000000000
47927  34.770  -11.831  45.849 0.0000000000
40303  35.391  -18.803  57.177 0.0000000000
28924  8.037  -32.560  58.242 0.0000000000
28876  8.249  -32.686  63.856 0.0000000000
28037  6.396  -33.567  62.631 0.0000000000
50553  34.526  -8.962  39.620 0.0000000000
50502  35.321  -8.695  42.385 0.0000000000
51378  35.862  -7.133  44.089 0.0000000000
53184  35.098  -5.759  46.070 0.0000000000
40483  29.107  -19.236  47.104 0.0000000000
39428  30.256  -20.298  50.682 0.0000000000
38471  32.034  -21.186  54.480 0.0000000000
40344  28.227  -19.942  54.933 0.0000000000
40306  30.651  -19.984  56.634 0.0000000000
34739  22.538  -25.553  59.059 0.0000000000
33132  23.206  -28.413  61.326 0.0000000000
33149  21.866  -27.517  59.728 0.0000000000
31495  20.494  -29.056  58.727 0.0000000000
30687  18.224  -29.928  58.740 0.0000000000
33222  17.779  -27.933  52.347 0.0000000000
31556  16.888  -29.175  54.691 0.0000000000
30722  15.942  -30.496  57.559 0.0000000000
31514  14.180  -29.694  57.505 0.0000000000
31530  11.846  -30.155  56.440 0.0000000000
30738  10.099  -31.117  56.546 0.0000000000
41411  23.343  -17.391  47.446 0.0000000000
43117  21.101  -16.755  47.652 0.0000000000
41370  22.245  -17.949  50.484 0.0000000000
38489  22.491  -20.819  52.714 0.0000000000
36551  22.559  -23.358  55.942 0.0000000000
57867  49.125  0.159  39.337 0.0000000000
57870  45.865  -0.729  38.575 0.0000000000
55124  37.293  -3.786  37.400 0.0000000000
54156  40.320  -3.924  39.454 0.0000000000
54118  43.158  -3.919  42.564 0.0000000000
52274  42.667  -6.586  44.786 0.0000000000
54103  44.805  -4.492  44.609 0.0000000000
51399  30.550  -7.139  43.478 0.0000000000
52281  32.271  -6.553  44.856 0.0000000000
53117  35.807  -5.945  49.735 0.0000000000
44019  34.027  -14.981  48.170 0.0000000000
46912  36.066  -12.467  49.319 0.0000000000
43035  35.536  -16.608  54.942 0.0000000000
45858  36.497  -13.828  53.209 0.0000000000
48723  37.555  -10.937  50.979 0.0000000000
49529  37.556  -9.455  52.783 0.0000000000
51271  37.205  -7.678  53.582 0.0000000000
60575  42.506  3.087  31.099 0.0000000000
61389  43.664  3.664  32.900 0.0000000000
64017  44.943  6.467  34.395 0.0000000000
36478  23.136  -23.888  60.098 0.0000000000
29830  10.766  -31.543  59.605 0.0000000000
29806  11.276  -31.982  62.565 0.0000000000
29816  10.556  -31.923  61.811 0.0000000000
54089  37.733  -5.914  47.571 0.0000000000
54041  39.179  -5.640  49.057 0.0000000000
26422  4.486  -36.040  59.330 0.0000000000
40461  24.874  -18.933  48.726 0.0000000000
40436  26.287  -19.837  49.765 0.0000000000
40413  25.375  -19.565  50.637 0.0000000000
35696  20.840  -24.742  51.358 0.0000000000
34809  20.495  -25.568  52.098 0.0000000000
34822  20.225  -25.342  51.149 0.0000000000
38567  21.025  -21.511  47.340 0.0000000000
36655  21.110  -23.171  49.347 0.0000000000
35695  21.550  -23.988  51.538 0.0000000000
30657  19.412  -30.251  61.717 0.0000000000
30634  19.325  -30.774  63.686 0.0000000000
60509  42.985  2.350  35.386 0.0000000000
59686  45.505  1.824  35.166 0.0000000000
58823  44.621  0.905  35.040 0.0000000000
56003  44.796  -1.960  41.118 0.0000000000
56908  45.566  -1.585  41.076 0.0000000000
51449  36.812  -7.567  39.933 0.0000000000
52341  37.287  -6.773  39.741 0.0000000000
51430  38.179  -7.291  41.452 0.0000000000
50452  33.733  -9.331  45.554 0.0000000000
50442  32.862  -8.598  46.561 0.0000000000
50443  31.871  -8.288  46.598 0.0000000000
50430  34.994  -9.047  47.869 0.0000000000
38478  33.301  -20.774  54.562 0.0000000000
40359  33.775  -19.448  53.413 0.0000000000
39360  34.353  -19.678  55.285 0.0000000000
60512  40.376  2.448  35.175 0.0000000000
61363  40.236  3.010  34.506 0.0000000000
61352  40.580  3.043  34.996 0.0000000000
62224  42.059  4.064  35.294 0.0000000000
61447  46.198  3.624  28.919 0.0000000000
61433  45.473  3.264  29.535 0.0000000000
61413  46.733  3.524  30.500 0.0000000000
61415  44.792  2.996  30.188 0.0000000000
40348  22.868  -19.230  54.190 0.0000000000
41324  23.536  -18.658  54.016 0.0000000000
40328  23.337  -19.320  55.307 0.0000000000
30677  14.436  -30.704  60.376 0.0000000000
30646  15.707  -30.759  62.386 0.0000000000
30639  14.485  -31.365  63.134 0.0000000000
29762  12.496  -31.941  66.335 0.0000000000
29761  13.575  -32.040  65.951 0.0000000000
58809  38.012  0.685  35.363 0.0000000000
57903  40.395  -0.169  35.695 0.0000000000
57905  38.343  -0.167  35.701 0.0000000000
56052  38.475  -2.314  36.815 0.0000000000
56050  40.375  -2.570  36.636 0.0000000000
56036  40.599  -3.193  37.245 0.0000000000
56022  42.556  -2.892  38.861 0.0000000000
55119  41.144  -3.362  38.468 0.0000000000
50467  37.486  -8.135  43.959 0.0000000000
51374  39.327  -7.758  44.600 0.0000000000
52258  38.883  -6.513  45.543 0.0000000000
59708  37.619  2.119  34.556 0.0000000000
28901  7.377  -33.094  60.752 0.0000000000
28051  6.576  -33.862  60.530 0.0000000000
49658  33.471  -9.316  39.842 0.0000000000
50523  35.703  -8.915  41.541 0.0000000000
49637  33.992  -9.463  40.852 0.0000000000
50487  34.411  -7.847  42.952 0.0000000000
51395  34.493  -7.593  43.537 0.0000000000
52278  35.310  -6.780  44.809 0.0000000000
52279  34.370  -6.881  44.912 0.0000000000
40509  28.166  -19.196  46.546 0.0000000000
39430  28.299  -20.386  50.669 0.0000000000
39429  29.288  -20.336  50.462 0.0000000000
39408  29.663  -20.558  51.513 0.0000000000
39391  31.126  -20.756  52.346 0.0000000000
39363  30.524  -20.787  54.288 0.0000000000
41322  25.456  -18.954  54.621 0.0000000000
40346  26.208  -19.649  54.502 0.0000000000
40327  26.965  -19.524  55.960 0.0000000000
40293  30.318  -19.941  57.718 0.0000000000
39326  32.026  -20.882  57.497 0.0000000000
34765  22.177  -25.208  57.532 0.0000000000
33960  22.319  -26.472  59.523 0.0000000000
33972  21.807  -26.546  58.422 0.0000000000
33175  20.133  -27.876  56.227 0.0000000000
32346  20.574  -28.134  57.468 0.0000000000
32347  19.772  -28.642  57.354 0.0000000000
31485  19.139  -29.615  59.086 0.0000000000
31510  19.098  -29.119  57.544 0.0000000000
34035  18.562  -26.900  51.202 0.0000000000
32400  14.885  -28.392  53.919 0.0000000000
33208  16.346  -28.351  52.870 0.0000000000
32383  15.522  -28.954  54.910 0.0000000000
31525  16.369  -29.914  56.380 0.0000000000
31545  15.124  -29.375  56.247 0.0000000000
31513  15.057  -30.052  57.651 0.0000000000
32358  14.123  -28.918  56.200 0.0000000000
30736  11.278  -30.601  56.207 0.0000000000
41433  23.778  -17.844  46.632 0.0000000000
42257  22.774  -16.643  46.713 0.0000000000
40464  21.555  -19.143  48.711 0.0000000000
42226  21.247  -17.399  48.508 0.0000000000
43094  21.943  -16.953  48.870 0.0000000000
40416  21.729  -18.490  49.906 0.0000000000
40398  22.016  -18.718  51.187 0.0000000000
39433  21.859  -19.602  50.607 0.0000000000
35649  21.962  -24.442  54.609 0.0000000000
36585  22.430  -22.990  53.938 0.0000000000
35632  22.334  -24.069  56.147 0.0000000000
35600  22.454  -24.583  58.062 0.0000000000
31471  22.665  -29.265  61.231 0.0000000000
28863  7.525  -32.783  65.254 0.0000000000
28855  8.284  -32.573  66.263 0.0000000000
60495  48.427  2.951  36.909 0.0000000000
59660  47.882  1.216  38.232 0.0000000000
59659  48.472  1.319  38.639 0.0000000000
58770  48.772  0.814  39.296 0.0000000000
57868  48.139  0.073  39.254 0.0000000000
56981  44.221  -1.183  36.009 0.0000000000
56958  45.443  -0.756  37.251 0.0000000000
56951  45.235  -0.973  37.793 0.0000000000
56926  46.827  -0.740  40.177 0.0000000000
54137  39.528  -5.122  40.835 0.0000000000
54158  38.598  -5.021  39.401 0.0000000000
54136  40.118  -4.755  41.217 0.0000000000
54135  41.336  -4.126  41.071 0.0000000000
54119  42.321  -4.359  42.215 0.0000000000
51348  42.037  -6.999  46.086 0.0000000000
51372  41.552  -7.152  44.687 0.0000000000
52255  42.737  -6.663  45.672 0.0000000000
51400  29.563  -7.388  43.791 0.0000000000
52232  32.183  -6.816  47.018 0.0000000000
52282  31.364  -6.627  44.812 0.0000000000
53170  32.975  -6.011  46.525 0.0000000000
53169  33.662  -5.823  46.653 0.0000000000
52218  34.076  -6.242  48.732 0.0000000000
42238  30.680  -17.901  46.943 0.0000000000
42222  32.209  -17.497  48.204 0.0000000000
43072  34.043  -16.717  51.031 0.0000000000
43093  33.582  -16.513  49.310 0.0000000000
43991  34.482  -15.360  49.894 0.0000000000
45940  34.916  -13.751  48.643 0.0000000000
44948  35.360  -14.395  50.768 0.0000000000
42158  35.851  -17.402  56.406 0.0000000000
46853  37.416  -12.439  53.461 0.0000000000
46864  37.061  -12.486  52.264 0.0000000000
47819  37.964  -11.213  52.885 0.0000000000
49545  37.817  -9.824  51.223 0.0000000000
48701  38.107  -10.615  53.295 0.0000000000
60554  40.208  3.085  32.525 0.0000000000
60564  41.764  3.089  31.713 0.0000000000
60550  44.085  2.905  32.235 0.0000000000
61390  42.476  3.352  32.912 0.0000000000
63126  43.807  5.296  35.453 0.0000000000
63151  43.371  5.518  34.360 0.0000000000
63124  45.526  5.555  35.362 0.0000000000
63123  46.549  5.848  35.136 0.0000000000
63193  49.098  5.733  29.285 0.0000000000
63159  47.811  6.451  32.272 0.0000000000
64026  47.920  6.772  32.789 0.0000000000
64014  47.712  6.849  33.588 0.0000000000
38446  22.921  -22.006  57.591 0.0000000000
38456  23.149  -20.851  57.168 0.0000000000
38430  23.262  -21.761  58.638 0.0000000000
30679  12.593  -31.182  60.431 0.0000000000
29793  13.706  -31.656  62.782 0.0000000000
29794  12.919  -31.838  63.163 0.0000000000
29774  12.125  -31.977  65.432 0.0000000000
29763  11.451  -31.982  66.420 0.0000000000
56966  37.089  -1.677  36.488 0.0000000000
56053  37.508  -2.444  36.878 0.0000000000
53181  38.329  -5.818  45.861 0.0000000000
53164  38.862  -5.541  46.510 0.0000000000
54087  38.831  -5.385  47.072 0.0000000000
52206  40.373  -6.129  49.522 0.0000000000
27243  5.633  -34.720  60.398 0.0000000000
27244  4.909  -35.169  60.828 0.0000000000
26402  3.405  -35.339  61.934 0.0000000000
49639  32.766  -9.323  40.697 0.0000000000
51414  32.146  -7.860  42.893 0.0000000000
40485  27.114  -19.696  47.609 0.0000000000
40459  26.776  -19.819  48.571 0.0000000000
39451  26.995  -20.328  50.134 0.0000000000
39410  27.809  -20.263  51.581 0.0000000000
34786  21.573  -25.544  54.782 0.0000000000
33985  21.277  -26.696  56.209 0.0000000000
34002  21.179  -26.178  54.497 0.0000000000
34003  20.563  -26.758  54.140 0.0000000000
33194  19.744  -27.614  54.585 0.0000000000
32385  13.410  -28.545  54.660 0.0000000000
32402  12.952  -28.255  53.851 0.0000000000
39476  21.340  -20.536  47.523 0.0000000000
38549  21.948  -20.748  49.076 0.0000000000
37595  22.248  -21.711  51.084 0.0000000000
36622  21.843  -23.062  51.242 0.0000000000
35680  21.716  -24.170  52.665 0.0000000000
30671  20.928  -30.133  60.933 0.0000000000
61347  45.136  3.660  35.331 0.0000000000
60496  47.565  2.760  36.325 0.0000000000
59684  47.011  2.277  36.068 0.0000000000
58788  47.272  1.357  37.225 0.0000000000
58782  46.877  0.519  37.700 0.0000000000
56939  44.162  -1.751  38.613 0.0000000000
56938  45.101  -1.258  38.693 0.0000000000
56917  44.984  -1.693  40.355 0.0000000000
56907  46.452  -1.308  41.440 0.0000000000
53275  36.101  -5.054  37.638 0.0000000000
53254  37.378  -5.939  39.107 0.0000000000
53243  38.431  -5.831  40.170 0.0000000000
53217  40.301  -5.717  42.391 0.0000000000
52227  43.677  -5.633  46.973 0.0000000000
50472  29.375  -8.381  44.563 0.0000000000
51381  29.640  -7.540  44.628 0.0000000000
51366  30.031  -7.451  45.216 0.0000000000
50433  31.889  -7.814  46.986 0.0000000000
50421  33.230  -7.915  48.791 0.0000000000
40408  32.012  -19.157  50.643 0.0000000000
42201  32.524  -17.981  49.971 0.0000000000
41354  32.925  -18.709  51.192 0.0000000000
42185  33.650  -17.890  51.768 0.0000000000
42176  34.750  -17.543  53.231 0.0000000000
61365  38.321  3.169  34.032 0.0000000000
62250  38.047  4.754  33.315 0.0000000000
61379  39.096  3.243  33.434 0.0000000000
61378  40.005  2.901  33.704 0.0000000000
61377  41.400  3.369  33.713 0.0000000000
62249  41.620  3.931  34.481 0.0000000000
62223  42.795  4.374  35.441 0.0000000000
62319  46.525  4.864  27.747 0.0000000000
62306  47.957  4.598  28.736 0.0000000000
62281  48.612  5.354  30.092 0.0000000000
64050  49.631  6.831  30.754 0.0000000000
62266  48.275  5.372  30.863 0.0000000000
62267  47.345  4.667  31.378 0.0000000000
62256  46.673  4.804  31.924 0.0000000000
41355  24.081  -18.621  51.438 0.0000000000
40381  24.867  -19.326  52.191 0.0000000000
41334  24.280  -18.633  53.358 0.0000000000
41323  24.445  -18.701  54.308 0.0000000000
41295  25.937  -18.812  56.819 0.0000000000
30659  17.046  -30.564  61.462 0.0000000000
30635  18.295  -30.642  63.602 0.0000000000
30636  17.264  -30.687  63.519 0.0000000000
30624  16.204  -31.055  65.118 0.0000000000
29772  14.480  -31.652  65.130 0.0000000000
29760  14.732  -31.976  65.309 0.0000000000
59690  40.580  1.582  35.412 0.0000000000
58803  43.512  0.409  35.237 0.0000000000
58806  40.940  0.749  35.609 0.0000000000
56983  41.935  -1.181  35.824 0.0000000000
56961  42.238  -1.929  36.410 0.0000000000
56986  38.703  -0.973  35.996 0.0000000000
56962  41.139  -1.880  36.274 0.0000000000
56047  43.028  -2.442  37.615 0.0000000000
56021  43.215  -2.507  39.105 0.0000000000
56014  43.436  -2.368  39.867 0.0000000000
55992  43.453  -2.863  41.158 0.0000000000
50500  37.515  -8.478  42.432 0.0000000000
50499  38.569  -7.994  42.397 0.0000000000
50465  38.908  -8.295  44.006 0.0000000000
51361  40.490  -7.140  45.818 0.0000000000
52241  41.803  -6.282  46.732 0.0000000000
53163  39.718  -5.497  46.624 0.0000000000
53144  41.119  -5.115  47.356 0.0000000000
53142  42.888  -5.193  47.743 0.0000000000
48760  35.332  -10.857  46.334 0.0000000000
40291  34.898  -19.767  57.267 0.0000000000
61366  37.262  3.627  34.144 0.0000000000
60534  37.640  2.633  34.334 0.0000000000
60514  38.676  2.154  34.765 0.0000000000
64063  43.161  6.318  29.544 0.0000000000
63183  42.208  5.913  30.257 0.0000000000
29838  8.944  -32.178  59.429 0.0000000000
29825  9.022  -32.220  61.588 0.0000000000
28900  8.296  -32.646  61.120 0.0000000000
28885  7.667  -32.840  62.635 0.0000000000
28020  6.108  -33.257  64.781 0.0000000000
28038  5.495  -34.127  62.348 0.0000000000
51450  35.953  -7.789  39.397 0.0000000000
51452  34.164  -8.164  39.173 0.0000000000
50552  35.505  -8.596  39.885 0.0000000000
50522  36.745  -8.625  41.551 0.0000000000
50501  36.438  -8.741  42.427 0.0000000000
51392  37.094  -7.882  43.929 0.0000000000
50525  33.543  -9.035  41.566 0.0000000000
50486  35.009  -7.960  42.891 0.0000000000
51377  36.734  -7.261  44.159 0.0000000000
52260  36.717  -6.297  45.270 0.0000000000
53183  36.191  -5.844  46.093 0.0000000000
53146  36.547  -5.738  48.294 0.0000000000
41391  30.674  -18.768  48.417 0.0000000000
40457  28.792  -19.840  48.162 0.0000000000
40432  30.384  -19.423  49.229 0.0000000000
40431  31.001  -19.174  49.687 0.0000000000
39406  31.665  -20.303  51.553 0.0000000000
38487  32.594  -20.976  53.286 0.0000000000
38470  32.744  -21.056  54.939 0.0000000000
40380  25.463  -19.597  52.629 0.0000000000
40379  26.528  -19.853  52.752 0.0000000000
40377  28.432  -20.158  53.457 0.0000000000
40308  28.617  -19.764  56.754 0.0000000000
40325  28.875  -19.922  55.786 0.0000000000
39364  29.656  -20.415  54.567 0.0000000000
39349  30.445  -20.545  55.437 0.0000000000
38453  32.323  -20.853  56.134 0.0000000000
38451  33.590  -20.779  57.035 0.0000000000
34729  22.898  -25.565  59.963 0.0000000000
33949  22.913  -26.429  60.482 0.0000000000
33141  22.332  -27.859  60.523 0.0000000000
32331  21.928  -28.491  60.187 0.0000000000
33164  21.300  -27.170  57.761 0.0000000000
32337  21.474  -28.365  59.277 0.0000000000
31473  21.207  -29.657  60.340 0.0000000000
31474  20.429  -29.728  60.137 0.0000000000
31475  19.626  -29.719  59.912 0.0000000000
30673  18.614  -29.888  60.207 0.0000000000
34034  19.183  -26.394  51.235 0.0000000000
34024  18.896  -27.257  52.307 0.0000000000
33205  18.688  -27.855  53.503 0.0000000000
33223  16.909  -27.989  52.144 0.0000000000
32397  17.621  -28.491  53.584 0.0000000000
31541  17.937  -29.017  55.287 0.0000000000
31512  17.813  -29.934  56.930 0.0000000000
30704  17.493  -30.405  58.105 0.0000000000
30674  17.328  -30.396  60.366 0.0000000000
30690  15.548  -30.726  59.490 0.0000000000
30691  14.642  -30.424  59.376 0.0000000000
31488  13.431  -29.914  58.861 0.0000000000
32373  12.989  -28.904  55.330 0.0000000000
31515  13.301  -29.753  57.313 0.0000000000
30693  12.741  -30.374  59.201 0.0000000000
30709  11.819  -30.716  58.073 0.0000000000
30710  10.993  -31.138  58.402 0.0000000000
29846  9.824  -31.514  57.670 0.0000000000
29857  8.905  -31.734  56.857 0.0000000000
29858  8.134  -32.217  57.084 0.0000000000
41431  25.473  -18.827  46.766 0.0000000000
41409  24.729  -18.662  47.774 0.0000000000
41393  24.195  -18.324  48.616 0.0000000000
43115  22.467  -16.685  47.800 0.0000000000
42212  22.807  -17.273  48.942 0.0000000000
41369  23.199  -17.868  50.413 0.0000000000
41357  22.627  -18.148  51.341 0.0000000000
40364  22.636  -19.129  53.091 0.0000000000
39379  22.677  -20.051  53.409 0.0000000000
37562  22.478  -21.779  52.891 0.0000000000
37546  22.566  -22.041  53.784 0.0000000000
38464  22.806  -21.462  55.507 0.0000000000
36512  22.632  -23.703  57.885 0.0000000000
35563  22.761  -24.711  59.646 0.0000000000
29787  9.908  -32.345  64.630 0.0000000000
29754  9.960  -32.241  67.019 0.0000000000
59667  48.883  1.994  38.471 0.0000000000
57898  45.566  0.034  36.058 0.0000000000
57880  46.414  0.049  37.743 0.0000000000
57869  46.875  -0.156  38.688 0.0000000000
57858  45.752  -0.929  39.086 0.0000000000
57857  46.436  -0.687  39.339 0.0000000000
57856  47.485  -0.492  39.599 0.0000000000
56054  36.497  -2.517  36.652 0.0000000000
55123  38.144  -3.502  37.443 0.0000000000
54177  36.831  -4.721  37.726 0.0000000000
54167  38.819  -4.348  38.298 0.0000000000
55110  39.469  -3.903  38.096 0.0000000000
55089  41.067  -3.647  39.998 0.0000000000
55079  42.710  -3.475  41.291 0.0000000000
55064  43.969  -3.388  42.508 0.0000000000
51409  39.948  -7.280  43.238 0.0000000000
53205  40.601  -6.267  43.071 0.0000000000
53203  42.500  -5.588  43.554 0.0000000000
53179  44.009  -5.755  45.610 0.0000000000
53194  43.525  -5.620  44.569 0.0000000000
53202  43.292  -5.150  43.903 0.0000000000
54110  43.500  -4.415  43.383 0.0000000000
55055  44.511  -3.662  43.381 0.0000000000
50507  29.677  -8.328  42.107 0.0000000000
51398  31.530  -7.098  43.389 0.0000000000
52298  30.202  -6.901  44.202 0.0000000000
52296  31.896  -6.704  44.076 0.0000000000
52295  32.693  -6.892  44.189 0.0000000000
52263  33.767  -6.305  45.514 0.0000000000
53147  35.687  -5.635  47.877 0.0000000000
53131  36.466  -5.725  49.127 0.0000000000
42210  32.937  -17.172  48.891 0.0000000000
45979  34.467  -13.424  46.823 0.0000000000
46956  35.394  -12.485  47.310 0.0000000000
47901  36.398  -11.271  48.047 0.0000000000
41292  34.906  -18.663  56.040 0.0000000000
42169  35.123  -17.477  54.284 0.0000000000
43059  35.280  -16.172  53.302 0.0000000000
43939  36.201  -14.986  54.029 0.0000000000
44923  35.718  -14.875  52.598 0.0000000000
45887  36.244  -13.373  51.306 0.0000000000
47849  36.817  -11.866  50.494 0.0000000000
49576  36.704  -9.767  47.970 0.0000000000
50404  36.448  -8.885  49.396 0.0000000000
50405  35.225  -8.553  49.563 0.0000000000
50393  34.970  -8.175  50.334 0.0000000000
49515  38.233  -10.010  53.933 0.0000000000
50366  36.460  -8.254  52.393 0.0000000000
51297  35.405  -7.540  50.757 0.0000000000
52171  36.279  -6.642  51.339 0.0000000000
62299  41.892  4.952  30.258 0.0000000000
61417  42.831  3.392  30.321 0.0000000000
60573  44.213  2.657  30.836 0.0000000000
61388  45.054  3.474  32.279 0.0000000000
62257  45.757  4.820  32.412 0.0000000000
61376  42.773  4.028  33.461 0.0000000000
62246  44.132  5.402  33.339 0.0000000000
64028  45.972  6.734  33.724 0.0000000000
64004  46.644  6.469  34.617 0.0000000000
34721  23.441  -25.572  60.460 0.0000000000
35551  23.664  -24.832  60.626 0.0000000000
29823  10.665  -31.832  60.737 0.0000000000
29831  9.817  -31.917  60.043 0.0000000000
54042  38.172  -5.829  49.225 0.0000000000
52208  38.785  -6.485  50.167 0.0000000000
40438  24.511  -18.781  49.741 0.0000000000
40437  25.237  -19.335  49.687 0.0000000000
36639  20.981  -23.794  50.009 0.0000000000
35710  21.139  -24.129  50.695 0.0000000000
30643  18.862  -30.352  62.740 0.0000000000
60510  41.874  2.462  35.510 0.0000000000
60529  43.827  1.949  35.052 0.0000000000
59687  43.079  1.299  35.291 0.0000000000
55991  44.279  -2.637  41.582 0.0000000000
55990  45.522  -1.998  41.767 0.0000000000
55970  46.014  -2.460  42.549 0.0000000000
51448  37.367  -7.198  40.282 0.0000000000
50537  37.349  -7.795  40.923 0.0000000000
49589  34.569  -9.292  46.590 0.0000000000
50441  33.769  -9.072  46.177 0.0000000000
49579  34.732  -9.091  47.273 0.0000000000
39361  34.012  -20.225  54.930 0.0000000000
39346  34.341  -19.779  55.884 0.0000000000
60531  39.999  2.721  34.930 0.0000000000
61449  44.439  3.955  28.735 0.0000000000
61434  44.558  3.359  29.411 0.0000000000
40329  22.935  -19.751  54.835 0.0000000000
30662  14.218  -30.947  61.312 0.0000000000
30647  14.796  -30.923  62.289 0.0000000000
56051  39.392  -2.430  36.680 0.0000000000
56037  39.670  -3.097  37.118 0.0000000000
55120  40.654  -3.474  38.055 0.0000000000
55121  39.918  -3.570  37.724 0.0000000000
51376  37.615  -7.568  44.382 0.0000000000
51363  38.710  -7.299  45.018 0.0000000000
51364  38.167  -7.358  44.744 0.0000000000
28058  7.191  -33.476  59.563 0.0000000000
50555  32.646  -9.020  39.719 0.0000000000
49648  33.449  -9.461  40.310 0.0000000000
49649  32.919  -9.371  40.320 0.0000000000
51413  33.184  -7.809  42.969 0.0000000000
51380  34.125  -7.334  44.327 0.0000000000
39409  28.710  -20.449  51.476 0.0000000000
39392  30.149  -20.688  52.447 0.0000000000
39377  29.840  -20.586  53.483 0.0000000000
41309  26.455  -18.990  56.198 0.0000000000
41321  26.278  -19.245  55.326 0.0000000000
40310  26.924  -19.255  56.514 0.0000000000
34754  21.934  -25.838  57.781 0.0000000000
34766  21.848  -25.699  56.801 0.0000000000
32355  19.561  -28.372  56.397 0.0000000000
32348  19.093  -28.872  56.914 0.0000000000
31544  15.625  -29.391  55.813 0.0000000000
32371  14.778  -28.930  55.806 0.0000000000
32357  14.476  -29.025  56.217 0.0000000000
41412  21.219  -18.256  48.129 0.0000000000
40440  21.658  -18.711  49.434 0.0000000000
41382  21.738  -18.079  49.555 0.0000000000
40439  21.694  -19.089  49.962 0.0000000000
35633  21.996  -24.811  55.689 0.0000000000
35648  22.250  -24.016  55.446 0.0000000000
35617  22.296  -24.618  56.880 0.0000000000
31464  22.468  -29.822  61.453 0.0000000000
28850  6.886  -32.949  66.689 0.0000000000
28849  7.595  -32.746  66.997 0.0000000000
61336  48.140  3.368  36.212 0.0000000000
56959  44.860  -1.160  36.785 0.0000000000
54121  40.305  -5.059  41.886 0.0000000000
52240  42.749  -6.306  46.512 0.0000000000
51401  28.729  -8.052  43.489 0.0000000000
51333  32.676  -7.040  47.754 0.0000000000
52244  32.472  -6.417  46.613 0.0000000000
52231  32.730  -6.573  47.284 0.0000000000
53150  33.211  -5.975  47.142 0.0000000000
52219  33.475  -6.538  48.272 0.0000000000
41406  31.094  -18.297  47.944 0.0000000000
42237  31.289  -17.733  47.326 0.0000000000
42223  31.547  -17.992  48.029 0.0000000000
43071  34.452  -16.266  51.577 0.0000000000
43082  34.274  -16.100  50.598 0.0000000000
43978  34.783  -15.324  50.874 0.0000000000
44949  34.916  -14.734  50.218 0.0000000000
43977  35.180  -14.963  51.419 0.0000000000
45842  36.919  -13.553  54.330 0.0000000000
47795  37.761  -11.853  53.988 0.0000000000
47805  37.976  -11.263  53.689 0.0000000000
60565  40.802  3.101  31.972 0.0000000000
60552  42.183  3.000  32.326 0.0000000000
61391  41.789  3.146  32.867 0.0000000000
62220  45.368  4.641  35.360 0.0000000000
63994  44.310  5.738  35.431 0.0000000000
62219  46.389  4.753  35.259 0.0000000000
63192  49.863  6.525  29.225 0.0000000000
64061  50.526  6.995  29.320 0.0000000000
64049  50.359  6.965  30.170 0.0000000000
64027  46.771  6.635  33.303 0.0000000000
37481  22.782  -22.818  57.667 0.0000000000
38431  22.918  -22.317  58.187 0.0000000000
29821  12.135  -31.425  60.565 0.0000000000
29813  12.938  -31.517  61.434 0.0000000000
29814  12.367  -31.589  61.226 0.0000000000
29796  11.070  -32.408  63.529 0.0000000000
29795  11.991  -32.133  63.380 0.0000000000
29785  11.663  -32.314  64.454 0.0000000000
29775  11.155  -32.189  65.455 0.0000000000
56967  36.099  -1.735  36.365 0.0000000000
53182  37.323  -5.803  45.907 0.0000000000
53165  38.089  -5.656  46.596 0.0000000000
27252  5.846  -34.896  59.217 0.0000000000
26409  3.808  -35.523  61.408 0.0000000000
26403  2.822  -35.495  62.139 0.0000000000
40512  25.947  -19.238  47.344 0.0000000000
40486  26.273  -19.536  47.820 0.0000000000
39452  26.576  -19.991  50.375 0.0000000000
39432  26.788  -20.070  50.841 0.0000000000
39431  27.466  -20.342  50.752 0.0000000000
39411  27.118  -20.075  51.365 0.0000000000
34797  21.501  -25.143  53.887 0.0000000000
34787  21.181  -25.887  54.081 0.0000000000
34004  19.810  -27.290  53.952 0.0000000000
38550  21.627  -21.374  48.457 0.0000000000
38529  21.972  -21.493  49.615 0.0000000000
37596  21.971  -22.289  50.520 0.0000000000
35665  21.815  -24.342  53.589 0.0000000000
61348  44.180  3.614  35.408 0.0000000000
60505  46.735  2.818  35.706 0.0000000000
60506  45.832  2.729  35.328 0.0000000000
58800  46.319  1.141  36.029 0.0000000000
59675  46.635  1.365  36.244 0.0000000000
58781  47.384  1.043  37.713 0.0000000000
56928  44.642  -1.665  39.409 0.0000000000
53266  35.144  -5.976  37.829 0.0000000000
53265  36.373  -5.748  38.183 0.0000000000
53255  36.648  -6.267  38.700 0.0000000000
52332  38.380  -6.409  40.776 0.0000000000
53244  37.718  -6.287  39.853 0.0000000000
53233  38.735  -6.127  40.918 0.0000000000
53232  39.427  -5.732  41.284 0.0000000000
53218  39.620  -6.063  42.005 0.0000000000
50456  30.226  -7.976  45.590 0.0000000000
50457  29.764  -7.825  45.096 0.0000000000
50444  31.095  -7.847  46.367 0.0000000000
50432  32.740  -8.110  47.723 0.0000000000
51340  32.635  -7.698  47.840 0.0000000000
50420  33.640  -8.399  48.777 0.0000000000
40392  32.425  -19.462  51.311 0.0000000000
40376  32.832  -19.752  52.080 0.0000000000
40358  34.271  -19.154  53.996 0.0000000000
41332  33.796  -18.800  52.912 0.0000000000
41342  34.124  -18.160  52.783 0.0000000000
42184  34.135  -17.409  52.109 0.0000000000
61364  39.254  2.867  34.175 0.0000000000
61350  42.346  3.401  35.457 0.0000000000
62222  43.579  4.428  35.557 0.0000000000
61446  46.836  3.687  29.210 0.0000000000
62307  47.101  4.296  28.400 0.0000000000
62295  48.329  4.778  29.394 0.0000000000
62282  47.709  4.323  30.355 0.0000000000
61398  46.659  3.862  31.310 0.0000000000
62283  47.096  4.048  30.889 0.0000000000
61386  46.705  4.259  31.641 0.0000000000
61387  46.159  3.957  31.911 0.0000000000
41346  23.483  -18.424  52.170 0.0000000000
41345  24.268  -18.738  52.361 0.0000000000
41335  23.557  -18.507  53.031 0.0000000000
41312  23.821  -18.787  54.913 0.0000000000
41311  24.656  -18.756  55.327 0.0000000000
41296  24.806  -18.821  56.587 0.0000000000
30645  16.690  -30.672  62.469 0.0000000000
30631  15.816  -30.945  64.311 0.0000000000
29770  16.510  -31.604  65.434 0.0000000000
29771  15.558  -31.659  65.230 0.0000000000
29783  13.821  -31.730  64.040 0.0000000000
59691  39.694  1.541  35.226 0.0000000000
58807  39.993  0.685  35.472 0.0000000000
56982  43.101  -1.332  35.823 0.0000000000
56963  40.079  -1.799  36.257 0.0000000000
56048  42.362  -2.566  37.150 0.0000000000
56033  43.122  -2.560  38.342 0.0000000000
56034  42.414  -2.887  38.027 0.0000000000
56016  42.089  -3.108  39.340 0.0000000000
56015  42.655  -2.859  39.716 0.0000000000
56005  43.053  -2.816  40.529 0.0000000000
51362  39.598  -7.251  45.361 0.0000000000
51349  41.211  -6.961  46.229 0.0000000000
52242  40.880  -6.325  46.541 0.0000000000
54086  39.248  -5.363  46.920 0.0000000000
53145  40.395  -5.126  47.218 0.0000000000
54059  41.591  -4.755  48.603 0.0000000000
54072  41.766  -4.750  47.908 0.0000000000
54071  42.342  -4.849  47.866 0.0000000000
54057  43.362  -4.904  48.773 0.0000000000
48778  33.941  -10.963  45.027 0.0000000000
48770  34.656  -10.952  45.723 0.0000000000
48761  34.954  -11.325  46.095 0.0000000000
64051  42.555  6.365  30.169 0.0000000000
28915  8.205  -32.614  59.022 0.0000000000
28908  8.250  -32.647  60.074 0.0000000000
28894  6.946  -33.305  61.700 0.0000000000
28893  7.620  -32.908  61.761 0.0000000000
28878  6.971  -33.113  63.161 0.0000000000
28871  6.871  -33.034  64.102 0.0000000000
28029  6.204  -33.442  63.775 0.0000000000
27233  5.399  -34.515  61.636 0.0000000000
28052  5.910  -34.318  60.998 0.0000000000
27223  5.212  -34.404  62.166 0.0000000000
51462  35.459  -7.487  38.954 0.0000000000
51463  34.760  -7.447  38.722 0.0000000000
50554  33.652  -8.915  39.440 0.0000000000
51453  33.187  -8.128  39.165 0.0000000000
50539  36.025  -8.681  40.717 0.0000000000
50540  34.953  -9.126  40.588 0.0000000000
50524  34.617  -9.024  41.588 0.0000000000
50484  37.175  -8.410  43.392 0.0000000000
50485  35.971  -8.357  43.123 0.0000000000
50526  32.449  -9.083  41.219 0.0000000000
51394  35.466  -7.630  43.538 0.0000000000
51393  36.400  -7.805  43.698 0.0000000000
52277  36.232  -6.752  44.715 0.0000000000
52261  35.707  -6.308  45.432 0.0000000000
53166  36.940  -5.811  47.139 0.0000000000
53167  35.487  -5.589  46.903 0.0000000000
41408  29.615  -18.719  47.057 0.0000000000
41407  30.296  -18.446  47.351 0.0000000000
40482  29.692  -18.905  47.445 0.0000000000
40458  27.758  -19.918  48.336 0.0000000000
40484  28.074  -19.673  47.361 0.0000000000
40433  29.361  -19.992  49.237 0.0000000000
40411  30.015  -20.000  49.926 0.0000000000
40410  30.684  -19.696  50.120 0.0000000000
39427  31.088  -20.028  50.819 0.0000000000
39362  31.341  -21.063  53.940 0.0000000000
39375  31.573  -20.945  53.062 0.0000000000
41344  24.803  -18.953  52.819 0.0000000000
40345  27.125  -19.789  54.907 0.0000000000
40362  26.828  -19.885  53.764 0.0000000000
40361  27.811  -19.959  53.992 0.0000000000
40307  29.627  -19.791  56.685 0.0000000000
40324  29.859  -19.978  55.663 0.0000000000
40343  29.160  -19.956  54.905 0.0000000000
39350  29.846  -20.345  55.203 0.0000000000
39338  30.755  -20.327  56.147 0.0000000000
39336  32.295  -20.838  57.168 0.0000000000
38452  32.800  -20.944  56.802 0.0000000000
33961  21.782  -26.986  59.104 0.0000000000
33148  22.415  -27.129  60.418 0.0000000000
32325  22.501  -28.583  60.898 0.0000000000
33173  21.111  -27.082  57.033 0.0000000000
33165  20.969  -27.573  57.325 0.0000000000
32338  20.960  -28.404  58.401 0.0000000000
31494  21.095  -28.929  59.082 0.0000000000
31482  21.464  -29.099  59.819 0.0000000000
31483  20.816  -29.378  59.518 0.0000000000
33237  18.343  -27.633  51.929 0.0000000000
33221  18.465  -27.761  52.673 0.0000000000
33206  17.962  -28.017  53.130 0.0000000000
33239  16.509  -27.864  51.215 0.0000000000
33224  15.907  -27.964  52.110 0.0000000000
32382  16.468  -29.059  54.314 0.0000000000
32398  16.817  -28.762  53.545 0.0000000000
32381  17.310  -28.923  54.315 0.0000000000
32369  17.846  -28.871  54.843 0.0000000000
31542  17.303  -29.270  55.246 0.0000000000
31523  18.077  -29.250  55.865 0.0000000000
31524  17.361  -29.824  56.419 0.0000000000
30735  16.305  -30.296  56.960 0.0000000000
30721  16.812  -30.480  57.483 0.0000000000
30705  16.639  -30.650  58.357 0.0000000000
30688  17.458  -30.356  59.191 0.0000000000
30689  16.487  -30.711  59.377 0.0000000000
31499  14.673  -30.040  58.509 0.0000000000
31486  14.491  -30.053  58.973 0.0000000000
31487  14.149  -29.897  58.973 0.0000000000
31500  13.774  -29.744  58.237 0.0000000000
31547  11.841  -29.922  55.447 0.0000000000
31529  12.738  -29.551  56.169 0.0000000000
31516  12.501  -29.959  57.205 0.0000000000
31501  12.906  -29.921  58.166 0.0000000000
31502  12.350  -30.233  57.805 0.0000000000
30708  12.464  -30.279  58.310 0.0000000000
31517  11.983  -30.340  57.288 0.0000000000
30737  10.712  -30.869  56.371 0.0000000000
30724  10.660  -31.069  57.367 0.0000000000
29845  10.496  -31.328  57.978 0.0000000000
29872  9.189  -31.390  56.024 0.0000000000
41432  24.424  -18.333  46.708 0.0000000000
41410  24.002  -18.044  47.567 0.0000000000
41394  23.434  -17.604  48.355 0.0000000000
43116  22.063  -16.481  47.487 0.0000000000
42240  22.443  -16.510  47.014 0.0000000000
42213  22.181  -17.076  49.169 0.0000000000
42225  22.425  -16.950  48.725 0.0000000000
42202  22.634  -17.608  49.678 0.0000000000
41381  23.414  -17.747  49.307 0.0000000000
39412  22.148  -19.712  51.600 0.0000000000
40382  22.451  -18.838  52.102 0.0000000000
39395  22.469  -19.842  52.482 0.0000000000
37579  22.340  -21.512  51.932 0.0000000000
36567  22.428  -23.358  54.900 0.0000000000
37529  22.633  -22.284  54.721 0.0000000000
37511  22.738  -22.445  55.716 0.0000000000
37493  22.791  -22.615  56.712 0.0000000000
36531  22.621  -23.543  56.851 0.0000000000
35580  22.535  -24.792  58.832 0.0000000000
33131  23.513  -28.315  61.238 0.0000000000
30629  17.693  -30.926  64.351 0.0000000000
30628  18.664  -31.267  64.206 0.0000000000
30621  18.236  -31.603  64.205 0.0000000000
29818  8.920  -32.040  62.562 0.0000000000
29808  9.579  -31.964  63.135 0.0000000000
29809  8.875  -32.294  63.448 0.0000000000
28848  8.519  -32.529  67.218 0.0000000000
29755  9.333  -32.358  66.888 0.0000000000
28847  9.320  -32.400  67.624 0.0000000000
29747  10.021  -32.339  67.697 0.0000000000
28838  9.530  -32.678  68.339 0.0000000000
60486  47.922  2.433  37.167 0.0000000000
58802  44.467  0.241  35.294 0.0000000000
57899  44.958  -0.415  35.858 0.0000000000
57881  45.889  -0.447  37.805 0.0000000000
57887  45.718  -0.254  36.762 0.0000000000
58772  46.949  0.277  38.200 0.0000000000
56927  45.707  -1.166  39.681 0.0000000000
55138  35.910  -3.429  36.839 0.0000000000
56055  35.530  -2.607  36.437 0.0000000000
55137  36.863  -3.180  37.065 0.0000000000
54169  37.010  -5.289  38.188 0.0000000000
54168  37.683  -5.064  38.508 0.0000000000
54157  39.719  -4.263  39.175 0.0000000000
54166  39.526  -4.109  38.485 0.0000000000
55100  40.298  -3.795  39.060 0.0000000000
54134  42.075  -3.894  41.378 0.0000000000
55080  42.002  -3.659  40.906 0.0000000000
55065  43.092  -3.669  42.055 0.0000000000
55078  43.479  -3.225  41.701 0.0000000000
50498  39.176  -7.710  42.742 0.0000000000
51390  40.247  -7.431  43.671 0.0000000000
52275  42.094  -6.811  44.455 0.0000000000
52294  40.816  -6.714  43.506 0.0000000000
52293  41.691  -6.636  43.894 0.0000000000
53204  41.206  -5.973  43.256 0.0000000000
52292  42.355  -6.382  44.171 0.0000000000
54096  45.065  -4.733  45.435 0.0000000000
53193  44.505  -5.208  45.217 0.0000000000
54104  43.734  -4.912  44.132 0.0000000000
51417  29.217  -7.987  42.885 0.0000000000
51416  30.112  -7.794  42.864 0.0000000000
51415  31.113  -7.775  42.810 0.0000000000
52284  30.018  -7.027  44.782 0.0000000000
52299  29.807  -7.123  44.375 0.0000000000
52283  30.609  -6.826  44.774 0.0000000000
52280  33.345  -6.801  44.774 0.0000000000
53148  34.703  -5.600  47.627 0.0000000000
53168  34.460  -5.609  46.772 0.0000000000
53132  35.727  -5.744  48.832 0.0000000000
44007  33.758  -15.657  48.579 0.0000000000
44020  33.556  -15.365  47.541 0.0000000000
45012  33.893  -14.329  46.839 0.0000000000
45011  34.336  -13.995  47.435 0.0000000000
45920  35.342  -13.498  49.482 0.0000000000
45959  35.402  -12.902  47.913 0.0000000000
46934  35.796  -12.467  48.297 0.0000000000
47902  35.946  -11.801  47.700 0.0000000000
46933  36.182  -12.063  48.678 0.0000000000
40304  34.917  -19.238  56.683 0.0000000000
42163  35.424  -17.339  55.381 0.0000000000
42175  35.160  -17.111  53.686 0.0000000000
43046  35.374  -16.496  54.005 0.0000000000
45843  36.528  -14.132  53.835 0.0000000000
44894  36.527  -14.487  54.417 0.0000000000
44908  36.180  -14.668  53.407 0.0000000000
44909  35.764  -15.167  53.122 0.0000000000
44922  36.148  -14.211  52.477 0.0000000000
44934  36.141  -13.918  51.770 0.0000000000
45874  36.487  -13.379  52.233 0.0000000000
47833  37.473  -11.635  51.685 0.0000000000
46878  36.913  -12.206  51.309 0.0000000000
47865  37.152  -11.288  50.306 0.0000000000
47885  37.105  -11.069  49.600 0.0000000000
48732  37.561  -10.471  50.087 0.0000000000
49569  37.114  -9.547  48.696 0.0000000000
49558  37.432  -9.535  49.794 0.0000000000
49538  37.464  -9.382  51.855 0.0000000000
49546  37.407  -9.389  50.902 0.0000000000
50391  36.651  -8.983  50.612 0.0000000000
50392  35.766  -8.545  50.436 0.0000000000
50379  36.767  -8.943  51.664 0.0000000000
48678  38.479  -10.602  54.811 0.0000000000
49499  38.600  -9.572  54.798 0.0000000000
50349  37.379  -8.725  53.636 0.0000000000
50350  36.785  -8.235  53.126 0.0000000000
51284  36.296  -7.364  52.152 0.0000000000
52172  35.730  -7.090  51.023 0.0000000000
52147  36.695  -6.939  52.778 0.0000000000
64053  41.480  6.007  30.859 0.0000000000
61394  38.488  4.298  33.110 0.0000000000
61393  39.169  3.837  32.751 0.0000000000
61418  41.913  3.675  30.991 0.0000000000
62284  42.242  4.026  30.329 0.0000000000
60574  43.284  2.799  30.900 0.0000000000
60551  43.152  2.938  32.306 0.0000000000
62258  44.425  4.815  32.915 0.0000000000
64018  44.042  6.197  34.629 0.0000000000
62247  43.493  4.938  33.540 0.0000000000
63150  44.275  6.020  33.722 0.0000000000
63162  44.539  5.602  33.273 0.0000000000
63149  45.245  6.518  33.837 0.0000000000
64016  45.857  6.725  34.293 0.0000000000
63122  47.699  5.534  34.940 0.0000000000
63219  47.351  5.598  27.547 0.0000000000
63218  48.380  5.978  27.636 0.0000000000
63167  48.821  6.352  30.871 0.0000000000
29829  11.323  -31.420  59.814 0.0000000000
29815  11.436  -31.788  61.511 0.0000000000
29807  10.401  -32.003  62.826 0.0000000000
54076  38.202  -5.781  48.047 0.0000000000
54062  38.647  -5.521  48.603 0.0000000000
40460  25.825  -19.505  48.713 0.0000000000
40412  26.144  -19.825  50.805 0.0000000000
35681  21.129  -24.817  52.348 0.0000000000
34798  20.935  -25.640  53.205 0.0000000000
34022  20.056  -26.080  52.139 0.0000000000
37630  21.017  -22.428  48.298 0.0000000000
36638  21.516  -23.305  50.385 0.0000000000
29802  21.008  -31.159  62.880 0.0000000000
30642  20.070  -30.724  62.958 0.0000000000
30626  20.084  -31.215  64.150 0.0000000000
60508  43.908  2.723  35.223 0.0000000000
60507  44.846  2.659  35.129 0.0000000000
60528  44.389  2.151  35.001 0.0000000000
58822  45.060  1.336  35.020 0.0000000000
58801  45.601  0.724  35.605 0.0000000000
52342  36.496  -6.870  39.079 0.0000000000
52323  38.091  -6.793  41.045 0.0000000000
52322  38.753  -6.612  41.393 0.0000000000
50454  31.969  -8.748  45.754 0.0000000000
50431  33.964  -8.725  47.520 0.0000000000
39373  33.400  -20.357  53.749 0.0000000000
39388  33.341  -19.951  53.115 0.0000000000
40341  34.003  -19.755  54.137 0.0000000000
40340  34.391  -19.335  54.779 0.0000000000
61351  41.368  3.225  35.205 0.0000000000
61431  46.955  3.584  29.767 0.0000000000
61412  47.278  3.742  30.020 0.0000000000
61432  46.322  3.374  29.710 0.0000000000
61414  45.655  3.082  30.429 0.0000000000
60571  45.427  2.899  30.964 0.0000000000
41325  22.982  -18.672  53.455 0.0000000000
40347  23.288  -18.875  54.648 0.0000000000
30661  15.083  -30.746  61.370 0.0000000000
30638  15.329  -30.942  63.318 0.0000000000
30632  14.892  -31.209  64.222 0.0000000000
58808  39.015  0.671  35.418 0.0000000000
57904  39.353  -0.188  35.661 0.0000000000
56965  38.085  -1.650  36.486 0.0000000000
56964  39.069  -1.695  36.370 0.0000000000
56035  41.487  -3.115  37.737 0.0000000000
56023  41.750  -3.181  38.709 0.0000000000
55107  41.125  -3.352  39.004 0.0000000000
50466  38.006  -8.321  44.002 0.0000000000
51375  38.473  -7.849  44.487 0.0000000000
52257  39.800  -6.344  45.903 0.0000000000
59693  37.707  1.606  34.895 0.0000000000
28916  7.529  -32.970  58.757 0.0000000000
28909  7.592  -32.983  59.703 0.0000000000
28050  7.219  -33.384  60.131 0.0000000000
28902  6.823  -33.500  61.142 0.0000000000
49657  33.935  -9.277  39.687 0.0000000000
49647  34.085  -9.454  40.098 0.0000000000
51412  33.949  -7.750  43.109 0.0000000000
51379  34.940  -7.174  44.164 0.0000000000
52262  34.727  -6.313  45.484 0.0000000000
39449  28.642  -20.298  49.868 0.0000000000
39407  30.669  -20.576  51.514 0.0000000000
39376  30.747  -20.802  53.256 0.0000000000
40363  25.793  -19.705  53.673 0.0000000000
39328  30.871  -20.393  58.115 0.0000000000
40305  31.267  -20.163  57.101 0.0000000000
33971  22.268  -26.129  58.829 0.0000000000
33183  20.491  -27.552  55.760 0.0000000000
33174  20.736  -27.579  56.571 0.0000000000
32354  20.160  -28.132  56.798 0.0000000000
32339  20.277  -28.672  58.051 0.0000000000
31484  20.034  -29.487  59.257 0.0000000000
31496  19.651  -29.173  58.294 0.0000000000
31497  18.758  -29.566  58.066 0.0000000000
33238  17.643  -27.744  51.334 0.0000000000
33209  15.382  -28.118  53.004 0.0000000000
32399  15.869  -28.713  53.703 0.0000000000
31557  16.446  -29.270  55.001 0.0000000000
31543  16.515  -29.555  55.676 0.0000000000
31558  16.000  -29.372  55.311 0.0000000000
31526  15.533  -29.925  56.702 0.0000000000
30706  15.519  -30.570  58.487 0.0000000000
31527  14.589  -29.436  56.589 0.0000000000
31528  13.714  -29.363  56.643 0.0000000000
30749  10.922  -30.711  55.603 0.0000000000
42256  23.246  -17.174  46.624 0.0000000000
42241  20.892  -17.528  47.798 0.0000000000
43105  22.032  -16.736  48.430 0.0000000000
43106  21.605  -16.957  48.708 0.0000000000
42214  21.774  -17.472  49.194 0.0000000000
42203  22.112  -17.657  49.695 0.0000000000
40415  21.832  -18.610  50.410 0.0000000000
38494  22.342  -20.547  51.957 0.0000000000
36586  22.090  -23.554  53.242 0.0000000000
36602  22.359  -22.693  53.049 0.0000000000
36568  22.157  -23.763  54.044 0.0000000000
34753  22.307  -25.301  58.263 0.0000000000
28869  8.175  -32.708  64.676 0.0000000000
29789  8.652  -32.595  64.918 0.0000000000
56937  48.515  -0.680  39.231 0.0000000000
57888  45.074  -0.719  36.353 0.0000000000
56915  47.159  -0.823  41.008 0.0000000000
55125  36.513  -3.904  37.251 0.0000000000
54148  38.911  -5.230  40.090 0.0000000000
54147  39.498  -4.810  40.211 0.0000000000
54146  40.496  -4.121  40.128 0.0000000000
51360  41.319  -7.248  45.509 0.0000000000
51389  40.976  -7.163  44.082 0.0000000000
51359  42.102  -7.078  45.269 0.0000000000
52246  31.235  -6.825  46.092 0.0000000000
52265  31.677  -6.551  45.597 0.0000000000
52264  32.706  -6.210  45.801 0.0000000000
53186  33.361  -5.935  46.084 0.0000000000
53187  32.997  -5.982  46.123 0.0000000000
53149  33.772  -5.789  47.495 0.0000000000
53133  34.800  -5.806  48.605 0.0000000000
43083  33.797  -16.758  50.338 0.0000000000
43092  34.069  -16.121  49.879 0.0000000000
43992  34.034  -15.725  49.320 0.0000000000
44006  34.289  -14.947  48.942 0.0000000000
44993  34.442  -14.272  48.198 0.0000000000
44962  34.780  -14.405  49.526 0.0000000000
44961  35.073  -14.134  50.076 0.0000000000
45902  35.356  -13.864  50.222 0.0000000000
41291  35.392  -18.312  56.673 0.0000000000
42152  35.820  -17.837  56.967 0.0000000000
43026  35.976  -16.547  55.810 0.0000000000
45857  36.838  -13.094  52.982 0.0000000000
45873  36.756  -12.951  52.400 0.0000000000
47820  37.619  -11.795  52.616 0.0000000000
48712  37.859  -10.975  51.694 0.0000000000
48722  37.895  -10.391  51.483 0.0000000000
48711  38.038  -10.591  52.338 0.0000000000
49537  37.943  -9.876  52.066 0.0000000000
49528  38.073  -9.955  52.957 0.0000000000
60555  39.635  3.305  32.727 0.0000000000
61392  39.763  3.451  32.495 0.0000000000
60563  42.760  2.834  31.649 0.0000000000
63152  42.884  5.184  34.837 0.0000000000
63140  43.454  5.680  35.005 0.0000000000
64007  44.098  6.047  35.278 0.0000000000
64006  44.797  6.338  35.000 0.0000000000
63991  46.089  6.405  35.051 0.0000000000
63992  45.544  6.211  35.219 0.0000000000
63204  48.706  5.396  28.452 0.0000000000
63203  49.580  6.228  28.428 0.0000000000
64036  48.399  6.722  32.165 0.0000000000
64013  48.833  6.606  33.263 0.0000000000
38457  22.920  -21.467  56.632 0.0000000000
39340  22.921  -20.897  56.050 0.0000000000
38445  23.201  -21.197  57.730 0.0000000000
37454  22.938  -23.269  59.527 0.0000000000
30663  13.384  -31.344  61.330 0.0000000000
30648  13.996  -31.322  62.138 0.0000000000
30649  13.554  -31.466  61.932 0.0000000000
29805  12.183  -31.811  62.325 0.0000000000
29784  12.638  -31.946  64.320 0.0000000000
29752  11.582  -32.447  67.347 0.0000000000
56988  36.700  -0.911  36.138 0.0000000000
56039  38.078  -2.826  37.163 0.0000000000
54074  39.755  -5.122  47.551 0.0000000000
54075  38.877  -5.416  47.846 0.0000000000
54061  39.558  -5.241  48.502 0.0000000000
54040  40.268  -5.276  49.075 0.0000000000
27251  6.381  -34.417  59.274 0.0000000000
27234  4.592  -35.013  61.479 0.0000000000
26416  4.786  -35.527  60.330 0.0000000000
26408  4.571  -35.372  61.060 0.0000000000
27225  3.622  -35.024  62.154 0.0000000000
27226  3.110  -35.168  62.403 0.0000000000
50505  31.729  -8.514  42.136 0.0000000000
40435  27.339  -20.112  49.289 0.0000000000
39450  27.849  -20.363  49.947 0.0000000000
39394  28.287  -20.349  52.098 0.0000000000
34776  21.668  -25.743  55.784 0.0000000000
33993  21.252  -26.382  55.090 0.0000000000
33994  20.841  -27.052  55.338 0.0000000000
33193  20.336  -27.426  55.050 0.0000000000
33184  19.791  -27.862  55.561 0.0000000000
33185  19.181  -28.001  55.142 0.0000000000
33225  14.877  -27.763  52.174 0.0000000000
33210  14.382  -27.857  53.126 0.0000000000
32401  13.893  -28.138  53.973 0.0000000000
39465  21.614  -20.209  48.386 0.0000000000
38528  22.096  -20.546  49.947 0.0000000000
38508  22.196  -21.397  50.423 0.0000000000
37580  22.150  -22.394  51.543 0.0000000000
36603  22.020  -23.207  52.220 0.0000000000
61346  46.139  3.720  35.382 0.0000000000
59674  47.172  1.823  36.661 0.0000000000
59685  46.430  1.787  35.738 0.0000000000
53276  35.479  -5.282  37.488 0.0000000000
53264  37.130  -5.546  38.451 0.0000000000
53253  38.081  -5.544  39.439 0.0000000000
53242  39.195  -5.363  40.500 0.0000000000
53231  40.009  -5.275  41.727 0.0000000000
51382  29.007  -7.899  44.174 0.0000000000
51365  30.449  -7.378  45.656 0.0000000000
50445  30.591  -7.651  46.017 0.0000000000
51352  30.833  -7.272  46.121 0.0000000000
51342  31.814  -7.268  46.909 0.0000000000
51341  32.436  -7.394  47.477 0.0000000000
51332  32.865  -7.401  48.145 0.0000000000
41367  31.939  -18.786  50.174 0.0000000000
41389  32.001  -18.129  49.117 0.0000000000
41366  32.532  -18.515  50.507 0.0000000000
41365  33.065  -18.081  50.915 0.0000000000
40375  33.356  -19.449  52.592 0.0000000000
41353  33.336  -18.285  51.511 0.0000000000
42193  33.647  -17.464  51.154 0.0000000000
42192  34.073  -16.974  51.467 0.0000000000
43060  34.854  -16.507  52.639 0.0000000000
61380  38.165  3.970  33.575 0.0000000000
60544  39.738  2.998  33.030 0.0000000000
60543  40.483  2.854  33.112 0.0000000000
62236  41.712  4.137  34.935 0.0000000000
62235  42.408  4.669  35.081 0.0000000000
63127  43.259  4.863  35.472 0.0000000000
62221  44.435  4.541  35.502 0.0000000000
62308  46.018  4.174  28.217 0.0000000000
63182  49.402  6.357  30.074 0.0000000000
63169  47.231  5.353  31.850 0.0000000000
41368  23.999  -18.366  50.570 0.0000000000
40397  24.698  -19.274  51.466 0.0000000000
41310  25.593  -18.874  55.791 0.0000000000
39339  23.260  -20.360  56.640 0.0000000000
40312  23.848  -19.356  56.591 0.0000000000
40297  24.288  -19.400  57.637 0.0000000000
40311  24.382  -19.058  57.116 0.0000000000
35730  20.009  -24.300  49.216 0.0000000000
30644  17.731  -30.467  62.580 0.0000000000
30637  16.278  -30.813  63.425 0.0000000000
30630  16.755  -30.852  64.405 0.0000000000
30623  17.125  -31.049  65.132 0.0000000000
29758  16.871  -31.970  65.874 0.0000000000
59689  41.400  1.610  35.557 0.0000000000
59688  42.249  1.546  35.517 0.0000000000
58805  41.726  0.882  35.612 0.0000000000
58804  42.477  0.595  35.467 0.0000000000
57901  42.745  -0.414  35.492 0.0000000000
57902  41.575  -0.098  35.664 0.0000000000
56960  43.512  -1.896  36.829 0.0000000000
56985  39.726  -1.007  35.934 0.0000000000
56953  43.581  -1.987  37.960 0.0000000000
56940  43.562  -2.140  38.652 0.0000000000
56929  43.781  -1.961  39.272 0.0000000000
56004  43.963  -2.277  40.659 0.0000000000
50521  37.691  -8.023  41.503 0.0000000000
50482  39.275  -8.002  43.285 0.0000000000
50464  39.711  -7.949  44.004 0.0000000000
51373  40.424  -7.482  44.736 0.0000000000
53180  39.111  -5.782  45.988 0.0000000000
52243  40.265  -6.022  46.385 0.0000000000
54073  40.869  -4.840  47.850 0.0000000000
53162  40.566  -5.560  46.847 0.0000000000
53161  41.247  -5.711  46.992 0.0000000000
53143  41.955  -5.357  47.426 0.0000000000
52229  42.529  -5.814  47.148 0.0000000000
53130  43.424  -4.992  48.337 0.0000000000
49596  34.239  -9.912  45.483 0.0000000000
49587  35.704  -10.130  46.685 0.0000000000
39335  34.024  -20.505  56.875 0.0000000000
39334  34.481  -20.015  56.747 0.0000000000
61381  37.533  4.134  33.955 0.0000000000
60533  38.574  2.592  34.402 0.0000000000
60515  38.059  2.228  34.575 0.0000000000
60513  39.483  2.225  34.966 0.0000000000
62297  43.089  4.636  29.292 0.0000000000
63195  42.537  5.501  29.816 0.0000000000
29832  9.042  -32.305  60.543 0.0000000000
28892  8.328  -32.538  62.098 0.0000000000
28884  8.285  -32.509  63.001 0.0000000000
28870  7.554  -32.841  64.396 0.0000000000
28864  6.831  -32.936  65.018 0.0000000000
27242  6.334  -34.214  59.893 0.0000000000
28045  5.955  -34.112  61.423 0.0000000000
28012  5.329  -33.468  65.551 0.0000000000
52352  35.617  -6.753  38.495 0.0000000000
52343  35.883  -7.241  38.962 0.0000000000
50551  36.259  -8.224  40.098 0.0000000000
51451  35.076  -8.129  39.247 0.0000000000
49638  33.183  -9.343  40.828 0.0000000000
50503  34.119  -8.424  42.530 0.0000000000
52276  37.038  -6.842  44.661 0.0000000000
54077  37.394  -5.904  48.100 0.0000000000
54064  37.097  -5.748  48.806 0.0000000000
41426  30.276  -17.973  46.609 0.0000000000
40456  29.813  -19.305  48.110 0.0000000000
41379  31.000  -18.836  49.138 0.0000000000
40409  31.436  -19.325  50.277 0.0000000000
40393  31.735  -19.681  50.910 0.0000000000
39405  32.363  -20.178  52.002 0.0000000000
39390  31.992  -20.723  52.385 0.0000000000
39374  32.955  -20.799  53.388 0.0000000000
38479  32.774  -21.059  53.959 0.0000000000
38469  33.387  -20.738  55.416 0.0000000000
40396  25.455  -19.636  51.569 0.0000000000
40394  27.129  -19.947  52.015 0.0000000000
40378  27.735  -20.002  52.760 0.0000000000
40326  27.855  -19.835  55.869 0.0000000000
40360  28.654  -19.984  54.201 0.0000000000
39365  29.137  -20.098  54.338 0.0000000000
39378  29.098  -20.279  53.764 0.0000000000
39348  31.302  -20.973  55.024 0.0000000000
39337  31.596  -20.619  56.467 0.0000000000
38463  32.115  -20.980  55.470 0.0000000000
38462  32.790  -20.899  55.835 0.0000000000
38461  33.409  -20.706  56.336 0.0000000000
33140  22.948  -27.640  61.138 0.0000000000
32324  22.961  -28.741  61.343 0.0000000000
31472  21.991  -29.460  60.783 0.0000000000
33979  21.535  -26.505  57.317 0.0000000000
33156  21.462  -27.551  58.637 0.0000000000
33157  21.067  -27.789  57.894 0.0000000000
30670  21.474  -29.918  60.926 0.0000000000
30672  19.958  -29.980  60.848 0.0000000000
34837  19.835  -25.245  50.459 0.0000000000
34823  19.567  -25.889  51.036 0.0000000000
34023  19.528  -26.517  51.940 0.0000000000
34013  19.508  -27.149  53.180 0.0000000000
33204  19.361  -27.613  53.922 0.0000000000
33195  18.891  -27.945  54.455 0.0000000000
33207  17.245  -28.272  52.923 0.0000000000
32396  18.113  -28.210  53.598 0.0000000000
32368  18.523  -28.622  55.203 0.0000000000
32356  18.789  -28.830  56.189 0.0000000000
31511  18.384  -29.562  56.963 0.0000000000
30703  18.060  -29.974  57.714 0.0000000000
30733  17.259  -30.095  56.820 0.0000000000
30720  17.481  -30.184  57.180 0.0000000000
30675  16.306  -30.742  60.414 0.0000000000
30676  15.331  -30.754  60.403 0.0000000000
30692  13.818  -30.199  59.578 0.0000000000
32372  13.823  -28.709  55.503 0.0000000000
32359  13.435  -28.967  56.016 0.0000000000
30723  11.401  -30.672  56.938 0.0000000000
30695  10.950  -31.282  59.008 0.0000000000
29836  10.460  -31.429  58.576 0.0000000000
29856  9.620  -31.386  56.705 0.0000000000
29847  8.709  -32.069  58.103 0.0000000000
29848  8.134  -32.410  57.752 0.0000000000
28925  7.617  -32.724  57.710 0.0000000000
41392  24.607  -18.677  48.361 0.0000000000
40462  24.385  -18.602  49.187 0.0000000000
41380  24.035  -18.166  49.672 0.0000000000
42239  22.756  -16.773  47.348 0.0000000000
42224  22.755  -16.882  48.193 0.0000000000
41356  23.367  -18.199  51.360 0.0000000000
41347  22.908  -18.283  51.994 0.0000000000
39366  22.798  -20.275  54.342 0.0000000000
38507  22.191  -20.744  51.074 0.0000000000
38481  22.623  -21.055  53.615 0.0000000000
38472  22.711  -21.261  54.561 0.0000000000
36493  22.689  -23.922  59.046 0.0000000000
30627  19.676  -31.237  64.154 0.0000000000
29824  9.821  -32.079  61.130 0.0000000000
29797  10.199  -32.342  63.730 0.0000000000
29788  9.206  -32.468  64.769 0.0000000000
29765  9.779  -32.197  66.233 0.0000000000
29776  10.280  -32.195  65.429 0.0000000000
29753  10.704  -32.242  67.180 0.0000000000
60485  48.622  2.537  37.737 0.0000000000
58824  44.119  0.665  35.086 0.0000000000
58790  45.852  0.302  36.256 0.0000000000
57886  46.381  0.261  37.216 0.0000000000
55136  37.561  -3.125  37.217 0.0000000000
55122  39.035  -3.644  37.614 0.0000000000
54176  37.886  -4.282  37.794 0.0000000000
54175  38.471  -3.971  37.747 0.0000000000
55108  40.668  -3.558  38.771 0.0000000000
55098  41.478  -3.364  39.533 0.0000000000
54145  41.118  -3.845  40.397 0.0000000000
55088  41.618  -3.583  40.321 0.0000000000
55087  42.335  -3.268  40.436 0.0000000000
50520  38.307  -7.707  41.808 0.0000000000
51429  38.683  -7.308  41.915 0.0000000000
52308  39.605  -6.615  42.368 0.0000000000
52307  40.168  -6.772  43.017 0.0000000000
53216  41.562  -5.211  42.736 0.0000000000
52239  43.438  -5.935  46.641 0.0000000000
52254  43.448  -6.226  46.063 0.0000000000
52273  43.323  -6.278  45.317 0.0000000000
53195  42.728  -6.044  44.290 0.0000000000
53215  42.218  -4.974  42.904 0.0000000000
54111  42.605  -4.822  43.026 0.0000000000
54109  44.534  -3.980  43.891 0.0000000000
55063  45.218  -3.095  43.027 0.0000000000
50506  30.653  -8.378  42.082 0.0000000000
51397  32.479  -7.269  43.547 0.0000000000
52297  30.999  -6.720  44.075 0.0000000000
53185  34.156  -5.812  46.037 0.0000000000
42211  32.487  -17.761  49.358 0.0000000000
42221  32.796  -17.032  48.303 0.0000000000
43102  33.175  -16.436  48.150 0.0000000000
46978  34.847  -12.522  46.468 0.0000000000
45960  34.907  -13.375  47.713 0.0000000000
46957  34.906  -12.953  47.057 0.0000000000
46977  35.316  -12.086  46.727 0.0000000000
47916  35.676  -11.557  46.934 0.0000000000
48759  36.040  -10.684  46.990 0.0000000000
49577  36.208  -9.841  47.323 0.0000000000
40322  34.564  -19.216  55.654 0.0000000000
41320  34.658  -18.467  54.360 0.0000000000
41307  35.177  -18.036  55.813 0.0000000000
41319  34.951  -17.963  55.026 0.0000000000
42170  34.740  -18.036  53.817 0.0000000000
43047  35.125  -16.786  53.346 0.0000000000
43952  34.897  -15.766  52.164 0.0000000000
43918  35.849  -16.091  55.345 0.0000000000
44875  36.486  -14.871  55.055 0.0000000000
43928  36.164  -15.180  54.631 0.0000000000
43929  35.728  -15.833  54.770 0.0000000000
43940  35.724  -15.491  53.757 0.0000000000
43951  35.354  -15.590  52.797 0.0000000000
43964  35.248  -15.168  52.069 0.0000000000
44935  35.680  -14.507  51.747 0.0000000000
44947  35.927  -13.995  51.181 0.0000000000
45919  35.868  -12.993  49.979 0.0000000000
46879  36.627  -12.811  51.632 0.0000000000
46896  36.422  -12.570  50.574 0.0000000000
47866  36.667  -11.766  49.861 0.0000000000
47886  36.626  -11.471  48.874 0.0000000000
48742  36.784  -10.769  48.380 0.0000000000
50428  36.381  -9.458  47.788 0.0000000000
50429  35.902  -9.185  47.748 0.0000000000
50418  35.624  -8.788  48.582 0.0000000000
49557  37.766  -9.865  50.496 0.0000000000
50406  34.309  -8.374  49.592 0.0000000000
50407  33.725  -7.969  49.519 0.0000000000
50394  34.310  -7.956  50.057 0.0000000000
48691  38.182  -10.778  54.078 0.0000000000
49516  37.800  -9.495  53.509 0.0000000000
49500  37.970  -9.273  54.104 0.0000000000
50365  36.929  -8.917  52.633 0.0000000000
50380  36.034  -8.352  51.458 0.0000000000
50381  35.556  -8.083  50.911 0.0000000000
51311  34.250  -7.383  49.870 0.0000000000
52189  34.792  -6.879  50.057 0.0000000000
52209  35.147  -6.418  49.807 0.0000000000
52187  36.216  -6.327  50.739 0.0000000000
53092  36.185  -6.054  50.353 0.0000000000
63196  42.102  5.132  30.098 0.0000000000
62298  42.281  4.663  30.010 0.0000000000
61436  42.693  3.977  29.739 0.0000000000
61416  43.867  3.097  30.154 0.0000000000
60572  45.003  2.756  30.853 0.0000000000
60560  45.217  2.861  31.264 0.0000000000
60562  43.692  2.672  31.590 0.0000000000
60561  44.664  2.742  31.562 0.0000000000
61400  45.200  2.998  31.637 0.0000000000
61375  43.405  4.234  33.293 0.0000000000
62259  43.738  4.387  33.167 0.0000000000
63161  45.424  6.000  33.129 0.0000000000
64015  46.769  6.907  34.027 0.0000000000
63139  47.097  6.047  34.767 0.0000000000
63138  47.701  6.002  34.403 0.0000000000
26415  5.394  -35.125  59.787 0.0000000000
27216  2.921  -34.976  62.763 0.0000000000
27235  4.009  -35.189  61.712 0.0000000000
28039  5.028  -34.268  62.646 0.0000000000
28044  6.380  -33.758  61.626 0.0000000000
28856  7.541  -32.718  66.100 0.0000000000
28857  6.851  -32.865  65.872 0.0000000000
28862  8.175  -32.642  65.450 0.0000000000
28877  7.614  -32.848  63.513 0.0000000000
28886  7.106  -33.108  62.363 0.0000000000
29764  10.564  -32.114  66.314 0.0000000000
29766  9.045  -32.395  66.264 0.0000000000
29777  9.511  -32.313  65.461 0.0000000000
29778  8.822  -32.491  65.512 0.0000000000
29780  20.321  -31.488  64.163 0.0000000000
29782  18.601  -31.722  64.210 0.0000000000
29798  9.455  -32.446  63.944 0.0000000000
29799  8.796  -32.586  64.243 0.0000000000
29803  13.617  -31.530  62.216 0.0000000000
29804  13.102  -31.611  62.053 0.0000000000
29812  21.242  -31.247  62.438 0.0000000000
29817  9.710  -31.933  62.153 0.0000000000
29822  11.547  -31.531  60.390 0.0000000000
30633  20.120  -30.983  63.912 0.0000000000
30664  12.843  -31.449  61.104 0.0000000000
30680  11.974  -31.296  60.226 0.0000000000
30707  15.078  -30.460  58.962 0.0000000000
30719  17.949  -29.955  57.198 0.0000000000
30725  10.030  -31.254  57.059 0.0000000000
30734  16.938  -30.206  56.850 0.0000000000
31498  15.045  -30.243  58.207 0.0000000000
32370  15.300  -29.055  55.520 0.0000000000
32380  18.158  -28.455  54.199 0.0000000000
34014  18.901  -27.515  52.915 0.0000000000
34740  22.185  -25.877  58.440 0.0000000000
34810  19.978  -25.886  51.687 0.0000000000
38480  32.076  -21.161  53.582 0.0000000000
38488  32.236  -20.997  52.947 0.0000000000
39351  23.365  -19.833  55.976 0.0000000000
39464  21.819  -19.977  49.211 0.0000000000
40323  30.424  -20.162  55.966 0.0000000000
40342  29.573  -20.235  55.103 0.0000000000
40391  33.130  -19.062  51.787 0.0000000000
40463  21.707  -19.344  49.430 0.0000000000
41308  34.752  -18.618  55.272 0.0000000000
41343  33.637  -18.447  52.212 0.0000000000
41371  21.858  -18.031  50.011 0.0000000000
41377  32.176  -18.304  49.794 0.0000000000
41378  31.581  -18.699  49.553 0.0000000000
41395  21.544  -18.140  48.942 0.0000000000
41451  24.037  -18.157  46.079 0.0000000000
42204  21.899  -17.799  49.629 0.0000000000
43095  21.835  -17.034  49.087 0.0000000000
43104  22.313  -16.698  48.008 0.0000000000
44977  34.641  -14.261  48.891 0.0000000000
44994  34.037  -14.588  47.634 0.0000000000
45901  35.788  -13.527  50.500 0.0000000000
45921  34.898  -13.970  49.137 0.0000000000
45939  35.336  -13.153  48.473 0.0000000000
46865  36.721  -12.899  52.128 0.0000000000
46895  36.816  -12.083  50.817 0.0000000000
46913  35.612  -12.880  48.887 0.0000000000
47806  37.761  -11.713  53.311 0.0000000000
47832  37.877  -11.262  52.209 0.0000000000
47848  37.116  -11.666  50.922 0.0000000000
47887  36.201  -11.822  48.298 0.0000000000
47915  36.166  -11.182  47.442 0.0000000000
47917  35.189  -11.703  46.359 0.0000000000
48731  37.772  -10.278  50.814 0.0000000000
48741  37.272  -10.427  49.024 0.0000000000
48749  36.968  -10.189  48.313 0.0000000000
48750  36.500  -10.531  47.756 0.0000000000
48769  34.958  -10.541  46.043 0.0000000000
49588  35.093  -10.015  46.199 0.0000000000
49595  34.775  -10.347  45.836 0.0000000000
49597  33.639  -9.503  45.226 0.0000000000
49659  33.101  -9.382  40.015 0.0000000000
50408  33.503  -7.701  49.181 0.0000000000
50417  36.489  -9.141  48.290 0.0000000000
50434  31.545  -7.595  46.674 0.0000000000
51272  36.655  -7.499  52.991 0.0000000000
51296  35.842  -7.531  51.316 0.0000000000
51310  34.848  -7.471  50.310 0.0000000000
51323  33.785  -7.306  49.370 0.0000000000
51350  40.751  -6.837  46.218 0.0000000000
51351  31.354  -7.258  46.476 0.0000000000
51371  42.030  -6.944  44.848 0.0000000000
51391  39.767  -7.574  43.350 0.0000000000
51410  39.608  -7.343  42.902 0.0000000000
51411  39.132  -7.307  42.393 0.0000000000
51438  37.642  -7.321  40.903 0.0000000000
51439  37.233  -7.635  40.527 0.0000000000
52188  35.602  -6.718  50.468 0.0000000000
52210  34.433  -6.572  49.390 0.0000000000
52211  33.770  -6.768  48.987 0.0000000000
52220  32.947  -6.771  47.863 0.0000000000
52230  33.227  -6.329  47.617 0.0000000000
52245  31.852  -6.673  46.412 0.0000000000
52266  30.860  -6.840  45.514 0.0000000000
52309  39.094  -6.829  41.992 0.0000000000
52333  37.831  -6.645  40.400 0.0000000000
53091  36.772  -5.898  50.760 0.0000000000
53116  36.719  -5.753  49.829 0.0000000000
53118  35.133  -5.988  49.331 0.0000000000
53134  34.096  -5.837  48.190 0.0000000000
54044  36.926  -5.661  49.271 0.0000000000
54063  37.823  -5.652  48.722 0.0000000000
55099  40.766  -3.641  39.422 0.0000000000
55109  40.033  -3.786  38.489 0.0000000000
56980  44.770  -0.903  36.201 0.0000000000
59705  44.878  1.894  34.941 0.0000000000
59706  44.447  1.556  34.945 0.0000000000
59707  43.855  1.199  35.026 0.0000000000
60530  43.439  1.700  35.190 0.0000000000
62265  48.754  5.886  30.469 0.0000000000
63125  44.676  5.365  35.483 0.0000000000
63141  43.040  5.096  35.267 0.0000000000
63184  41.837  5.477  30.418 0.0000000000
63993  44.787  5.995  35.449 0.0000000000
64005  45.637  6.505  34.808 0.0000000000
