#!ascii label  , from subject  vox2ras=TkReg coords=orig
220
64503  17.494  5.949  -6.524 0.8750000000
64507  18.179  6.228  -7.167 1.0000000000
65336  18.458  7.642  -7.714 1.0000000000
65335  19.350  7.344  -8.331 1.0000000000
65329  18.606  6.985  -7.637 1.0000000000
66112  18.675  8.258  -8.279 1.0000000000
65334  20.564  7.446  -8.878 1.0000000000
66928  17.248  9.648  -7.369 1.0000000000
66111  19.787  8.371  -9.046 1.0000000000
67679  18.076  9.829  -8.604 1.0000000000
66117  20.056  8.957  -9.569 1.0000000000
66110  20.585  8.095  -9.239 1.0000000000
68416  15.794  11.652  -7.284 0.8750000000
67670  16.410  10.864  -7.657 1.0000000000
69200  15.856  12.530  -8.030 1.0000000000
67680  17.363  10.263  -8.186 1.0000000000
67692  18.438  10.385  -9.234 1.0000000000
66934  20.305  9.548  -9.869 1.0000000000
66116  20.836  8.646  -9.697 0.8750000000
70021  15.298  13.877  -7.169 0.6250000000
69201  15.469  13.358  -7.625 0.6250000000
69192  15.687  12.201  -7.404 0.7500000000
68425  16.171  11.519  -8.006 1.0000000000
68436  19.130  11.250  -9.929 1.0000000000
68437  18.197  11.713  -9.573 1.0000000000
67693  17.512  11.116  -8.871 1.0000000000
67694  17.045  11.468  -8.709 1.0000000000
67691  19.641  10.335  -9.837 1.0000000000
67690  20.596  10.412  -10.175 0.8750000000
66933  21.328  9.674  -10.320 0.8750000000
70857  14.930  14.806  -7.312 0.5000000000
70032  15.250  14.171  -7.807 0.8750000000
70040  16.021  13.719  -9.017 1.0000000000
68447  18.898  12.077  -10.130 1.0000000000
69211  17.652  12.670  -9.565 1.0000000000
68439  16.611  11.835  -8.545 1.0000000000
69223  19.075  12.777  -10.619 1.0000000000
68434  20.780  11.157  -10.364 1.0000000000
68435  20.045  11.166  -10.194 1.0000000000
68445  20.408  11.876  -10.585 1.0000000000
72502  14.722  15.862  -6.432 0.5000000000
71708  14.744  15.477  -7.506 0.8750000000
70869  15.033  14.838  -8.167 1.0000000000
71725  16.973  15.464  -10.206 1.0000000000
70876  16.760  14.703  -9.831 1.0000000000
70877  15.567  14.740  -9.067 1.0000000000
70891  18.927  14.888  -11.395 1.0000000000
70883  18.354  14.731  -11.118 1.0000000000
70047  20.197  13.789  -11.160 1.0000000000
70055  18.873  14.232  -11.242 1.0000000000
70049  18.425  13.755  -10.685 1.0000000000
69221  20.775  12.677  -10.751 1.0000000000
70048  19.318  13.580  -11.071 1.0000000000
69220  21.612  12.497  -10.661 0.8750000000
72540  17.752  16.061  -9.092 1.0000000000
71730  19.113  15.527  -11.320 1.0000000000
71732  18.112  15.785  -11.191 1.0000000000
72514  19.968  17.128  -7.811 1.0000000000
72528  19.421  16.895  -8.593 1.0000000000
72527  20.039  17.292  -8.201 1.0000000000
72539  18.538  16.394  -9.297 1.0000000000
72553  18.664  15.828  -11.253 1.0000000000
72546  18.983  16.024  -11.146 1.0000000000
71722  19.625  15.718  -11.034 1.0000000000
100098  20.070  17.327  -8.566 1.0000000000
73322  19.577  16.203  -10.603 1.0000000000
73311  19.770  17.082  -9.187 1.0000000000
73317  19.072  16.193  -11.002 1.0000000000
73301  21.196  18.167  -7.495 1.0000000000
64513  20.180  6.475  -8.503 1.0000000000
70041  15.390  14.243  -8.508 0.8750000000
70875  17.375  14.295  -10.081 1.0000000000
63630  17.101  5.306  -6.234 0.7500000000
63636  17.622  5.478  -6.709 1.0000000000
63641  19.905  5.718  -8.279 1.0000000000
64512  21.199  6.501  -8.782 1.0000000000
65338  21.667  8.071  -9.623 0.8750000000
66938  21.943  10.263  -10.674 0.8750000000
66115  21.857  8.776  -10.102 0.8750000000
67698  21.841  10.925  -10.721 0.8750000000
70046  21.143  13.499  -10.715 1.0000000000
68444  21.299  11.615  -10.637 0.8750000000
72529  18.504  16.371  -8.426 0.8750000000
71729  19.767  15.303  -11.189 1.0000000000
71721  20.397  15.401  -10.730 1.0000000000
72545  19.898  15.979  -10.488 1.0000000000
74040  20.662  18.512  -7.531 1.0000000000
73300  21.537  18.227  -8.035 1.0000000000
74058  20.329  17.266  -9.365 1.0000000000
64508  17.839  5.773  -6.890 1.0000000000
64506  19.190  6.310  -8.029 1.0000000000
66927  17.967  9.195  -8.067 1.0000000000
66926  18.838  8.918  -8.785 1.0000000000
66936  18.529  9.526  -8.852 1.0000000000
66935  19.349  9.398  -9.386 1.0000000000
68417  15.643  11.863  -6.868 0.6250000000
69193  15.503  12.546  -7.085 0.6250000000
67681  16.791  11.121  -8.355 1.0000000000
65337  22.166  8.277  -9.762 0.8750000000
70031  15.549  13.617  -8.214 1.0000000000
69212  16.724  12.684  -9.028 1.0000000000
68446  19.579  11.966  -10.417 1.0000000000
68438  17.290  11.894  -9.061 1.0000000000
67689  21.342  10.665  -10.477 0.8750000000
70039  17.201  13.653  -9.661 1.0000000000
69210  18.413  12.733  -10.079 1.0000000000
70038  17.947  13.378  -10.007 1.0000000000
69222  19.900  12.764  -10.820 1.0000000000
72542  14.844  15.794  -7.974 0.7500000000
71717  15.184  15.374  -8.539 1.0000000000
71716  16.020  15.346  -9.420 1.0000000000
72549  16.482  15.532  -9.805 1.0000000000
72548  17.507  15.737  -10.690 1.0000000000
72555  17.944  15.930  -11.108 1.0000000000
71724  17.746  15.549  -10.860 1.0000000000
70053  19.835  14.432  -11.314 1.0000000000
71723  17.999  15.179  -11.046 1.0000000000
70884  17.694  14.705  -10.601 1.0000000000
72554  18.332  15.954  -11.208 1.0000000000
72538  18.699  16.074  -11.117 1.0000000000
72547  18.190  16.127  -11.127 1.0000000000
63635  18.148  5.408  -7.085 1.0000000000
72541  15.384  15.743  -8.774 0.8750000000
60194  18.350  1.562  -5.658 0.7500000000
60206  20.515  1.646  -6.776 0.7500000000
61046  17.763  2.394  -5.221 0.7500000000
61058  18.238  2.522  -6.101 0.7500000000
60208  18.702  2.081  -6.273 0.7500000000
61057  19.065  2.574  -6.601 0.7500000000
61056  20.185  2.570  -7.077 0.7500000000
61884  19.416  3.111  -6.956 0.7500000000
61885  18.547  3.463  -6.584 0.7500000000
62760  18.257  4.329  -6.746 0.8750000000
61063  21.175  2.935  -7.432 0.7500000000
61064  20.598  3.122  -7.402 0.7500000000
61893  19.977  3.460  -7.379 0.7500000000
62767  19.121  4.143  -7.263 0.8750000000
63628  18.477  4.806  -7.123 0.8750000000
61892  20.904  3.542  -7.778 0.7500000000
62766  20.201  4.291  -7.984 0.8750000000
63634  19.166  5.233  -7.698 0.8750000000
62765  21.341  4.192  -8.294 0.7500000000
63633  20.182  5.090  -8.270 0.8750000000
62768  22.127  5.167  -8.601 0.8750000000
63640  20.825  5.582  -8.547 0.8750000000
63639  21.774  5.689  -8.717 0.8750000000
64511  22.102  6.506  -8.982 0.7500000000
65333  21.528  7.321  -9.200 0.7500000000
65332  22.412  7.609  -9.344 0.7500000000
66937  22.263  10.174  -10.699 0.7500000000
67697  22.371  10.627  -10.731 0.6250000000
68433  22.734  11.447  -10.542 0.7500000000
69209  22.925  12.323  -10.135 0.6250000000
69219  22.320  12.380  -10.503 0.7500000000
74026  20.351  18.594  -6.986 0.7500000000
70045  21.910  13.296  -10.474 0.6250000000
70037  22.537  13.218  -10.179 0.6250000000
70873  22.652  14.130  -9.763 0.6250000000
70881  21.575  14.283  -10.415 0.7500000000
70882  20.778  14.466  -10.845 0.8750000000
72537  20.691  16.036  -9.970 0.8750000000
73316  21.261  16.760  -9.668 0.8750000000
71715  21.049  15.551  -10.151 0.8750000000
72536  21.475  16.065  -9.649 0.8750000000
71714  21.671  15.200  -9.971 0.6250000000
74780  20.289  18.910  -7.439 0.7500000000
74059  20.469  17.416  -8.920 0.8750000000
73310  21.675  17.703  -8.698 0.7500000000
72535  21.959  15.692  -9.546 0.6250000000
74779  20.891  18.897  -7.992 0.8750000000
74039  21.155  18.418  -8.322 0.8750000000
75474  21.330  19.272  -7.604 0.7500000000
74050  21.800  18.436  -7.924 0.8750000000
74049  22.259  18.227  -7.779 0.7500000000
75475  20.591  19.196  -7.833 0.7500000000
75461  21.583  19.977  -7.043 0.7500000000
75485  21.987  19.153  -7.372 0.7500000000
71720  21.131  15.018  -10.493 0.8750000000
75486  21.793  19.084  -7.579 0.7500000000
74788  22.036  18.796  -7.556 0.7500000000
66932  22.389  9.715  -10.511 0.7500000000
72526  21.704  16.803  -9.380 0.7500000000
59293  18.798  0.412  -5.527 0.7500000000
60177  18.041  0.783  -5.046 0.7500000000
60195  17.818  1.812  -5.125 0.7500000000
59292  19.924  0.345  -6.156 0.7500000000
60207  19.396  1.752  -6.513 0.7500000000
61886  17.747  3.222  -5.879 0.7500000000
65339  21.061  7.913  -9.338 0.7500000000
73321  20.599  16.575  -9.890 0.8750000000
63629  17.750  4.919  -6.725 0.7500000000
60193  19.238  0.989  -6.157 0.7500000000
59306  19.969  1.112  -6.446 0.7500000000
62769  21.572  4.959  -8.568 0.7500000000
62770  20.829  4.779  -8.435 0.8750000000
62764  22.364  4.580  -8.302 0.6250000000
70874  22.089  14.530  -9.956 0.6250000000
74789  21.610  18.839  -7.797 0.7500000000
58422  19.403  -0.391  -5.610 0.6250000000
57536  18.934  -1.002  -5.270 0.6250000000
58423  18.625  -0.425  -5.178 0.6250000000
57535  19.683  -1.055  -5.535 0.6250000000
59275  18.082  0.050  -4.850 0.6250000000
57521  18.355  -1.397  -4.712 0.5000000000
58406  18.115  -0.681  -4.691 0.5000000000
57537  18.485  -0.890  -5.004 0.5000000000
70841  15.149  14.728  -6.804 0.5000000000
71696  14.750  15.468  -6.768 0.5000000000
70885  17.284  15.189  -10.431 1.0000000000
70054  19.451  14.300  -11.325 1.0000000000
70890  19.538  14.888  -11.345 1.0000000000
71731  18.377  15.504  -11.228 1.0000000000
70889  20.118  14.729  -11.212 1.0000000000
70050  17.744  13.970  -10.231 1.0000000000
68443  22.070  11.564  -10.734 0.7500000000
100096  20.814  17.640  -8.467 0.8750000000
61047  17.749  1.876  -4.877 0.7500000000
61894  19.264  3.528  -7.077 0.7500000000
70880  22.158  13.892  -10.172 0.6250000000
100097  20.774  17.450  -8.991 0.8750000000
