#!ascii label  , from subject sub-01 vox2ras=TkReg
1326
14553  44.068  -50.879  1.491 0.2000000030
15299  43.906  -50.063  1.380 0.2000000030
13142  42.265  -52.009  0.941 0.1000000015
16006  45.306  -48.774  0.894 0.3000000119
16007  44.081  -49.207  0.933 0.2000000030
14554  43.255  -50.719  1.322 0.1000000015
13851  43.724  -51.468  1.246 0.2000000030
16008  43.306  -49.555  0.904 0.1000000015
13852  42.764  -51.373  1.191 0.1000000015
14555  42.302  -50.657  1.207 0.1000000015
15317  42.273  -49.585  0.509 0.1000000015
13853  41.791  -51.304  1.218 0.1000000015
15318  41.354  -49.557  0.415 0.1000000015
13143  41.262  -51.966  1.084 0.1000000015
14556  41.351  -50.606  1.198 0.1000000015
15302  40.913  -49.986  0.914 0.2000000030
16043  44.661  -48.925  -1.805 0.1000000015
16060  43.824  -49.416  -3.013 0.1000000015
16025  44.261  -48.783  -0.244 0.2000000030
16026  42.989  -49.242  0.012 0.1000000015
15300  42.815  -49.996  1.055 0.1000000015
16027  41.785  -49.374  -0.298 0.1000000015
16825  41.049  -48.181  -2.661 0.2000000030
16062  41.391  -48.834  -2.315 0.2000000030
16842  40.943  -47.776  -2.721 0.1000000015
16028  40.797  -49.191  -0.273 0.2000000030
17716  40.867  -46.885  -2.634 0.2000000030
16810  39.929  -47.495  -1.219 0.1000000015
17678  39.826  -46.886  -1.209 0.1000000015
16044  43.407  -49.283  -1.503 0.1000000015
16045  42.183  -49.406  -1.331 0.1000000015
17715  41.485  -46.878  -3.386 0.2000000030
18602  41.382  -45.914  -3.376 0.2000000030
19482  40.868  -45.076  -2.987 0.2000000030
18603  40.695  -45.718  -2.609 0.2000000030
18587  40.164  -45.990  -1.994 0.1000000015
17698  39.717  -46.298  -1.265 0.2000000030
16061  42.550  -49.454  -2.607 0.1000000015
16086  43.516  -48.462  -4.683 0.1000000015
16076  42.081  -48.806  -3.054 0.2000000030
17727  42.148  -46.779  -4.192 0.2000000030
19467  40.942  -44.403  -2.734 0.3000000119
19468  40.144  -44.845  -2.237 0.2000000030
18588  39.581  -45.369  -1.434 0.2000000030
16778  38.649  -47.664  1.055 0.2000000030
18615  42.644  -45.680  -4.926 0.3000000119
16852  42.274  -47.660  -4.005 0.2000000030
20352  42.225  -43.709  -3.693 0.3000000119
21281  42.399  -42.970  -3.328 0.3000000119
21268  42.613  -42.187  -2.918 0.3000000119
20340  41.473  -43.579  -2.821 0.3000000119
20341  40.519  -43.838  -2.147 0.2000000030
17661  38.983  -46.479  0.255 0.2000000030
16779  37.785  -47.639  1.454 0.2000000030
22204  43.369  -42.055  -3.290 0.4000000060
20351  43.070  -43.400  -4.076 0.3000000119
18616  41.952  -45.550  -4.279 0.2000000030
19481  41.625  -44.611  -3.702 0.2000000030
21269  41.744  -42.578  -2.385 0.3000000119
19469  39.567  -44.539  -1.458 0.2000000030
20342  39.860  -44.026  -1.694 0.2000000030
18555  38.873  -45.830  0.159 0.2000000030
22203  43.845  -41.559  -3.242 0.3000000119
21270  40.879  -42.976  -1.862 0.2000000030
20329  39.347  -43.755  -0.940 0.2000000030
20328  40.060  -43.291  -1.432 0.2000000030
20314  38.554  -44.156  -0.291 0.1000000015
19456  39.084  -44.792  -0.834 0.2000000030
18535  37.831  -46.199  1.155 0.2000000030
19442  38.722  -45.207  -0.022 0.2000000030
18534  38.166  -46.270  1.060 0.2000000030
23088  44.271  -40.681  -3.029 0.3000000119
22191  42.859  -41.378  -2.433 0.3000000119
23073  43.789  -40.113  -2.300 0.2000000030
22192  42.011  -41.752  -1.895 0.3000000119
23074  43.358  -40.233  -1.978 0.2000000030
21254  41.205  -42.141  -1.404 0.1000000015
21255  40.394  -42.500  -1.010 0.1000000015
19443  38.121  -44.823  0.397 0.1000000015
21256  39.693  -42.865  -0.713 0.1000000015
22179  40.710  -41.692  -0.532 0.1000000015
18557  37.618  -45.472  0.884 0.1000000015
23087  44.988  -40.873  -3.764 0.3000000119
23921  44.709  -39.709  -2.981 0.2000000030
24753  44.934  -38.674  -3.139 0.2000000030
25520  44.940  -37.805  -3.716 0.1000000015
23907  44.120  -39.506  -2.373 0.1000000015
24754  44.413  -38.725  -2.618 0.1000000015
23909  43.009  -39.818  -1.535 0.1000000015
22177  42.141  -40.880  -1.407 0.1000000015
21238  39.888  -42.092  -0.210 0.1000000015
21239  38.935  -42.817  0.072 0.1000000015
23933  45.502  -40.155  -3.996 0.2000000030
25521  44.074  -37.489  -3.072 0.1000000015
24741  43.315  -38.427  -1.514 0.1000000015
24740  43.787  -38.348  -2.147 0.1000000015
23894  42.610  -39.342  -0.845 0.1000000015
23060  42.235  -40.157  -0.975 0.1000000015
22160  41.008  -40.853  -0.126 0.1000000015
23061  41.655  -40.347  -0.532 0.1000000015
25504  43.172  -37.411  -1.860 0.1000000015
22161  40.277  -41.236  0.272 0.1000000015
25522  43.508  -37.235  -2.556 0.1000000015
15301  41.840  -50.044  0.929 0.1000000015
16047  40.203  -48.503  -0.954 0.1000000015
21136  39.978  -42.655  7.826 0.5000000000
20218  40.411  -43.085  8.632 0.5000000000
22072  39.432  -41.744  7.272 0.5000000000
20188  40.457  -43.159  10.030 0.2000000030
20189  39.698  -43.154  10.011 0.3000000119
20205  39.866  -43.133  9.085 0.3000000119
21119  39.559  -42.869  8.573 0.5000000000
21120  38.892  -42.723  8.872 0.5000000000
21137  38.970  -42.149  7.818 0.5000000000
22066  38.381  -41.910  8.206 0.5000000000
21160  40.069  -41.691  6.890 0.5000000000
22085  41.135  -41.513  6.119 0.5000000000
20190  39.030  -43.020  9.938 0.3000000119
22073  38.646  -41.186  7.484 0.5000000000
22087  39.689  -40.933  6.556 0.5000000000
20260  44.386  -43.154  4.755 0.4000000060
20261  43.404  -43.201  4.804 0.5000000000
20252  43.094  -42.581  5.303 0.5000000000
21178  42.400  -42.215  5.624 0.5000000000
20164  40.100  -43.588  10.555 0.3000000119
21111  38.498  -42.757  9.851 0.4000000060
21112  38.022  -42.397  9.558 0.4000000060
21121  38.000  -42.037  8.835 0.5000000000
22067  37.766  -41.198  8.334 0.5000000000
22957  37.725  -40.131  8.324 0.5000000000
22074  38.098  -40.559  7.862 0.5000000000
22088  39.020  -40.429  6.996 0.5000000000
22086  40.515  -41.328  6.231 0.6000000238
21179  41.430  -41.846  5.500 0.5000000000
22102  40.850  -41.454  5.652 0.5000000000
19382  44.871  -44.033  4.359 0.4000000060
17504  39.603  -46.292  11.055 0.1000000015
18371  38.543  -45.333  11.174 0.1000000015
19280  37.460  -44.445  11.382 0.1000000015
18394  39.088  -45.003  11.011 0.1000000015
19279  38.331  -44.691  11.182 0.1000000015
20146  36.861  -43.727  11.402 0.1000000015
19303  38.124  -43.861  11.185 0.1000000015
20168  36.777  -43.169  11.255 0.1000000015
20165  39.287  -43.523  10.507 0.2000000030
19302  38.836  -44.007  11.024 0.1000000015
20166  38.381  -43.124  10.573 0.4000000060
21091  38.104  -42.653  10.095 0.4000000060
22063  37.308  -41.665  9.418 0.4000000060
22954  37.134  -40.429  8.959 0.5000000000
23782  37.519  -39.340  8.789 0.5000000000
21183  41.772  -42.489  4.955 0.5000000000
19406  46.042  -44.743  3.455 0.5000000000
15893  38.480  -48.140  12.000 0.1000000015
16656  38.596  -47.312  11.589 0.1000000015
16655  39.763  -47.119  11.245 0.1000000015
17505  38.838  -46.113  11.221 0.1000000015
18372  37.966  -45.467  11.317 0.1000000015
19281  36.483  -44.509  11.684 0.1000000015
17506  37.755  -46.499  11.607 0.1000000015
22934  35.286  -40.594  11.120 0.2000000030
20167  37.432  -43.258  11.113 0.1000000015
21093  36.665  -42.427  11.026 0.1000000015
22053  36.062  -41.363  10.940 0.2000000030
21092  37.479  -42.387  10.258 0.2000000030
22945  36.362  -40.466  10.113 0.2000000030
22946  35.815  -40.292  10.583 0.2000000030
23773  35.566  -39.513  10.797 0.2000000030
22051  37.154  -41.922  9.950 0.3000000119
22064  36.792  -40.891  9.614 0.3000000119
22955  36.684  -40.137  9.505 0.4000000060
23783  37.048  -39.399  9.309 0.4000000060
22103  40.370  -41.177  5.283 0.5000000000
22104  39.882  -40.386  5.586 0.5000000000
21180  40.818  -41.739  5.081 0.5000000000
22961  38.134  -39.932  7.950 0.5000000000
20262  42.433  -43.073  4.761 0.5000000000
21184  41.084  -42.424  4.750 0.5000000000
22970  39.351  -39.955  6.421 0.5000000000
19383  43.832  -44.060  4.467 0.5000000000
15894  38.065  -48.254  12.329 0.1000000015
16657  37.648  -47.612  12.171 0.1000000015
17507  36.749  -46.681  12.249 0.1000000015
17487  35.715  -46.425  12.885 0.1000000015
18373  37.038  -45.567  11.677 0.1000000015
20147  36.136  -43.262  11.486 0.1000000015
22043  34.894  -41.402  11.577 0.1000000015
21079  36.146  -42.489  11.301 0.1000000015
21094  36.139  -42.106  11.206 0.1000000015
22042  35.471  -41.383  11.293 0.2000000030
23779  36.186  -39.413  10.300 0.3000000119
24603  36.114  -38.391  10.680 0.2000000030
23778  36.624  -39.435  9.787 0.4000000060
24602  37.005  -38.463  10.094 0.3000000119
24608  37.064  -38.877  9.651 0.4000000060
22986  39.580  -39.700  5.697 0.5000000000
23801  39.345  -39.078  6.197 0.5000000000
24627  39.285  -38.363  7.099 0.5000000000
23802  39.018  -39.222  6.888 0.5000000000
23787  38.044  -39.227  8.278 0.5000000000
25376  40.032  -37.890  7.966 0.5000000000
24628  38.916  -38.859  7.298 0.5000000000
22960  38.505  -40.137  7.475 0.5000000000
22971  38.917  -39.827  7.049 0.5000000000
19421  47.278  -44.963  2.595 0.4000000060
18498  46.437  -45.098  2.796 0.4000000060
19381  46.021  -44.043  4.054 0.4000000060
18339  33.964  -45.181  13.955 0.1000000015
18354  35.069  -45.711  13.091 0.1000000015
19264  33.958  -43.699  13.278 0.1000000015
18374  36.038  -45.621  12.260 0.1000000015
17508  36.183  -46.371  12.492 0.1000000015
19262  35.321  -45.202  12.626 0.1000000015
19263  34.530  -44.569  13.012 0.1000000015
19283  34.827  -43.718  12.406 0.1000000015
20132  34.339  -43.431  12.761 0.1000000015
20148  35.197  -43.156  11.926 0.1000000015
21081  34.660  -42.284  12.023 0.1000000015
22935  34.512  -40.492  11.638 0.2000000030
23775  34.264  -39.579  11.824 0.2000000030
24597  34.721  -38.661  11.501 0.2000000030
23774  34.905  -39.607  11.281 0.2000000030
24596  35.358  -38.782  11.099 0.2000000030
30471  39.762  -31.728  8.578 0.2000000030
29568  40.104  -32.900  8.083 0.2000000030
27815  39.719  -34.026  9.093 0.2000000030
27806  39.614  -34.937  9.522 0.2000000030
28643  41.073  -34.125  8.635 0.2000000030
27814  40.504  -34.490  9.139 0.2000000030
27805  40.611  -35.448  9.619 0.2000000030
26957  39.821  -36.071  9.863 0.2000000030
26958  38.911  -35.796  9.807 0.3000000119
26155  38.990  -36.786  10.011 0.2000000030
26955  41.601  -36.357  9.770 0.2000000030
27804  41.179  -35.814  9.695 0.3000000119
26956  40.708  -36.340  9.913 0.3000000119
26154  39.930  -37.025  10.054 0.4000000060
25350  38.457  -37.356  10.012 0.5000000000
25351  37.777  -37.655  10.136 0.4000000060
24607  37.779  -38.326  9.445 0.5000000000
25366  40.990  -37.997  8.744 0.5000000000
25358  40.962  -37.777  9.488 0.4000000060
26153  40.903  -37.196  10.046 0.4000000060
25359  40.035  -37.611  9.604 0.4000000060
25368  39.396  -37.914  9.262 0.5000000000
25360  38.895  -37.645  9.596 0.5000000000
25367  39.851  -38.060  8.903 0.5000000000
24619  39.299  -38.232  8.215 0.5000000000
24620  38.867  -38.656  7.799 0.5000000000
23792  38.677  -39.300  7.455 0.5000000000
23793  38.346  -39.513  7.821 0.5000000000
19230  33.463  -44.343  14.986 0.1000000015
18329  33.820  -45.346  14.605 0.1000000015
19246  33.699  -44.375  13.912 0.1000000015
20101  33.204  -42.608  14.620 0.1000000015
20115  33.549  -43.183  13.726 0.1000000015
21056  33.167  -42.147  13.930 0.1000000015
21055  33.382  -42.158  13.455 0.1000000015
22016  33.091  -41.680  13.882 0.1000000015
21067  33.798  -42.094  12.709 0.1000000015
22029  33.464  -41.342  12.863 0.1000000015
21082  34.157  -42.104  12.340 0.1000000015
22936  33.969  -40.352  12.104 0.2000000030
23769  33.650  -39.679  12.459 0.2000000030
25344  35.432  -37.712  11.156 0.2000000030
30472  39.282  -31.981  8.844 0.1000000015
28645  39.189  -33.300  8.966 0.2000000030
28636  39.062  -34.115  9.313 0.2000000030
25353  36.293  -37.365  10.844 0.2000000030
31283  39.982  -31.031  9.433 0.1000000015
30464  39.534  -31.534  9.163 0.1000000015
28646  38.642  -32.970  9.299 0.1000000015
25352  36.997  -37.533  10.562 0.2000000030
27807  38.568  -34.777  9.627 0.1000000015
26156  38.399  -36.417  10.088 0.1000000015
26144  38.311  -36.995  10.243 0.3000000119
24612  38.712  -38.303  8.739 0.5000000000
24606  38.456  -38.076  9.296 0.5000000000
24613  37.937  -38.720  8.753 0.5000000000
23786  38.465  -38.952  7.988 0.5000000000
20092  33.332  -43.345  15.471 0.1000000015
21030  33.418  -42.305  15.959 0.1000000015
21991  33.279  -41.080  15.311 0.1000000015
21039  33.132  -42.113  15.038 0.1000000015
21996  33.117  -41.216  14.960 0.1000000015
22890  33.230  -40.417  15.082 0.1000000015
22001  33.052  -41.435  14.411 0.1000000015
23766  33.075  -39.770  13.758 0.1000000015
23758  33.130  -39.655  14.505 0.1000000015
23765  33.297  -39.437  13.064 0.1000000015
24598  34.065  -38.686  12.076 0.2000000030
25345  34.522  -37.620  11.790 0.2000000030
26138  35.224  -36.626  11.490 0.2000000030
26147  36.019  -36.598  11.072 0.2000000030
31278  39.952  -30.925  10.226 0.1000000015
30459  39.363  -31.419  9.881 0.1000000015
28637  38.321  -33.594  9.586 0.1000000015
26146  36.852  -36.585  10.795 0.1000000015
26959  38.052  -35.663  9.999 0.1000000015
26145  37.719  -36.658  10.442 0.2000000030
22882  34.332  -40.384  16.013 0.1000000015
21990  33.456  -41.263  15.660 0.1000000015
23741  35.394  -39.313  16.302 0.1000000015
22883  33.622  -40.409  15.606 0.1000000015
24565  34.584  -38.504  15.861 0.1000000015
24572  33.734  -38.617  15.296 0.1000000015
25338  33.275  -38.283  14.325 0.1000000015
24590  33.108  -38.809  14.069 0.1000000015
26135  33.738  -37.027  13.371 0.1000000015
25341  33.642  -37.682  12.927 0.1000000015
26134  34.151  -36.601  12.774 0.1000000015
26139  34.596  -36.557  12.050 0.2000000030
26951  35.786  -35.675  11.309 0.2000000030
26950  36.525  -35.650  10.904 0.1000000015
31274  40.052  -30.855  11.072 0.1000000015
30453  39.274  -31.310  10.751 0.1000000015
29562  38.302  -32.578  9.793 0.1000000015
30461  37.973  -32.021  10.709 0.1000000015
29557  38.040  -32.260  10.335 0.1000000015
27808  37.623  -34.550  10.043 0.1000000015
26949  37.287  -35.656  10.469 0.2000000030
24563  36.005  -38.191  16.546 0.1000000015
26100  35.270  -37.209  15.901 0.1000000015
26109  34.270  -37.205  15.233 0.1000000015
26131  33.763  -36.792  14.041 0.1000000015
26130  34.060  -36.385  13.402 0.1000000015
26944  34.703  -35.706  12.377 0.2000000030
27794  35.253  -34.730  12.067 0.1000000015
26943  35.153  -35.686  11.761 0.2000000030
27793  35.744  -34.511  11.587 0.1000000015
27802  35.576  -34.999  11.504 0.2000000030
30435  38.218  -31.901  12.018 0.1000000015
30436  37.590  -32.117  11.860 0.1000000015
29551  37.183  -32.483  11.633 0.1000000015
28633  36.537  -33.715  11.111 0.1000000015
27801  36.216  -34.602  11.110 0.1000000015
30434  39.427  -31.449  11.868 0.1000000015
30454  38.486  -31.686  11.158 0.1000000015
30455  37.728  -32.043  11.319 0.1000000015
29558  37.469  -32.774  10.630 0.1000000015
28632  36.968  -33.864  10.553 0.1000000015
28638  37.606  -33.538  10.105 0.1000000015
26099  35.726  -36.822  16.022 0.1000000015
26107  35.328  -36.388  15.553 0.1000000015
26925  34.777  -35.909  14.799 0.1000000015
26936  34.235  -36.339  14.426 0.1000000015
27790  34.782  -35.096  13.363 0.1000000015
27789  35.145  -34.480  12.880 0.1000000015
29498  38.541  -33.009  13.914 0.1000000015
29523  37.862  -32.766  13.334 0.1000000015
28608  37.260  -33.102  13.519 0.1000000015
28622  35.985  -33.518  12.615 0.1000000015
28627  35.568  -34.043  12.473 0.1000000015
29521  39.708  -32.318  13.722 0.1000000015
29522  38.897  -32.407  13.359 0.1000000015
29544  38.240  -32.232  12.768 0.1000000015
29524  37.083  -32.819  13.037 0.1000000015
29546  36.617  -32.968  12.315 0.1000000015
28626  35.997  -33.828  11.770 0.1000000015
30404  39.762  -31.836  13.020 0.1000000015
30405  38.896  -31.952  12.607 0.1000000015
29545  37.488  -32.396  12.436 0.1000000015
27769  35.771  -34.843  14.645 0.1000000015
27768  36.658  -34.409  14.647 0.1000000015
27781  35.314  -34.517  13.691 0.1000000015
27767  37.135  -34.109  14.516 0.1000000015
28610  35.916  -33.994  13.977 0.1000000015
28623  35.640  -33.869  13.183 0.1000000015
29497  39.366  -32.854  14.096 0.1000000015
28586  37.701  -33.593  14.271 0.1000000015
28587  36.644  -33.897  14.219 0.1000000015
20206  39.356  -43.043  9.513 0.4000000060
17527  39.554  -45.722  10.975 0.1000000015
22052  36.804  -41.606  10.191 0.2000000030
16658  36.960  -47.407  12.518 0.1000000015
17486  36.242  -46.743  12.643 0.1000000015
18353  35.528  -45.747  12.697 0.1000000015
19282  35.484  -44.311  12.159 0.1000000015
21080  35.600  -42.178  11.484 0.1000000015
24601  37.532  -38.153  9.950 0.4000000060
24642  39.609  -38.197  5.866 0.5000000000
19245  34.120  -44.926  13.624 0.1000000015
20149  34.642  -43.056  12.311 0.1000000015
21066  34.235  -42.643  12.532 0.1000000015
20133  33.866  -42.867  13.081 0.1000000015
22044  34.061  -41.356  12.167 0.1000000015
29569  39.728  -32.511  8.400 0.2000000030
30477  40.069  -31.994  8.132 0.2000000030
28644  40.209  -33.461  8.463 0.2000000030
27813  41.667  -35.170  9.299 0.2000000030
25361  38.227  -37.712  9.820 0.5000000000
25357  41.857  -37.719  9.280 0.5000000000
26152  41.784  -37.261  9.776 0.5000000000
24611  39.270  -38.175  8.658 0.5000000000
21038  33.250  -42.664  15.395 0.1000000015
20100  33.318  -43.348  14.548 0.1000000015
22908  33.025  -40.869  13.823 0.1000000015
22015  33.200  -41.301  13.422 0.1000000015
22920  33.610  -40.637  12.518 0.1000000015
24593  33.576  -38.671  12.685 0.2000000030
30465  38.938  -31.924  9.464 0.1000000015
21989  33.887  -41.280  16.117 0.1000000015
22896  33.048  -40.566  14.424 0.1000000015
24573  33.424  -39.128  15.098 0.1000000015
24589  33.284  -38.680  13.376 0.1000000015
25346  33.938  -37.968  12.344 0.2000000030
23743  33.960  -39.565  15.728 0.1000000015
22881  35.247  -40.317  16.230 0.1000000015
23742  34.609  -39.504  16.005 0.1000000015
24564  35.447  -38.374  16.286 0.1000000015
24566  34.189  -39.029  15.766 0.1000000015
25308  34.991  -37.665  15.909 0.1000000015
25316  34.423  -37.627  15.517 0.1000000015
24580  33.442  -38.358  14.783 0.1000000015
25317  33.959  -37.658  15.179 0.1000000015
25337  33.346  -37.817  13.800 0.1000000015
25327  33.535  -37.794  14.607 0.1000000015
26941  34.414  -35.743  13.051 0.1000000015
30460  38.565  -31.820  10.270 0.1000000015
29563  37.869  -33.078  9.973 0.1000000015
25307  35.605  -37.626  16.240 0.1000000015
26120  34.465  -36.458  14.931 0.1000000015
26121  34.079  -36.870  14.836 0.1000000015
26926  34.373  -36.382  14.706 0.1000000015
26935  34.361  -35.869  13.873 0.1000000015
29552  36.738  -33.135  11.366 0.1000000015
29559  36.897  -33.331  10.890 0.1000000015
27800  36.881  -34.848  10.543 0.1000000015
26897  36.247  -36.434  16.069 0.1000000015
26911  35.120  -36.190  15.326 0.1000000015
26910  35.757  -35.844  15.472 0.1000000015
26924  35.343  -35.447  14.862 0.1000000015
27782  34.953  -35.182  14.158 0.1000000015
28609  36.525  -33.355  13.430 0.1000000015
28588  36.208  -34.248  14.363 0.1000000015
28563  38.139  -34.216  14.865 0.1000000015
28584  39.888  -33.467  14.604 0.1000000015
29496  40.346  -32.705  14.226 0.1000000015
28585  38.947  -33.481  14.500 0.1000000015
20160  43.901  -43.370  10.444 0.1000000015
20185  43.302  -43.017  9.842 0.1000000015
20186  42.251  -43.104  9.999 0.1000000015
20161  42.785  -43.461  10.468 0.1000000015
20162  41.810  -43.506  10.569 0.1000000015
20163  40.926  -43.518  10.638 0.1000000015
20184  44.642  -42.728  9.649 0.2000000030
20202  42.721  -43.117  9.020 0.1000000015
20187  41.319  -43.124  10.075 0.1000000015
21118  45.584  -42.222  8.737 0.2000000030
20201  43.685  -42.761  8.764 0.2000000030
20203  41.706  -43.194  9.210 0.2000000030
20204  40.804  -43.141  9.298 0.3000000119
20215  43.099  -42.763  7.874 0.2000000030
21131  45.015  -41.923  7.488 0.2000000030
20216  42.111  -43.171  8.028 0.2000000030
20213  44.319  -42.021  7.656 0.2000000030
21172  49.128  -42.445  6.244 0.1000000015
20200  44.494  -42.359  8.321 0.2000000030
20217  41.048  -43.091  8.356 0.3000000119
21153  47.081  -41.668  6.800 0.1000000015
21130  46.295  -41.729  7.704 0.1000000015
21152  48.375  -42.007  6.974 0.1000000015
21135  41.364  -42.524  7.354 0.4000000060
20214  43.834  -42.280  7.767 0.2000000030
21173  47.907  -41.906  6.010 0.1000000015
20247  48.659  -42.624  5.471 0.2000000030
21133  43.341  -42.088  7.132 0.2000000030
21134  42.444  -42.380  7.142 0.4000000060
21154  45.801  -41.612  6.659 0.3000000119
21155  44.708  -41.806  6.570 0.3000000119
21159  40.820  -41.884  6.767 0.4000000060
21132  44.122  -41.869  7.152 0.3000000119
21176  44.343  -42.105  5.971 0.4000000060
32134  40.857  -30.002  9.233 0.1000000015
31289  40.004  -31.229  8.857 0.1000000015
21157  42.856  -42.170  6.478 0.4000000060
21158  41.786  -41.970  6.409 0.5000000000
21156  43.799  -42.068  6.559 0.4000000060
31288  40.547  -30.583  8.773 0.1000000015
32138  40.890  -30.060  8.810 0.1000000015
30470  40.261  -31.351  8.368 0.1000000015
30476  40.573  -31.672  7.862 0.1000000015
29574  40.355  -32.498  7.888 0.1000000015
29573  41.128  -32.181  7.411 0.1000000015
28651  40.396  -33.075  7.950 0.1000000015
20159  45.081  -43.336  10.573 0.1000000015
31293  40.694  -30.979  8.088 0.1000000015
28650  41.129  -33.333  7.755 0.1000000015
19298  42.309  -44.090  10.845 0.1000000015
15231  42.217  -49.140  5.302 0.1000000015
15257  41.105  -50.243  5.046 0.1000000015
15254  44.039  -50.067  5.047 0.1000000015
15258  40.220  -50.129  5.201 0.1000000015
15954  44.651  -48.439  5.430 0.1000000015
15232  40.908  -49.357  5.452 0.1000000015
13809  37.482  -51.515  4.566 0.1000000015
14516  39.865  -50.798  4.801 0.1000000015
7058  42.066  -60.957  3.723 0.1000000015
12313  35.871  -53.535  6.046 0.1000000015
13065  35.733  -53.034  5.235 0.1000000015
16728  43.690  -47.516  5.777 0.1000000015
13064  36.055  -52.409  5.112 0.1000000015
13784  37.006  -51.059  5.159 0.1000000015
16727  45.007  -47.606  5.631 0.1000000015
15229  44.372  -49.283  5.239 0.1000000015
7053  42.254  -61.191  4.388 0.1000000015
7720  41.554  -60.080  3.636 0.1000000015
8450  40.639  -59.056  4.104 0.1000000015
7707  41.816  -59.835  5.895 0.1000000015
7714  42.497  -60.475  5.033 0.1000000015
7719  42.769  -60.251  3.953 0.1000000015
8443  39.796  -58.222  4.698 0.1000000015
10809  37.250  -55.776  6.003 0.1000000015
10806  36.258  -54.962  6.008 0.1000000015
15956  42.826  -48.330  5.584 0.1000000015
16729  42.594  -47.617  5.973 0.1000000015
14492  39.342  -50.191  5.192 0.1000000015
17584  45.504  -46.856  5.885 0.1000000015
15953  45.788  -48.479  5.482 0.1000000015
15228  45.434  -49.306  5.272 0.1000000015
8449  41.929  -59.261  3.981 0.1000000015
8442  40.990  -58.360  4.530 0.1000000015
7706  43.003  -59.662  5.418 0.1000000015
8448  42.964  -59.351  4.030 0.1000000015
9219  41.359  -57.747  5.033 0.1000000015
10030  39.268  -57.143  5.547 0.1000000015
10031  38.557  -56.900  5.611 0.1000000015
10025  38.255  -56.147  6.022 0.1000000015
10026  37.647  -55.988  5.999 0.1000000015
11558  37.341  -53.910  7.039 0.1000000015
11564  36.533  -54.244  6.525 0.1000000015
11559  36.762  -53.645  6.823 0.1000000015
15234  38.125  -49.573  5.912 0.1000000015
17585  44.360  -46.911  5.977 0.1000000015
16730  42.092  -47.572  6.230 0.1000000015
15957  41.535  -48.131  5.964 0.1000000015
15959  39.649  -48.954  6.192 0.1000000015
14493  38.466  -50.050  5.315 0.1000000015
9214  40.695  -57.092  5.640 0.1000000015
8433  42.230  -59.188  6.345 0.1000000015
7713  43.355  -59.881  4.535 0.1000000015
8447  43.527  -59.429  4.253 0.1000000015
9218  42.551  -57.946  4.914 0.1000000015
10024  39.548  -56.542  5.951 0.1000000015
10803  38.755  -55.388  6.495 0.1000000015
12307  37.799  -53.204  7.590 0.1000000015
8439  43.934  -59.153  4.946 0.1000000015
8440  43.242  -58.782  4.440 0.1000000015
10804  37.752  -55.554  6.263 0.1000000015
11563  37.735  -54.792  6.693 0.1000000015
13772  37.199  -51.454  7.592 0.1000000015
12312  36.377  -53.256  6.551 0.1000000015
14474  36.874  -50.871  7.115 0.1000000015
13773  36.678  -51.589  6.995 0.1000000015
14483  37.130  -50.195  6.549 0.1000000015
14484  36.701  -51.000  6.581 0.1000000015
15940  40.516  -48.075  6.805 0.1000000015
15218  37.759  -49.597  6.429 0.1000000015
14495  36.744  -50.893  5.935 0.1000000015
17574  43.492  -46.585  6.597 0.1000000015
15939  41.215  -47.771  6.556 0.1000000015
17573  44.862  -46.345  6.427 0.1000000015
17572  46.049  -46.229  6.345 0.1000000015
16725  47.392  -47.569  5.628 0.1000000015
16726  46.216  -47.631  5.660 0.1000000015
17582  48.054  -46.439  5.951 0.1000000015
17570  47.708  -46.063  6.226 0.1000000015
10023  40.933  -56.429  6.151 0.1000000015
8416  42.579  -58.616  6.908 0.1000000015
8431  43.897  -58.430  6.404 0.1000000015
8438  43.891  -58.678  5.683 0.1000000015
9216  43.894  -58.466  5.394 0.1000000015
9212  42.941  -57.383  5.538 0.1000000015
9213  41.773  -57.153  5.589 0.1000000015
10802  40.119  -55.635  6.543 0.1000000015
11557  38.525  -54.278  7.214 0.1000000015
8432  43.450  -59.036  6.095 0.1000000015
12300  38.416  -52.806  8.075 0.1000000015
12308  36.929  -53.137  7.064 0.1000000015
13049  37.775  -52.224  7.955 0.1000000015
13053  37.064  -52.342  7.393 0.1000000015
13769  37.836  -51.317  8.217 0.1000000015
15921  39.182  -48.844  7.996 0.1000000015
15922  38.721  -49.072  7.766 0.1000000015
18459  44.426  -45.937  6.976 0.1000000015
18437  44.089  -45.897  7.545 0.1000000015
18460  43.802  -46.022  7.080 0.1000000015
17559  42.822  -46.402  7.435 0.1000000015
15933  40.389  -48.077  7.631 0.1000000015
15935  38.932  -48.861  7.257 0.1000000015
18436  45.057  -45.817  7.597 0.1000000015
16714  41.143  -47.574  6.917 0.1000000015
18458  45.530  -45.791  6.924 0.1000000015
17571  47.178  -46.143  6.294 0.1000000015
18465  48.636  -45.813  6.257 0.1000000015
8403  43.519  -58.536  7.882 0.1000000015
9197  42.840  -58.494  7.514 0.1000000015
9210  43.983  -58.178  6.011 0.1000000015
9211  43.750  -57.792  5.659 0.1000000015
8415  43.455  -58.522  6.953 0.1000000015
10022  42.261  -56.408  6.303 0.1000000015
10801  41.375  -55.751  6.703 0.1000000015
10796  39.458  -54.875  6.980 0.1000000015
12306  38.872  -53.478  7.848 0.1000000015
10795  40.707  -55.060  7.189 0.1000000015
12305  39.504  -53.496  8.188 0.1000000015
13768  38.475  -51.203  8.732 0.1000000015
13048  38.622  -52.139  8.556 0.1000000015
15192  39.116  -49.851  8.863 0.1000000015
15197  38.623  -49.544  8.256 0.1000000015
16692  40.818  -47.921  8.030 0.1000000015
18421  43.103  -46.114  7.766 0.1000000015
16691  41.609  -47.461  8.032 0.1000000015
18419  44.485  -46.043  8.132 0.1000000015
18435  46.417  -45.496  7.654 0.1000000015
18457  46.722  -45.707  6.816 0.1000000015
18456  47.928  -45.659  6.515 0.1000000015
10794  42.200  -55.399  7.383 0.1000000015
10785  42.319  -55.046  8.065 0.1000000015
8414  44.058  -58.309  7.186 0.1000000015
9196  44.275  -57.846  6.881 0.1000000015
10021  43.472  -56.927  6.186 0.1000000015
10013  42.422  -55.875  6.780 0.1000000015
11554  41.953  -54.923  7.979 0.1000000015
11555  41.217  -54.710  7.932 0.1000000015
10012  43.078  -56.134  6.821 0.1000000015
10800  42.070  -55.796  6.756 0.1000000015
12297  40.260  -53.434  9.126 0.1000000015
13047  39.237  -52.615  8.705 0.1000000015
11556  39.853  -54.195  7.784 0.1000000015
11549  39.928  -53.709  8.328 0.1000000015
13044  38.902  -51.691  8.920 0.1000000015
14466  39.339  -50.480  9.247 0.1000000015
15191  39.707  -49.763  9.134 0.1000000015
15196  39.443  -49.272  8.584 0.1000000015
15918  41.862  -47.976  8.440 0.1000000015
15920  40.182  -48.583  8.346 0.1000000015
17545  43.973  -46.573  8.355 0.1000000015
17546  43.113  -46.624  8.173 0.1000000015
18418  45.630  -45.921  8.338 0.1000000015
9996  44.491  -56.763  8.098 0.1000000015
8402  44.267  -58.252  7.850 0.1000000015
10792  44.091  -56.252  7.654 0.1000000015
10793  43.543  -55.897  7.545 0.1000000015
8391  42.891  -58.942  8.918 0.1000000015
8390  44.000  -58.712  8.660 0.1000000015
9183  44.342  -58.057  7.379 0.1000000015
9195  44.374  -57.410  7.291 0.1000000015
11547  41.951  -54.702  8.623 0.1000000015
11548  40.603  -53.980  8.678 0.1000000015
13042  39.972  -52.712  9.609 0.1000000015
13043  39.467  -52.212  9.262 0.1000000015
13764  39.583  -51.268  9.580 0.1000000015
14465  40.099  -50.487  9.615 0.1000000015
15190  40.482  -49.545  9.260 0.1000000015
15914  40.380  -49.029  8.856 0.1000000015
15912  42.033  -48.557  8.892 0.1000000015
17544  44.862  -46.647  8.604 0.1000000015
16690  42.602  -47.629  8.460 0.1000000015
18417  46.908  -45.610  8.441 0.1000000015
19327  47.067  -45.326  8.028 0.1000000015
9170  44.580  -57.474  8.791 0.1000000015
10783  44.143  -55.953  8.181 0.1000000015
10784  43.028  -55.304  8.347 0.1000000015
9182  44.457  -57.716  7.753 0.1000000015
11536  41.289  -54.091  9.708 0.1000000015
11537  40.631  -53.703  9.296 0.1000000015
12293  40.422  -53.262  9.756 0.1000000015
13038  40.190  -52.315  10.064 0.1000000015
13039  39.799  -51.814  9.756 0.1000000015
14459  40.656  -50.903  10.014 0.1000000015
15188  42.471  -49.465  9.363 0.1000000015
14464  40.968  -50.217  9.757 0.1000000015
16682  42.789  -48.249  8.813 0.1000000015
16680  44.645  -47.642  8.940 0.1000000015
17535  45.509  -47.043  9.062 0.1000000015
16688  44.264  -47.021  8.617 0.1000000015
16689  43.664  -47.253  8.552 0.1000000015
18402  46.381  -46.139  8.824 0.1000000015
19326  47.739  -45.167  8.215 0.1000000015
19325  48.639  -44.382  8.490 0.1000000015
10782  44.461  -56.246  8.586 0.1000000015
10772  43.114  -55.206  9.280 0.1000000015
11535  42.345  -54.796  9.544 0.1000000015
11546  42.678  -54.912  8.904 0.1000000015
12292  40.976  -53.490  10.329 0.1000000015
13037  41.003  -52.346  10.696 0.1000000015
13760  40.790  -51.565  10.386 0.1000000015
14458  41.371  -50.860  10.221 0.1000000015
15910  44.159  -48.701  9.127 0.1000000015
15911  43.076  -48.753  9.096 0.1000000015
17543  45.742  -46.479  8.826 0.1000000015
18401  47.294  -46.118  9.152 0.1000000015
18416  47.981  -45.412  8.883 0.1000000015
21127  48.996  -42.832  8.189 0.1000000015
9981  44.522  -56.523  9.332 0.1000000015
9982  44.196  -55.906  9.424 0.1000000015
11525  42.284  -54.511  10.581 0.1000000015
10771  43.880  -55.532  8.953 0.1000000015
12286  40.674  -52.950  10.417 0.1000000015
14462  42.859  -50.218  9.711 0.1000000015
16646  48.691  -46.910  11.178 0.1000000015
17520  48.754  -46.996  10.872 0.1000000015
16677  48.084  -47.731  10.179 0.1000000015
16678  47.197  -47.754  9.678 0.1000000015
16679  46.001  -47.778  9.394 0.1000000015
17519  48.749  -46.623  10.936 0.1000000015
17532  48.516  -46.724  10.447 0.1000000015
15909  45.399  -48.652  9.381 0.1000000015
18367  48.355  -45.817  11.256 0.1000000015
18385  48.342  -45.121  11.047 0.1000000015
18384  48.618  -45.831  10.896 0.1000000015
18400  48.177  -45.981  9.673 0.1000000015
17533  47.721  -46.893  9.689 0.1000000015
19277  47.844  -45.067  11.347 0.1000000015
19293  47.931  -44.361  10.937 0.1000000015
18399  48.631  -45.568  10.220 0.1000000015
19312  48.683  -44.359  9.543 0.1000000015
21107  48.185  -42.540  9.429 0.1000000015
21114  48.766  -42.890  8.963 0.1000000015
9967  44.082  -56.156  10.335 0.1000000015
10760  43.606  -55.702  9.890 0.1000000015
10761  42.901  -55.226  10.299 0.1000000015
10753  42.920  -54.999  10.987 0.1000000015
11517  42.332  -53.939  11.156 0.1000000015
11526  41.622  -53.773  10.691 0.1000000015
12276  42.064  -53.249  11.189 0.1000000015
12285  41.266  -53.083  10.840 0.1000000015
13759  41.787  -51.655  10.719 0.1000000015
15186  44.782  -49.441  9.507 0.1000000015
15187  43.608  -49.564  9.437 0.1000000015
16669  48.670  -47.562  10.936 0.1000000015
15908  46.874  -48.773  9.778 0.1000000015
20158  46.254  -43.474  10.624 0.1000000015
20157  47.345  -43.571  10.586 0.1000000015
9951  44.255  -56.236  11.289 0.1000000015
10752  43.798  -55.542  11.388 0.1000000015
11516  43.156  -54.466  11.416 0.1000000015
13030  41.856  -52.434  11.018 0.1000000015
13747  41.994  -52.031  10.939 0.1000000015
14456  43.299  -50.777  10.118 0.1000000015
13758  42.853  -51.370  10.641 0.1000000015
15181  45.283  -50.170  9.814 0.1000000015
14455  44.409  -50.724  10.022 0.1000000015
15904  47.958  -48.814  10.495 0.1000000015
15905  47.383  -49.357  10.140 0.1000000015
15185  45.972  -49.522  9.665 0.1000000015
14461  43.682  -50.260  9.796 0.1000000015
17501  47.704  -46.604  11.735 0.1000000015
15884  48.088  -48.450  11.520 0.1000000015
18369  46.999  -45.878  11.654 0.1000000015
17500  48.320  -46.464  11.445 0.1000000015
12275  43.025  -53.506  11.504 0.1000000015
13029  42.815  -52.641  11.309 0.1000000015
13746  42.451  -51.992  10.998 0.1000000015
13757  43.788  -51.231  10.472 0.1000000015
15184  46.878  -49.626  9.958 0.1000000015
16647  48.343  -47.283  11.529 0.1000000015
18387  46.352  -45.193  11.324 0.1000000015
10741  44.529  -55.255  12.235 0.1000000015
12274  44.006  -53.880  12.037 0.1000000015
13028  44.156  -52.857  11.736 0.1000000015
13745  43.672  -51.899  11.076 0.1000000015
14454  45.696  -50.911  10.191 0.1000000015
15180  46.438  -50.272  9.979 0.1000000015
16648  47.605  -47.525  11.928 0.1000000015
19295  45.691  -44.287  10.988 0.1000000015
13744  45.126  -52.044  11.348 0.1000000015
13756  44.800  -51.363  10.655 0.1000000015
18388  45.156  -45.442  11.222 0.1000000015
17502  46.843  -46.683  11.747 0.1000000015
15179  47.393  -49.952  10.509 0.1000000015
19296  44.475  -44.182  10.835 0.1000000015
13027  45.665  -52.770  11.907 0.1000000015
13743  46.374  -52.086  11.546 0.1000000015
13754  46.946  -51.433  11.243 0.1000000015
13755  46.053  -51.526  10.843 0.1000000015
14452  47.498  -50.594  11.376 0.1000000015
18370  46.227  -45.954  11.440 0.1000000015
17503  45.783  -46.582  11.448 0.1000000015
15178  47.844  -49.602  11.281 0.1000000015
14453  46.849  -50.914  10.560 0.1000000015
15885  47.345  -48.469  12.125 0.1000000015
10811  35.745  -55.279  5.410 0.1000000015
13777  36.454  -51.667  6.289 0.1000000015
13059  35.769  -53.193  5.649 0.1000000015
13058  36.018  -52.605  5.924 0.1000000015
15256  41.920  -50.063  5.049 0.1000000015
13785  36.429  -51.715  5.540 0.1000000015
15955  43.751  -48.538  5.428 0.1000000015
14494  37.462  -50.215  5.613 0.1000000015
13808  38.466  -51.415  4.457 0.1000000015
14518  37.890  -50.711  4.860 0.1000000015
12317  35.616  -53.667  5.387 0.1000000015
11565  35.789  -54.352  5.788 0.1000000015
7718  43.302  -59.753  4.103 0.1000000015
9220  40.063  -57.528  5.258 0.1000000015
10805  36.973  -55.197  6.274 0.1000000015
16711  43.048  -47.173  6.130 0.1000000015
15958  40.208  -48.745  6.120 0.1000000015
8441  42.213  -58.565  4.414 0.1000000015
15941  39.414  -48.806  6.603 0.1000000015
15235  37.543  -49.809  6.082 0.1000000015
17575  42.384  -46.862  6.899 0.1000000015
10797  38.791  -54.841  6.861 0.1000000015
11562  38.443  -54.834  6.816 0.1000000015
9217  43.527  -58.241  5.007 0.1000000015
15208  37.715  -49.593  7.104 0.1000000015
14473  37.423  -50.458  7.586 0.1000000015
15207  38.352  -49.262  7.485 0.1000000015
16704  40.950  -47.663  7.459 0.1000000015
14470  38.093  -50.417  8.300 0.1000000015
17547  42.374  -46.915  8.007 0.1000000015
10020  43.986  -57.537  6.337 0.1000000015
12298  39.744  -53.182  8.729 0.1000000015
12299  39.079  -52.944  8.332 0.1000000015
13765  39.026  -51.217  9.162 0.1000000015
15919  41.221  -48.212  8.449 0.1000000015
18434  47.521  -45.308  7.281 0.1000000015
10011  44.138  -56.791  7.136 0.1000000015
12294  39.934  -52.988  9.301 0.1000000015
15913  40.927  -48.852  8.915 0.1000000015
19340  47.370  -45.245  7.795 0.1000000015
9997  44.263  -56.432  7.765 0.1000000015
13761  40.156  -51.398  9.936 0.1000000015
15189  41.444  -49.459  9.350 0.1000000015
14463  41.887  -50.192  9.750 0.1000000015
16681  43.478  -48.041  8.821 0.1000000015
14457  42.318  -50.804  10.257 0.1000000015
17534  46.532  -46.865  9.248 0.1000000015
20199  48.894  -43.426  8.759 0.1000000015
18415  48.529  -45.132  9.404 0.1000000015
15907  47.649  -48.328  9.968 0.1000000015
18368  47.700  -45.734  11.534 0.1000000015
19292  48.504  -44.580  10.455 0.1000000015
19294  46.996  -44.491  11.162 0.1000000015
20180  48.519  -43.309  9.663 0.1000000015
21115  48.503  -42.542  8.792 0.1000000015
21106  48.513  -42.767  9.212 0.1000000015
15182  44.336  -50.011  9.755 0.1000000015
21175  45.371  -41.908  5.916 0.3000000119
21177  43.393  -42.250  5.954 0.3000000119
20251  43.910  -42.525  5.338 0.3000000119
16004  47.978  -48.328  1.436 0.1000000015
16775  48.236  -47.464  0.665 0.1000000015
17655  48.598  -45.932  -0.001 0.2000000030
18515  46.928  -45.330  1.854 0.3000000119
20263  41.482  -43.367  4.413 0.4000000060
18499  45.492  -45.332  3.104 0.4000000060
18478  45.224  -44.804  3.813 0.4000000060
18528  47.802  -45.444  1.209 0.2000000030
18479  44.235  -44.837  4.049 0.4000000060
15296  47.274  -48.913  1.598 0.1000000015
18549  47.856  -45.534  0.242 0.3000000119
18500  44.538  -45.388  3.407 0.4000000060
19384  42.847  -44.121  4.401 0.4000000060
19385  42.094  -43.991  4.323 0.4000000060
21185  40.397  -42.188  4.384 0.5000000000
17656  48.178  -45.686  -0.371 0.2000000030
18529  47.052  -45.352  0.816 0.3000000119
18516  45.819  -45.531  2.163 0.3000000119
18480  43.286  -44.843  4.099 0.4000000060
22107  40.141  -41.530  4.545 0.4000000060
18481  42.725  -44.800  4.073 0.4000000060
20282  41.015  -43.722  3.889 0.4000000060
16005  46.728  -48.262  0.639 0.2000000030
16776  47.701  -47.792  0.419 0.2000000030
16792  48.160  -47.338  -0.222 0.2000000030
17672  48.556  -46.349  -0.412 0.2000000030
17622  46.224  -45.528  1.303 0.3000000119
15297  46.560  -49.577  1.785 0.1000000015
18501  43.608  -45.396  3.576 0.4000000060
18517  44.684  -45.610  2.519 0.4000000060
18502  42.601  -45.248  3.429 0.4000000060
20264  40.827  -43.055  4.223 0.5000000000
22108  39.984  -40.921  4.512 0.4000000060
17609  43.912  -45.744  3.042 0.4000000060
19408  41.660  -44.426  3.694 0.4000000060
21186  39.939  -41.761  4.165 0.5000000000
16793  47.406  -47.738  -0.493 0.2000000030
17673  48.244  -45.975  -1.048 0.2000000030
18569  47.798  -45.485  -0.510 0.2000000030
18550  47.139  -45.239  -0.154 0.2000000030
17639  46.407  -45.389  0.395 0.4000000060
17623  45.679  -45.596  1.562 0.3000000119
22989  39.736  -39.918  4.950 0.4000000060
17640  45.464  -45.578  0.945 0.4000000060
18518  43.907  -45.665  2.253 0.4000000060
17610  43.202  -45.742  3.126 0.4000000060
20283  40.616  -43.234  3.578 0.5000000000
16808  47.897  -47.082  -1.222 0.2000000030
17674  47.658  -45.597  -1.463 0.2000000030
23817  39.610  -39.073  5.318 0.4000000060
18570  47.437  -45.221  -1.032 0.2000000030
18530  45.241  -45.595  1.773 0.3000000119
17625  43.485  -45.749  2.733 0.4000000060
18503  41.935  -44.949  3.117 0.4000000060
16823  47.639  -46.780  -1.677 0.2000000030
18551  46.779  -45.120  -0.631 0.3000000119
17658  46.004  -45.371  -0.343 0.4000000060
19409  41.074  -44.015  3.338 0.5000000000
21200  39.917  -41.498  3.839 0.5000000000
18520  42.268  -45.131  2.741 0.4000000060
22120  40.020  -40.875  3.801 0.5000000000
23821  39.838  -39.284  4.558 0.4000000060
15298  45.076  -49.734  1.590 0.2000000030
16809  47.219  -47.768  -1.446 0.2000000030
17693  47.472  -46.190  -1.786 0.2000000030
18584  46.831  -45.339  -1.622 0.2000000030
17641  44.799  -45.550  0.964 0.4000000060
19424  40.924  -43.769  2.911 0.5000000000
21199  40.161  -42.283  3.432 0.5000000000
14552  44.872  -50.696  1.623 0.2000000030
18531  44.600  -45.566  1.589 0.3000000119
19423  41.724  -44.443  2.631 0.5000000000
23004  39.915  -40.034  4.081 0.5000000000
25365  41.979  -37.737  8.607 0.4000000060
26954  42.338  -36.647  9.672 0.2000000030
25384  40.200  -37.449  6.735 0.4000000060
16023  46.595  -48.197  -1.027 0.2000000030
17675  45.948  -45.346  -1.271 0.4000000060
24649  40.071  -38.302  4.781 0.4000000060
16824  47.183  -47.261  -2.097 0.2000000030
17694  46.581  -45.722  -1.833 0.2000000030
25383  40.887  -37.260  7.179 0.4000000060
25399  40.320  -37.556  5.382 0.4000000060
18519  43.005  -45.526  2.447 0.3000000119
21217  40.510  -42.531  2.757 0.5000000000
22119  40.272  -41.396  3.327 0.5000000000
24666  40.098  -38.944  4.217 0.4000000060
17659  44.807  -45.615  0.225 0.4000000060
18532  43.803  -45.459  1.573 0.4000000060
18533  43.179  -45.130  1.489 0.3000000119
16041  46.719  -48.241  -2.160 0.2000000030
26180  40.578  -37.232  5.895 0.4000000060
23835  40.428  -39.361  3.739 0.5000000000
23003  40.602  -40.388  3.328 0.5000000000
19422  42.513  -44.995  2.166 0.4000000060
20297  41.298  -43.572  2.364 0.5000000000
21216  41.164  -42.636  2.242 0.5000000000
25375  40.978  -37.563  7.872 0.4000000060
22139  40.556  -41.952  2.727 0.5000000000
20258  46.758  -43.303  4.467 0.3000000119
20259  45.487  -43.179  4.694 0.3000000119
20257  48.166  -43.262  4.566 0.2000000030
20281  46.955  -43.761  3.933 0.3000000119
19380  46.688  -43.834  3.954 0.3000000119
19404  48.311  -44.148  3.733 0.2000000030
19420  48.095  -44.821  2.930 0.2000000030
19405  47.006  -44.252  3.388 0.2000000030
18548  48.413  -45.692  0.780 0.2000000030
13140  44.360  -52.148  0.789 0.1000000015
12408  44.051  -53.107  -1.202 0.1000000015
16839  44.672  -47.768  -4.545 0.1000000015
21174  46.569  -41.840  5.926 0.1000000015
20249  46.054  -42.464  5.303 0.2000000030
20248  47.344  -42.442  5.258 0.2000000030
19379  49.067  -43.836  4.373 0.1000000015
20256  49.337  -43.356  5.100 0.1000000015
19378  49.775  -43.931  4.697 0.1000000015
14551  45.932  -50.642  1.884 0.1000000015
13850  44.663  -51.500  1.342 0.1000000015
16058  46.085  -48.621  -3.063 0.1000000015
16072  46.022  -47.967  -3.419 0.1000000015
17713  45.270  -46.660  -2.802 0.1000000015
16042  45.898  -48.830  -2.010 0.1000000015
16838  45.353  -47.505  -3.695 0.1000000015
17696  44.477  -46.028  -1.871 0.1000000015
17714  44.524  -46.556  -3.502 0.1000000015
18573  43.231  -44.908  -0.677 0.1000000015
18585  43.748  -45.438  -2.185 0.1000000015
17676  45.294  -45.515  -0.759 0.1000000015
16024  45.531  -48.446  -0.537 0.1000000015
16836  46.576  -47.201  -2.771 0.1000000015
17695  45.410  -45.939  -1.695 0.1000000015
17660  44.240  -45.551  -0.094 0.2000000030
18553  43.901  -45.368  0.608 0.3000000119
19431  42.653  -44.489  1.537 0.3000000119
20305  41.921  -43.238  1.838 0.3000000119
13160  43.920  -52.602  0.172 0.1000000015
17712  46.152  -46.483  -2.574 0.1000000015
17677  44.614  -45.647  -0.764 0.1000000015
18554  43.278  -44.952  0.488 0.2000000030
20304  42.655  -43.688  1.286 0.3000000119
18572  43.831  -45.494  -0.588 0.1000000015
19441  43.013  -44.276  0.378 0.2000000030
20313  43.196  -43.357  0.156 0.2000000030
21226  42.691  -42.768  1.357 0.4000000060
18586  43.371  -44.639  -1.644 0.1000000015
19455  43.157  -44.108  -0.766 0.1000000015
20183  45.751  -42.742  10.137 0.1000000015
21109  46.321  -42.372  9.542 0.1000000015
23022  40.798  -41.180  2.836 0.4000000060
22138  41.340  -41.618  2.385 0.4000000060
19432  42.027  -43.911  1.962 0.3000000119
21227  41.932  -42.721  1.864 0.4000000060
22149  42.031  -42.147  1.968 0.4000000060
21237  43.240  -42.765  0.654 0.3000000119
21225  43.356  -42.210  0.935 0.5000000000
19466  43.496  -44.084  -1.823 0.2000000030
18601  44.244  -45.269  -4.211 0.1000000015
19465  43.801  -44.366  -3.023 0.1000000015
20339  43.478  -43.699  -1.312 0.2000000030
20327  43.314  -43.594  -0.676 0.2000000030
17725  44.147  -46.641  -4.966 0.1000000015
17726  43.130  -46.769  -5.152 0.1000000015
18614  43.550  -45.560  -5.072 0.1000000015
23834  40.982  -39.628  3.257 0.4000000060
23021  41.509  -40.516  2.596 0.4000000060
22137  42.200  -41.225  2.118 0.4000000060
22148  42.827  -41.759  1.603 0.4000000060
23030  43.052  -40.792  1.884 0.4000000060
22147  43.573  -41.374  1.227 0.5000000000
20326  43.635  -43.155  -0.972 0.3000000119
21236  43.637  -42.648  -0.031 0.4000000060
22159  43.913  -41.805  0.421 0.4000000060
19479  44.353  -44.204  -4.381 0.2000000030
19486  43.920  -44.518  -4.936 0.1000000015
14557  40.408  -50.510  1.269 0.1000000015
24664  41.304  -38.757  3.362 0.4000000060
24665  40.505  -38.432  4.100 0.4000000060
24683  41.858  -39.171  2.816 0.4000000060
23860  42.828  -40.211  2.185 0.4000000060
23851  42.339  -39.703  2.443 0.4000000060
23029  43.877  -40.545  1.408 0.4000000060
23044  44.208  -41.044  0.760 0.4000000060
21253  44.051  -42.657  -1.086 0.3000000119
22176  44.231  -42.147  -0.552 0.3000000119
20358  44.124  -43.873  -4.769 0.2000000030
20350  44.215  -43.283  -4.187 0.2000000030
20338  44.026  -43.486  -2.487 0.2000000030
13145  39.332  -51.841  1.128 0.1000000015
13855  39.865  -51.164  1.386 0.1000000015
15319  40.485  -49.406  0.494 0.1000000015
26193  40.593  -37.350  5.536 0.3000000119
25422  40.960  -38.104  3.910 0.4000000060
25405  40.744  -37.634  4.554 0.3000000119
24663  41.921  -38.247  3.294 0.4000000060
25441  42.970  -38.254  2.715 0.4000000060
24682  42.389  -38.716  2.771 0.4000000060
23850  42.907  -39.247  2.375 0.4000000060
23859  43.421  -39.837  2.076 0.4000000060
23028  44.441  -40.427  0.951 0.4000000060
22175  44.793  -41.883  -1.079 0.3000000119
23059  45.137  -41.217  -0.486 0.3000000119
22158  44.530  -41.462  -0.038 0.3000000119
21279  44.209  -42.682  -3.620 0.2000000030
21266  44.924  -42.834  -3.035 0.3000000119
21252  44.603  -42.521  -1.723 0.2000000030
20359  43.530  -43.946  -4.650 0.2000000030
21267  44.352  -42.948  -2.201 0.2000000030
19487  43.063  -44.697  -5.061 0.2000000030
26179  41.259  -36.991  6.613 0.3000000119
26192  40.915  -37.166  5.303 0.3000000119
26205  41.106  -37.234  4.759 0.4000000060
25398  40.618  -37.438  5.076 0.3000000119
26224  42.658  -37.148  3.630 0.3000000119
26225  42.096  -37.386  3.757 0.4000000060
25440  43.573  -37.851  2.723 0.4000000060
25419  43.084  -37.390  3.205 0.4000000060
25420  42.512  -37.817  3.233 0.4000000060
24680  44.117  -38.429  2.341 0.4000000060
24681  43.505  -38.820  2.351 0.4000000060
24693  44.655  -39.014  1.975 0.3000000119
24694  44.046  -39.392  2.009 0.4000000060
23058  45.799  -40.957  -0.873 0.3000000119
23892  45.788  -40.379  -0.288 0.2000000030
23875  45.513  -39.876  0.495 0.2000000030
23857  45.105  -39.448  1.337 0.2000000030
23858  44.491  -39.826  1.400 0.3000000119
22174  45.383  -41.726  -1.512 0.3000000119
23042  45.412  -40.599  -0.130 0.2000000030
23043  44.852  -40.657  0.349 0.2000000030
23876  44.788  -40.140  0.766 0.2000000030
21280  43.320  -42.697  -3.672 0.2000000030
21278  44.512  -42.321  -3.818 0.3000000119
22189  45.049  -42.337  -2.286 0.3000000119
26170  42.271  -37.252  7.907 0.3000000119
25374  41.660  -37.531  7.981 0.3000000119
26171  41.378  -37.305  7.507 0.3000000119
24712  46.127  -39.416  0.756 0.2000000030
24692  45.730  -39.116  1.376 0.2000000030
25457  45.246  -38.689  1.963 0.2000000030
25439  44.741  -38.093  2.331 0.2000000030
23874  46.578  -39.564  0.251 0.2000000030
26151  42.540  -37.213  9.466 0.2000000030
16851  42.807  -47.852  -4.587 0.1000000015
19480  42.622  -44.153  -4.388 0.2000000030
20250  44.908  -42.441  5.302 0.2000000030
18552  44.373  -45.461  1.012 0.3000000119
25364  42.608  -37.624  8.923 0.3000000119
24648  40.386  -38.101  4.453 0.3000000119
16057  46.552  -47.889  -2.847 0.1000000015
20280  47.428  -43.711  3.984 0.1000000015
16837  46.045  -47.216  -3.245 0.1000000015
23002  41.149  -40.037  3.018 0.4000000060
23020  42.395  -40.485  2.230 0.4000000060
25421  41.533  -37.752  3.811 0.4000000060
25404  41.323  -37.438  4.255 0.4000000060
26191  41.853  -36.652  5.615 0.4000000060
23057  46.381  -40.997  -1.422 0.2000000030
23891  46.491  -40.261  -0.684 0.2000000030
27023  42.240  -36.669  4.650 0.3000000119
27004  42.327  -36.512  4.984 0.3000000119
26169  43.443  -36.907  7.831 0.2000000030
18513  49.074  -45.138  2.427 0.1000000015
18514  47.963  -45.244  2.076 0.1000000015
17621  49.120  -45.690  1.715 0.1000000015
18527  48.604  -45.553  1.505 0.1000000015
27822  42.871  -34.982  8.717 0.1000000015
26965  43.090  -36.220  9.401 0.1000000015
26162  43.136  -37.244  8.837 0.1000000015
26964  43.937  -36.402  8.848 0.1000000015
26178  42.634  -36.590  6.717 0.1000000015
26987  42.638  -36.463  5.679 0.2000000030
26168  44.351  -36.629  7.734 0.2000000030
26203  42.935  -36.657  3.939 0.2000000030
26177  43.866  -36.543  7.010 0.2000000030
26986  43.434  -36.389  6.012 0.2000000030
27003  43.094  -36.323  5.096 0.2000000030
27022  42.660  -36.559  4.541 0.2000000030
26176  44.800  -36.449  7.157 0.2000000030
26202  43.411  -36.565  3.791 0.2000000030
26223  43.697  -36.936  3.347 0.2000000030
26243  44.170  -37.497  2.750 0.2000000030
27021  43.680  -36.285  4.154 0.2000000030
26222  44.750  -36.647  3.147 0.1000000015
26242  44.754  -37.258  2.706 0.1000000015
27812  42.562  -35.549  9.348 0.1000000015
26973  43.790  -35.657  8.875 0.1000000015
27002  44.059  -36.170  5.272 0.2000000030
22202  44.817  -42.058  -3.616 0.2000000030
22188  45.495  -42.205  -2.676 0.2000000030
23072  45.993  -41.598  -1.914 0.2000000030
22201  45.487  -42.358  -4.006 0.2000000030
22187  46.087  -42.050  -2.879 0.2000000030
22200  46.654  -42.171  -3.562 0.1000000015
23071  46.793  -41.428  -2.350 0.2000000030
22224  46.457  -42.013  -5.532 0.1000000015
22214  47.225  -42.160  -4.288 0.1000000015
23086  47.178  -41.746  -3.218 0.1000000015
23938  46.492  -39.743  -5.041 0.1000000015
24761  45.594  -38.877  -3.834 0.1000000015
26160  44.568  -36.450  8.005 0.1000000015
23906  46.807  -40.749  -1.543 0.1000000015
23931  48.238  -40.938  -4.316 0.1000000015
23070  47.494  -41.190  -2.869 0.1000000015
23108  46.348  -41.060  -5.283 0.1000000015
23107  47.421  -41.074  -5.501 0.1000000015
24760  46.190  -38.664  -4.599 0.1000000015
23937  47.369  -39.656  -5.642 0.1000000015
25538  45.027  -36.643  -4.669 0.1000000015
26167  45.020  -36.242  7.539 0.1000000015
27820  44.936  -35.414  7.742 0.1000000015
26971  44.840  -36.020  7.975 0.1000000015
23919  48.179  -40.650  -3.368 0.1000000015
23905  47.632  -40.430  -1.840 0.1000000015
23936  48.360  -39.623  -5.748 0.1000000015
25528  46.254  -37.705  -4.961 0.1000000015
24767  47.779  -38.380  -5.863 0.1000000015
27819  45.734  -35.675  7.431 0.1000000015
26985  44.439  -36.358  6.293 0.1000000015
23890  47.591  -39.558  -0.345 0.1000000015
23873  47.107  -39.313  0.376 0.1000000015
23918  48.950  -39.761  -2.840 0.1000000015
23904  48.587  -39.562  -1.290 0.1000000015
24759  49.663  -38.653  -5.321 0.1000000015
23930  48.923  -39.902  -4.682 0.1000000015
23106  48.252  -40.676  -5.199 0.1000000015
25527  48.859  -36.992  -4.952 0.1000000015
25534  49.421  -38.175  -6.068 0.1000000015
24766  49.133  -38.926  -5.803 0.1000000015
25535  48.524  -37.471  -5.905 0.1000000015
26970  45.679  -35.961  7.327 0.1000000015
26175  45.374  -36.265  7.170 0.1000000015
24711  46.640  -39.188  0.823 0.1000000015
24752  50.037  -38.514  -3.915 0.1000000015
25526  49.744  -37.665  -5.305 0.1000000015
24691  46.623  -38.689  1.331 0.1000000015
22216  45.778  -42.040  -5.128 0.1000000015
23102  45.682  -41.120  -4.667 0.1000000015
23953  48.147  -39.007  -6.088 0.1000000015
25536  46.971  -37.338  -5.411 0.1000000015
13869  36.180  -51.509  0.858 0.1000000015
13870  35.767  -50.976  0.706 0.1000000015
13168  35.855  -51.708  0.370 0.1000000015
12434  35.613  -53.052  -1.219 0.1000000015
11655  35.727  -53.982  -1.515 0.1000000015
11674  35.417  -54.270  -2.366 0.1000000015
13858  36.795  -51.306  1.312 0.1000000015
14561  36.473  -50.300  1.396 0.1000000015
13183  35.686  -52.282  -0.435 0.1000000015
12416  35.921  -53.249  -0.763 0.1000000015
14562  35.874  -50.257  1.060 0.1000000015
16011  37.330  -48.520  1.601 0.1000000015
16010  38.258  -48.474  1.393 0.1000000015
14560  37.337  -50.337  1.589 0.1000000015
13882  35.472  -51.104  0.021 0.1000000015
16794  39.271  -47.547  0.290 0.1000000015
14571  35.563  -50.223  0.480 0.1000000015
16012  36.457  -48.539  1.439 0.1000000015
16780  36.895  -47.644  1.570 0.1000000015
15308  35.693  -49.558  0.865 0.1000000015
15307  36.115  -49.455  1.289 0.1000000015
16013  35.740  -48.564  0.958 0.1000000015
15305  37.862  -49.388  1.580 0.1000000015
11694  35.227  -54.751  -3.459 0.1000000015
8401  44.463  -58.065  7.949 0.1000000015
10010  44.423  -57.182  7.534 0.1000000015
10770  44.392  -55.933  8.854 0.1000000015
13054  36.517  -52.413  6.725 0.1000000015
13141  43.300  -52.061  0.825 0.2000000030
13165  38.875  -52.481  0.745 0.1000000015
13854  40.829  -51.237  1.302 0.1000000015
13859  36.146  -50.903  1.152 0.1000000015
14469  38.727  -50.426  8.815 0.1000000015
14517  38.897  -50.729  4.806 0.1000000015
15195  40.014  -49.214  8.853 0.1000000015
15198  37.956  -49.788  7.788 0.1000000015
15216  39.090  -49.070  6.354 0.1000000015
15217  38.578  -49.149  6.627 0.1000000015
15230  43.343  -49.226  5.266 0.1000000015
15233  39.366  -49.354  5.867 0.1000000015
15303  40.020  -49.770  1.056 0.1000000015
15306  36.881  -49.433  1.585 0.1000000015
15316  42.836  -49.545  0.679 0.1000000015
15934  39.716  -48.464  7.449 0.1000000015
15942  38.942  -48.910  6.827 0.1000000015
16046  41.124  -49.112  -1.176 0.2000000030
16063  40.759  -48.658  -1.662 0.2000000030
16071  46.341  -47.619  -3.129 0.1000000015
16668  48.789  -47.142  11.067 0.1000000015
16703  41.520  -47.288  7.259 0.1000000015
16712  42.544  -47.188  6.402 0.1000000015
16713  41.763  -47.402  6.639 0.1000000015
16777  39.076  -48.018  0.765 0.1000000015
16791  48.609  -46.758  0.232 0.2000000030
16795  38.757  -46.980  0.721 0.2000000030
16807  48.395  -46.721  -0.594 0.2000000030
16826  40.509  -47.978  -2.082 0.1000000015
16840  42.394  -48.070  -3.950 0.2000000030
16841  41.643  -47.928  -3.359 0.2000000030
17499  48.626  -46.318  11.148 0.1000000015
17531  48.651  -46.230  10.695 0.1000000015
17558  43.173  -46.271  7.082 0.1000000015
17560  42.083  -46.982  7.457 0.1000000015
17576  41.892  -47.072  7.047 0.1000000015
17583  46.721  -46.783  5.891 0.1000000015
17586  43.807  -46.946  6.053 0.1000000015
17611  42.867  -45.693  2.970 0.4000000060
17624  43.985  -45.730  2.652 0.4000000060
17626  43.086  -45.767  2.816 0.4000000060
17642  38.219  -46.737  1.121 0.2000000030
17643  37.393  -46.834  1.423 0.2000000030
17657  46.581  -45.242  -0.198 0.2000000030
17662  38.598  -46.519  0.740 0.2000000030
17679  39.527  -46.882  -0.600 0.2000000030
17692  47.914  -46.521  -1.527 0.2000000030
17697  40.144  -46.919  -1.742 0.1000000015
17711  46.850  -46.551  -2.308 0.2000000030
18366  48.605  -46.037  11.122 0.1000000015
18386  47.098  -45.253  11.485 0.1000000015
18420  43.607  -46.012  8.030 0.1000000015
18438  43.364  -46.098  7.364 0.1000000015
18439  43.069  -46.156  7.506 0.1000000015
18536  37.096  -46.103  1.203 0.1000000015
18556  38.395  -45.920  0.723 0.2000000030
18571  46.688  -45.178  -1.270 0.2000000030
18574  39.210  -45.819  -0.526 0.2000000030
18583  47.156  -45.408  -1.600 0.2000000030
19278  47.413  -45.121  11.424 0.1000000015
19407  42.322  -44.620  4.061 0.4000000060
19488  42.317  -44.889  -4.623 0.2000000030
20093  33.181  -42.837  15.031 0.1000000015
20298  40.606  -43.089  2.816 0.5000000000
20312  43.454  -43.046  -0.237 0.4000000060
21031  33.268  -41.611  15.403 0.1000000015
21042  33.264  -42.599  14.099 0.1000000015
21043  33.119  -42.107  14.331 0.1000000015
22178  41.455  -41.286  -0.954 0.1000000015
22190  43.294  -40.851  -2.430 0.2000000030
22199  47.214  -42.025  -3.685 0.1000000015
22215  46.461  -42.559  -4.700 0.2000000030
22223  47.166  -42.114  -5.119 0.1000000015
22225  45.937  -41.778  -5.514 0.1000000015
22884  33.388  -40.809  15.419 0.1000000015
22889  33.411  -39.992  15.260 0.1000000015
22907  33.237  -40.433  13.108 0.1000000015
23045  41.227  -40.148  0.143 0.1000000015
23075  42.781  -40.390  -1.638 0.2000000030
23085  47.661  -41.547  -3.779 0.1000000015
23089  43.691  -40.684  -2.646 0.3000000119
23099  48.349  -40.812  -4.800 0.1000000015
23100  47.847  -41.490  -4.790 0.1000000015
23101  46.075  -40.506  -4.913 0.1000000015
23109  45.827  -41.566  -5.274 0.1000000015
23750  33.555  -39.545  15.335 0.1000000015
23751  33.293  -39.585  15.010 0.1000000015
23836  39.993  -39.404  4.109 0.4000000060
23852  41.506  -39.619  2.885 0.4000000060
23893  43.082  -38.839  -1.203 0.1000000015
23895  42.033  -39.801  -0.541 0.1000000015
23908  43.419  -39.344  -1.670 0.1000000015
23920  45.174  -39.680  -3.481 0.2000000030
23932  45.956  -39.875  -4.471 0.1000000015
23952  48.514  -38.922  -6.104 0.1000000015
24571  34.134  -38.076  15.475 0.1000000015
24581  33.293  -38.821  14.705 0.1000000015
24768  46.866  -38.545  -5.296 0.1000000015
24783  48.820  -38.728  -6.123 0.1000000015
24784  48.521  -38.433  -6.206 0.1000000015
25328  33.369  -38.292  14.557 0.1000000015
25340  34.143  -37.270  12.365 0.2000000030
25356  42.466  -37.603  9.127 0.3000000119
25406  40.317  -37.799  4.887 0.4000000060
25503  43.634  -37.615  -2.400 0.1000000015
25553  49.142  -38.487  -6.179 0.1000000015
25554  48.985  -38.214  -6.340 0.1000000015
26108  34.792  -36.790  15.429 0.1000000015
26163  42.542  -37.550  8.668 0.3000000119
26204  41.811  -36.998  4.449 0.3000000119
26966  42.311  -35.989  9.529 0.1000000015
27770  35.190  -35.322  14.585 0.1000000015
27795  34.791  -35.092  12.704 0.1000000015
29570  38.958  -32.513  9.076 0.1000000015
29575  40.042  -32.323  8.117 0.2000000030
