#!ascii label  , from subject sub-01 vox2ras=TkReg
155
22066  38.381  -41.910  8.206 0.0000000000
17625  43.485  -45.749  2.733 0.0000000000
20200  44.494  -42.359  8.321 0.0000000000
21179  41.430  -41.846  5.500 0.0000000000
20257  48.166  -43.262  4.566 0.0000000000
21154  45.801  -41.612  6.659 0.0000000000
20246  49.752  -42.925  5.794 0.0000000000
19385  42.094  -43.991  4.323 0.0000000000
22108  39.984  -40.921  4.512 0.0000000000
20217  41.048  -43.091  8.356 0.0000000000
21157  42.856  -42.170  6.478 0.0000000000
20251  43.910  -42.525  5.338 0.0000000000
19406  46.042  -44.743  3.455 0.0000000000
18514  47.963  -45.244  2.076 0.0000000000
22064  36.792  -40.891  9.614 0.0000000000
20189  39.698  -43.154  10.011 0.0000000000
20161  42.785  -43.461  10.468 0.0000000000
22970  39.351  -39.955  6.421 0.0000000000
21152  48.375  -42.007  6.974 0.0000000000
18502  42.601  -45.248  3.429 0.0000000000
20282  41.015  -43.722  3.889 0.0000000000
20215  43.099  -42.763  7.874 0.0000000000
21133  43.341  -42.088  7.132 0.0000000000
20248  47.344  -42.442  5.258 0.0000000000
21175  45.371  -41.908  5.916 0.0000000000
20259  45.487  -43.179  4.694 0.0000000000
19382  44.871  -44.033  4.359 0.0000000000
19380  46.688  -43.834  3.954 0.0000000000
18515  46.928  -45.330  1.854 0.0000000000
20163  40.926  -43.518  10.638 0.0000000000
20187  41.319  -43.124  10.075 0.0000000000
20162  41.810  -43.506  10.569 0.0000000000
22085  41.135  -41.513  6.119 0.0000000000
22103  40.370  -41.177  5.283 0.0000000000
23004  39.915  -40.034  4.081 0.0000000000
23817  39.610  -39.073  5.318 0.0000000000
21118  45.584  -42.222  8.737 0.0000000000
21131  45.015  -41.923  7.488 0.0000000000
21130  46.295  -41.729  7.704 0.0000000000
21173  47.907  -41.906  6.010 0.0000000000
20247  48.659  -42.624  5.471 0.0000000000
20262  42.433  -43.073  4.761 0.0000000000
21180  40.818  -41.739  5.081 0.0000000000
20264  40.827  -43.055  4.223 0.0000000000
21200  39.917  -41.498  3.839 0.0000000000
18532  43.803  -45.459  1.573 0.0000000000
21136  39.978  -42.655  7.826 0.0000000000
21158  41.786  -41.970  6.409 0.0000000000
21178  42.400  -42.215  5.624 0.0000000000
21155  44.708  -41.806  6.570 0.0000000000
21177  43.393  -42.250  5.954 0.0000000000
20252  43.094  -42.581  5.303 0.0000000000
20261  43.404  -43.201  4.804 0.0000000000
18479  44.235  -44.837  4.049 0.0000000000
18500  44.538  -45.388  3.407 0.0000000000
19404  48.311  -44.148  3.733 0.0000000000
19421  47.278  -44.963  2.595 0.0000000000
18516  45.819  -45.531  2.163 0.0000000000
18530  45.241  -45.595  1.773 0.0000000000
22955  36.684  -40.137  9.505 0.0000000000
21121  38.000  -42.037  8.835 0.0000000000
21112  38.022  -42.397  9.558 0.0000000000
21120  38.892  -42.723  8.872 0.0000000000
20204  40.804  -43.141  9.298 0.0000000000
20203  41.706  -43.194  9.210 0.0000000000
20185  43.302  -43.017  9.842 0.0000000000
20160  43.901  -43.370  10.444 0.0000000000
20184  44.642  -42.728  9.649 0.0000000000
22104  39.882  -40.386  5.586 0.0000000000
22067  37.766  -41.198  8.334 0.0000000000
22957  37.725  -40.131  8.324 0.0000000000
17610  43.202  -45.742  3.126 0.0000000000
18503  41.935  -44.949  3.117 0.0000000000
20201  43.685  -42.761  8.764 0.0000000000
20214  43.834  -42.280  7.767 0.0000000000
20249  46.054  -42.464  5.303 0.0000000000
20258  46.758  -43.303  4.467 0.0000000000
20281  46.955  -43.761  3.933 0.0000000000
18549  47.856  -45.534  0.242 0.0000000000
22102  40.850  -41.454  5.652 0.0000000000
24666  40.098  -38.944  4.217 0.0000000000
21129  47.552  -41.819  7.856 0.0000000000
21172  49.128  -42.445  6.244 0.0000000000
20263  41.482  -43.367  4.413 0.0000000000
20283  40.616  -43.234  3.578 0.0000000000
21199  40.161  -42.283  3.432 0.0000000000
22119  40.272  -41.396  3.327 0.0000000000
21135  41.364  -42.524  7.354 0.0000000000
20250  44.908  -42.441  5.302 0.0000000000
21176  44.343  -42.105  5.971 0.0000000000
20260  44.386  -43.154  4.755 0.0000000000
18478  45.224  -44.804  3.813 0.0000000000
18499  45.492  -45.332  3.104 0.0000000000
16762  49.444  -47.024  2.922 0.0000000000
17621  49.120  -45.690  1.715 0.0000000000
18513  49.074  -45.138  2.427 0.0000000000
19420  48.095  -44.821  2.930 0.0000000000
18529  47.052  -45.352  0.816 0.0000000000
17622  46.224  -45.528  1.303 0.0000000000
17623  45.679  -45.596  1.562 0.0000000000
22954  37.134  -40.429  8.959 0.0000000000
22063  37.308  -41.665  9.418 0.0000000000
21111  38.498  -42.757  9.851 0.0000000000
20190  39.030  -43.020  9.938 0.0000000000
20206  39.356  -43.043  9.513 0.0000000000
20205  39.866  -43.133  9.085 0.0000000000
20186  42.251  -43.104  9.999 0.0000000000
20202  42.721  -43.117  9.020 0.0000000000
20159  45.081  -43.336  10.573 0.0000000000
22107  40.141  -41.530  4.545 0.0000000000
18481  42.725  -44.800  4.073 0.0000000000
20216  42.111  -43.171  8.028 0.0000000000
21174  46.569  -41.840  5.926 0.0000000000
19381  46.021  -44.043  4.054 0.0000000000
18528  47.802  -45.444  1.209 0.0000000000
20188  40.457  -43.159  10.030 0.0000000000
22086  40.515  -41.328  6.231 0.0000000000
22989  39.736  -39.918  4.950 0.0000000000
23821  39.838  -39.284  4.558 0.0000000000
24649  40.071  -38.302  4.781 0.0000000000
20213  44.319  -42.021  7.656 0.0000000000
21153  47.081  -41.668  6.800 0.0000000000
21183  41.772  -42.489  4.955 0.0000000000
21184  41.084  -42.424  4.750 0.0000000000
21185  40.397  -42.188  4.384 0.0000000000
21186  39.939  -41.761  4.165 0.0000000000
22120  40.020  -40.875  3.801 0.0000000000
23835  40.428  -39.361  3.739 0.0000000000
18518  43.907  -45.665  2.253 0.0000000000
21137  38.970  -42.149  7.818 0.0000000000
21156  43.799  -42.068  6.559 0.0000000000
19384  42.847  -44.121  4.401 0.0000000000
19383  43.832  -44.060  4.467 0.0000000000
18480  43.286  -44.843  4.099 0.0000000000
18501  43.608  -45.396  3.576 0.0000000000
17609  43.912  -45.744  3.042 0.0000000000
19379  49.067  -43.836  4.373 0.0000000000
17620  49.360  -46.112  2.204 0.0000000000
20280  47.428  -43.711  3.984 0.0000000000
19405  47.006  -44.252  3.388 0.0000000000
18498  46.437  -45.098  2.796 0.0000000000
18517  44.684  -45.610  2.519 0.0000000000
18531  44.600  -45.566  1.589 0.0000000000
24608  37.064  -38.877  9.651 0.0000000000
23778  36.624  -39.435  9.787 0.0000000000
23783  37.048  -39.399  9.309 0.0000000000
20166  38.381  -43.124  10.573 0.0000000000
21119  39.559  -42.869  8.573 0.0000000000
20218  40.411  -43.085  8.632 0.0000000000
22986  39.580  -39.700  5.697 0.0000000000
17611  42.867  -45.693  2.970 0.0000000000
17624  43.985  -45.730  2.652 0.0000000000
17626  43.086  -45.767  2.816 0.0000000000
19407  42.322  -44.620  4.061 0.0000000000
23836  39.993  -39.404  4.109 0.0000000000
