#!ascii label  , from subject sub-01 vox2ras=TkReg
451
51941  17.756  -7.572  -2.321 0.1428571492
51942  16.828  -7.644  -1.536 0.1428571492
53770  17.312  -5.332  -2.884 0.1428571492
51940  18.854  -7.902  -2.350 0.1428571492
52853  18.475  -6.542  -3.092 0.2857142985
52828  17.089  -7.149  -2.128 0.1428571492
51962  18.702  -7.164  -2.763 0.1428571492
54773  18.041  -4.570  -3.550 0.5714285970
53768  19.091  -5.891  -3.482 0.1428571492
53787  20.232  -5.053  -3.783 0.2857142985
53767  20.265  -5.674  -3.467 0.2857142985
54769  21.391  -4.382  -3.408 0.1428571492
54770  20.935  -4.687  -3.699 0.2857142985
57498  22.001  -2.044  -4.692 0.2857142985
56569  21.794  -2.785  -4.294 0.1428571492
56570  21.021  -3.001  -4.651 0.2857142985
58403  22.586  -0.612  -5.069 0.2857142985
57497  22.788  -1.787  -4.343 0.2857142985
59274  22.860  0.421  -5.342 0.2857142985
61031  23.411  2.046  -5.435 0.2857142985
62755  23.792  3.892  -6.404 0.8571428657
61875  23.760  3.431  -5.907 0.4285714328
60175  23.477  1.338  -5.038 0.2857142985
63627  23.979  5.534  -7.235 0.7142857313
62758  24.030  5.065  -6.664 0.7142857313
64500  24.585  6.710  -6.563 0.8571428657
64501  24.212  6.255  -7.077 0.5714285970
64505  23.979  6.472  -7.801 0.8571428657
62759  23.735  4.432  -7.119 0.7142857313
66085  25.115  8.502  -6.890 0.4285714328
64504  24.349  6.898  -7.274 0.7142857313
66893  25.356  9.487  -6.789 0.2857142985
66894  24.933  9.410  -7.460 0.5714285970
66103  24.529  8.479  -7.616 0.8571428657
65327  24.229  7.522  -7.750 0.8571428657
67667  25.319  10.825  -7.289 0.1428571492
67647  25.260  10.122  -7.232 0.1428571492
66914  24.338  9.453  -8.325 0.5714285970
66104  24.042  8.355  -8.272 0.8571428657
69185  25.438  12.433  -7.614 0.1428571492
68391  25.635  11.588  -6.994 0.1428571492
68409  25.156  11.492  -7.676 0.1428571492
67668  24.847  10.467  -7.809 0.4285714328
70013  25.594  13.472  -7.495 0.1428571492
69172  25.896  12.639  -6.957 0.1428571492
69186  25.046  12.175  -8.107 0.4285714328
67677  24.444  10.525  -8.565 0.5714285970
66925  23.915  9.458  -9.279 0.8571428657
70014  25.043  13.205  -8.231 0.1428571492
70850  25.050  14.380  -7.872 0.1428571492
69198  24.567  12.311  -8.506 0.5714285970
67678  24.144  10.503  -9.198 0.8571428657
66924  24.297  9.963  -8.909 0.8571428657
70026  24.293  13.281  -8.736 0.8571428657
68423  24.260  11.398  -8.798 0.8571428657
68424  23.805  11.368  -9.410 0.8571428657
71688  24.162  15.286  -8.068 0.1428571492
72512  24.379  16.308  -7.332 0.1428571492
70864  24.511  14.240  -8.532 0.4285714328
70865  23.927  14.211  -9.012 0.8571428657
70027  23.653  13.267  -9.196 0.8571428657
69208  23.434  12.307  -9.558 0.8571428657
71702  24.043  14.793  -8.717 0.4285714328
70036  23.105  13.244  -9.730 0.8571428657
72513  23.646  16.294  -7.742 0.2857142985
71689  23.484  15.747  -8.192 0.8571428657
70872  23.301  14.158  -9.397 0.8571428657
71712  22.918  14.683  -9.396 0.8571428657
70037  22.537  13.218  -10.179 0.8571428657
73298  23.955  17.347  -7.473 0.2857142985
71713  22.429  15.167  -9.469 0.8571428657
71714  21.671  15.200  -9.971 0.8571428657
70873  22.652  14.130  -9.763 0.8571428657
72524  23.047  16.299  -8.254 0.8571428657
71704  22.630  15.550  -9.116 0.8571428657
72536  21.475  16.065  -9.649 0.7142857313
72535  21.959  15.692  -9.546 0.7142857313
73308  23.297  17.006  -7.823 0.8571428657
73309  22.655  17.349  -8.094 0.8571428657
72525  22.322  16.263  -9.067 0.8571428657
72526  21.704  16.803  -9.380 0.7142857313
74777  23.107  18.679  -7.292 0.7142857313
74038  22.892  18.191  -7.526 0.8571428657
74049  22.259  18.227  -7.779 0.8571428657
74766  22.683  19.415  -7.093 0.7142857313
76942  24.252  22.403  -7.663 0.1428571492
75460  22.748  20.057  -6.898 0.7142857313
74778  22.540  18.892  -7.309 0.8571428657
77719  24.241  23.411  -8.816 0.1428571492
76170  23.365  21.098  -6.842 0.5714285970
76943  23.263  22.613  -7.210 0.5714285970
76944  22.578  22.540  -6.836 0.5714285970
78477  23.878  24.153  -10.227 0.1428571492
77700  22.456  23.287  -7.192 0.5714285970
79940  22.989  25.549  -9.674 0.1428571492
79198  22.813  25.651  -10.315 0.1428571492
78440  22.805  24.059  -7.890 0.1428571492
79206  22.692  25.545  -10.883 0.1428571492
79947  22.854  25.721  -9.952 0.1428571492
79941  22.590  25.905  -9.347 0.1428571492
79951  22.235  26.237  -11.279 0.1428571492
80647  21.994  26.608  -9.573 0.1428571492
51053  18.075  -8.488  -1.929 0.1428571492
51054  17.267  -8.241  -1.628 0.1428571492
52852  19.437  -6.554  -3.108 0.1428571492
55670  21.738  -3.734  -3.481 0.1428571492
61032  22.942  1.853  -5.926 0.2857142985
60176  22.922  1.215  -5.645 0.2857142985
61044  23.281  2.594  -5.948 0.5714285970
65328  23.733  7.421  -8.346 0.8571428657
69199  23.948  12.320  -8.953 0.8571428657
69209  22.925  12.323  -10.135 0.8571428657
74037  23.618  18.351  -7.328 0.8571428657
74765  23.401  19.238  -7.054 0.8571428657
76927  23.690  21.903  -7.070 0.2857142985
77699  23.531  23.397  -8.013 0.1428571492
78468  23.679  24.589  -9.425 0.1428571492
79215  22.501  25.212  -12.017 0.1428571492
51055  16.778  -8.188  -1.305 0.1428571492
53789  18.653  -5.239  -3.619 0.4285714328
54771  20.103  -4.550  -4.052 0.2857142985
53788  19.585  -5.181  -3.762 0.4285714328
55671  20.838  -3.730  -4.219 0.1428571492
58387  22.966  -0.989  -4.597 0.2857142985
57517  22.387  -1.430  -4.770 0.2857142985
57518  21.600  -1.682  -5.122 0.2857142985
61876  23.234  3.200  -6.699 0.7142857313
71687  24.934  15.375  -7.311 0.1428571492
67687  23.709  10.427  -9.870 0.8571428657
73297  24.781  17.304  -7.088 0.1428571492
71720  21.131  15.018  -10.493 0.8571428657
73299  23.269  17.658  -7.615 0.5714285970
76169  24.557  21.316  -7.151 0.2857142985
77698  24.186  22.970  -8.215 0.1428571492
78441  22.051  24.486  -7.578 0.2857142985
78453  23.821  24.081  -8.962 0.1428571492
79189  22.753  25.502  -8.803 0.1428571492
79927  22.196  25.467  -8.272 0.1428571492
79934  21.630  26.094  -8.544 0.1428571492
79197  23.259  25.151  -10.227 0.1428571492
80641  21.399  26.609  -9.049 0.1428571492
80655  21.866  26.912  -10.493 0.1428571492
74022  24.457  18.844  -6.905 0.4285714328
74023  24.100  18.838  -7.054 0.4285714328
74764  24.472  19.343  -6.881 0.4285714328
75459  23.935  20.234  -6.855 0.4285714328
51963  18.078  -7.007  -2.802 0.1428571492
52854  17.478  -6.533  -2.621 0.1428571492
53769  18.125  -5.847  -3.287 0.4285714328
52855  16.812  -5.896  -2.178 0.2857142985
53790  18.000  -5.273  -3.395 0.5714285970
52851  20.398  -6.527  -2.767 0.1428571492
63631  23.481  5.439  -8.082 0.7142857313
65321  24.661  7.606  -7.098 0.8571428657
68410  24.696  11.406  -8.227 0.1428571492
71703  23.227  15.217  -8.871 0.8571428657
70874  22.089  14.530  -9.956 0.8571428657
76928  22.890  21.904  -6.726 0.5714285970
78484  23.494  24.335  -10.985 0.1428571492
79178  22.953  25.130  -8.713 0.1428571492
79205  23.013  24.879  -11.285 0.1428571492
78454  23.243  24.485  -8.564 0.1428571492
79179  22.538  25.105  -8.327 0.1428571492
79948  22.472  26.137  -10.244 0.1428571492
55669  22.874  -3.373  -3.189 0.1428571492
54772  19.134  -4.529  -4.005 0.4285714328
58404  21.556  -0.847  -5.479 0.5714285970
79928  21.849  25.619  -8.213 0.1428571492
58405  20.992  -0.804  -5.723 0.5714285970
57535  19.683  -1.055  -5.535 0.5714285970
57536  18.934  -1.002  -5.270 0.2857142985
58420  21.494  -0.219  -5.965 0.5714285970
58421  20.428  -0.517  -5.868 0.5714285970
57520  19.209  -1.694  -5.183 0.4285714328
58423  18.625  -0.425  -5.178 0.2857142985
58422  19.403  -0.391  -5.610 0.4285714328
60191  22.390  1.274  -6.182 0.4285714328
59304  21.374  0.854  -6.466 0.5714285970
59305  20.723  0.921  -6.519 0.5714285970
59306  19.969  1.112  -6.446 0.4285714328
60204  22.126  1.637  -6.563 0.5714285970
61054  22.140  2.212  -6.954 0.7142857313
61062  21.867  2.754  -7.311 0.4285714328
61877  22.683  2.616  -6.847 0.4285714328
59292  19.924  0.345  -6.156 0.4285714328
59293  18.798  0.412  -5.527 0.2857142985
59275  18.082  0.050  -4.850 0.2857142985
60206  20.515  1.646  -6.776 0.4285714328
61045  22.680  2.194  -6.437 0.7142857313
61882  22.998  3.709  -7.525 0.7142857313
62765  21.341  4.192  -8.294 0.4285714328
62764  22.364  4.580  -8.302 0.7142857313
62769  21.572  4.959  -8.568 0.5714285970
62768  22.127  5.167  -8.601 0.7142857313
63640  20.825  5.582  -8.547 0.2857142985
61890  22.701  4.034  -7.946 0.7142857313
63638  22.643  5.577  -8.595 0.7142857313
64511  22.102  6.506  -8.982 0.7142857313
65333  21.528  7.321  -9.200 0.7142857313
64512  21.199  6.501  -8.782 0.4285714328
65339  21.061  7.913  -9.338 0.4285714328
63632  22.966  4.981  -8.282 0.5714285970
64509  23.423  6.512  -8.453 0.5714285970
64510  22.834  6.567  -8.828 0.5714285970
65332  22.412  7.609  -9.344 0.7142857313
66114  22.656  8.678  -9.861 0.7142857313
65338  21.667  8.071  -9.623 0.7142857313
66116  20.836  8.646  -9.697 0.5714285970
66933  21.328  9.674  -10.320 0.5714285970
65331  23.162  7.421  -8.878 0.5714285970
66109  23.021  8.170  -9.331 0.7142857313
66931  23.284  9.526  -10.084 0.8571428657
66110  20.585  8.095  -9.239 0.4285714328
66932  22.389  9.715  -10.511 0.7142857313
66938  21.943  10.263  -10.674 0.7142857313
66937  22.263  10.174  -10.699 0.7142857313
67690  20.596  10.412  -10.175 0.5714285970
67689  21.342  10.665  -10.477 0.7142857313
66108  23.575  8.363  -8.914 0.5714285970
65337  22.166  8.277  -9.762 0.7142857313
67688  23.085  10.487  -10.489 0.8571428657
67698  21.841  10.925  -10.721 0.7142857313
68434  20.780  11.157  -10.364 0.5714285970
69222  19.900  12.764  -10.820 0.2857142985
67697  22.371  10.627  -10.731 0.7142857313
70046  21.143  13.499  -10.715 0.7142857313
68433  22.734  11.447  -10.542 0.8571428657
68444  21.299  11.615  -10.637 0.8571428657
70045  21.910  13.296  -10.474 0.8571428657
69219  22.320  12.380  -10.503 0.8571428657
69221  20.775  12.677  -10.751 0.5714285970
70047  20.197  13.789  -11.160 0.7142857313
70882  20.778  14.466  -10.845 0.8571428657
70881  21.575  14.283  -10.415 0.8571428657
73316  21.261  16.760  -9.668 0.7142857313
73321  20.599  16.575  -9.890 0.7142857313
73310  21.675  17.703  -8.698 0.7142857313
74788  22.036  18.796  -7.556 0.7142857313
75486  21.793  19.084  -7.579 0.7142857313
75474  21.330  19.272  -7.604 0.7142857313
75473  22.097  19.419  -7.133 0.7142857313
75461  21.583  19.977  -7.043 0.7142857313
75475  20.591  19.196  -7.833 0.5714285970
76172  20.961  20.828  -7.064 0.5714285970
74780  20.289  18.910  -7.439 0.5714285970
75462  20.350  19.647  -7.293 0.5714285970
74026  20.351  18.594  -6.986 0.4285714328
75463  19.583  20.286  -6.588 0.4285714328
76173  19.812  20.348  -7.550 0.2857142985
57519  20.461  -1.504  -5.461 0.5714285970
56587  19.577  -2.426  -4.991 0.5714285970
59289  22.317  0.470  -5.883 0.2857142985
58419  22.204  -0.204  -5.600 0.4285714328
57537  18.485  -0.890  -5.004 0.2857142985
60193  19.238  0.989  -6.157 0.4285714328
61055  21.257  2.204  -7.147 0.5714285970
60177  18.041  0.783  -5.046 0.2857142985
60207  19.396  1.752  -6.513 0.2857142985
61891  22.031  3.560  -7.756 0.5714285970
62754  24.209  4.638  -5.801 0.2857142985
63633  20.182  5.090  -8.270 0.2857142985
63639  21.774  5.689  -8.717 0.7142857313
68432  23.330  11.380  -10.068 0.8571428657
69220  21.612  12.497  -10.661 0.7142857313
72537  20.691  16.036  -9.970 0.7142857313
74789  21.610  18.839  -7.797 0.7142857313
74779  20.891  18.897  -7.992 0.5714285970
76171  22.241  20.983  -6.857 0.5714285970
76929  21.927  21.975  -6.658 0.5714285970
76185  20.242  21.222  -7.406 0.2857142985
61056  20.185  2.570  -7.077 0.4285714328
62763  23.132  4.479  -7.947 0.5714285970
66915  23.975  8.901  -8.721 0.7142857313
66113  23.332  8.804  -9.567 0.7142857313
61883  22.538  2.980  -7.204 0.5714285970
71721  20.397  15.401  -10.730 0.7142857313
59290  21.764  0.584  -6.268 0.5714285970
59291  20.972  0.250  -6.343 0.5714285970
60192  21.849  1.136  -6.464 0.5714285970
60205  21.455  1.488  -6.721 0.5714285970
61063  21.175  2.935  -7.432 0.4285714328
62766  20.201  4.291  -7.984 0.4285714328
61892  20.904  3.542  -7.778 0.4285714328
62770  20.829  4.779  -8.435 0.2857142985
63637  23.146  5.979  -8.551 0.7142857313
66115  21.857  8.776  -10.102 0.7142857313
66934  20.305  9.548  -9.869 0.2857142985
68445  20.408  11.876  -10.585 0.5714285970
68446  19.579  11.966  -10.417 0.2857142985
74050  21.800  18.436  -7.924 0.7142857313
75485  21.987  19.153  -7.372 0.8571428657
60208  18.702  2.081  -6.273 0.1428571492
59259  23.700  0.176  -4.145 0.1428571492
58402  23.288  -0.335  -4.529 0.1428571492
59273  23.445  0.460  -4.670 0.1428571492
61043  23.791  2.794  -5.453 0.1428571492
59272  24.024  0.821  -4.122 0.1428571492
61864  24.251  3.487  -5.229 0.1428571492
60174  24.044  1.450  -4.428 0.1428571492
62753  24.826  5.279  -5.325 0.2857142985
71715  21.049  15.551  -10.151 0.5714285970
80649  20.243  27.598  -10.030 0.1428571492
71729  19.767  15.303  -11.189 0.4285714328
72545  19.898  15.979  -10.488 0.4285714328
74058  20.329  17.266  -9.365 0.4285714328
78443  19.664  24.195  -8.397 0.2857142985
76945  20.204  22.106  -7.564 0.2857142985
76930  21.033  22.012  -7.081 0.2857142985
77701  21.150  23.227  -7.195 0.2857142985
72528  19.421  16.895  -8.593 0.1428571492
74059  20.469  17.416  -8.920 0.5714285970
76946  19.387  22.030  -8.209 0.2857142985
72527  20.039  17.292  -8.201 0.4285714328
74039  21.155  18.418  -8.322 0.5714285970
73301  21.196  18.167  -7.495 0.4285714328
74040  20.662  18.512  -7.531 0.2857142985
76186  19.471  21.155  -7.775 0.1428571492
73285  20.565  18.523  -6.733 0.1428571492
76187  18.564  21.181  -8.299 0.1428571492
76947  18.654  22.121  -8.686 0.1428571492
76174  18.760  20.685  -7.140 0.2857142985
76160  18.869  21.110  -5.699 0.1428571492
76175  17.769  21.351  -7.215 0.1428571492
54751  17.086  -4.347  -2.976 0.4285714328
55674  17.624  -3.620  -3.518 0.2857142985
61010  24.502  2.138  -4.150 0.1428571492
62736  24.562  4.119  -5.005 0.1428571492
71722  19.625  15.718  -11.034 0.2857142985
77702  20.062  23.152  -7.861 0.2857142985
76201  18.151  21.672  -8.795 0.2857142985
55654  16.908  -3.464  -2.584 0.2857142985
57496  23.650  -1.636  -3.703 0.1428571492
63621  24.708  5.996  -5.718 0.1428571492
72498  20.310  17.030  -6.847 0.1428571492
77687  22.193  22.686  -6.750 0.4285714328
77703  19.243  22.978  -8.495 0.2857142985
78442  20.805  24.306  -7.699 0.2857142985
79180  19.915  25.171  -8.972 0.1428571492
79936  19.643  26.098  -9.392 0.1428571492
79935  20.722  26.026  -8.722 0.1428571492
80642  20.504  26.862  -9.282 0.1428571492
79929  21.281  25.662  -8.267 0.1428571492
64488  25.017  6.929  -5.949 0.2857142985
78444  19.012  23.583  -8.690 0.2857142985
79172  21.469  25.109  -7.969 0.2857142985
79173  20.651  25.129  -8.270 0.1428571492
63626  24.229  5.708  -6.482 0.4285714328
77688  21.744  22.695  -6.840 0.2857142985
73322  19.577  16.203  -10.603 0.4285714328
73300  21.537  18.227  -8.035 0.5714285970
61030  24.172  2.435  -4.797 0.1428571492
73317  19.072  16.193  -11.002 0.2857142985
100098  20.070  17.327  -8.566 0.2857142985
72514  19.968  17.128  -7.811 0.2857142985
72553  18.664  15.828  -11.253 0.2857142985
68435  20.045  11.166  -10.194 0.2857142985
77723  17.620  22.804  -8.787 0.1428571492
77721  18.552  23.025  -8.810 0.1428571492
78458  17.540  24.403  -8.909 0.1428571492
76176  16.802  21.833  -7.271 0.1428571492
77705  17.386  23.366  -8.293 0.1428571492
77722  17.892  23.236  -8.906 0.1428571492
78457  18.535  24.224  -8.923 0.1428571492
76177  16.055  22.066  -6.724 0.1428571492
76203  17.572  22.106  -8.776 0.1428571492
77689  16.637  23.470  -7.239 0.1428571492
78445  17.399  24.175  -8.409 0.1428571492
76960  18.113  22.302  -8.997 0.1428571492
76948  17.018  22.561  -7.802 0.1428571492
78432  16.271  24.526  -6.328 0.1428571492
78446  16.902  24.581  -7.711 0.1428571492
76932  15.583  22.381  -6.353 0.1428571492
77690  15.819  23.293  -6.436 0.1428571492
55687  20.400  -3.289  -4.644 0.2857142985
56586  20.608  -2.561  -5.019 0.2857142985
55672  19.812  -3.849  -4.398 0.2857142985
55689  19.105  -2.913  -4.614 0.4285714328
56585  21.415  -2.450  -4.807 0.1428571492
73311  19.770  17.082  -9.187 0.2857142985
55688  19.697  -3.132  -4.695 0.2857142985
56571  17.988  -3.087  -3.988 0.2857142985
55673  18.708  -3.545  -4.199 0.2857142985
56588  18.472  -2.468  -4.465 0.2857142985
61064  20.598  3.122  -7.402 0.2857142985
64513  20.180  6.475  -8.503 0.1428571492
65334  20.564  7.446  -8.878 0.2857142985
66117  20.056  8.957  -9.569 0.1428571492
68436  19.130  11.250  -9.929 0.1428571492
69223  19.075  12.777  -10.619 0.1428571492
70048  19.318  13.580  -11.071 0.1428571492
70055  18.873  14.232  -11.242 0.1428571492
70883  18.354  14.731  -11.118 0.1428571492
72547  18.190  16.127  -11.127 0.1428571492
72539  18.538  16.394  -9.297 0.1428571492
72538  18.699  16.074  -11.117 0.1428571492
74768  20.644  19.180  -6.480 0.1428571492
70053  19.835  14.432  -11.314 0.2857142985
71723  17.999  15.179  -11.046 0.1428571492
54752  16.779  -4.789  -2.450 0.2857142985
61893  19.977  3.460  -7.379 0.2857142985
66935  19.349  9.398  -9.386 0.1428571492
67691  19.641  10.335  -9.837 0.1428571492
68437  18.197  11.713  -9.573 0.1428571492
68447  18.898  12.077  -10.130 0.1428571492
69210  18.413  12.733  -10.079 0.1428571492
70038  17.947  13.378  -10.007 0.1428571492
71730  19.113  15.527  -11.320 0.1428571492
74025  20.780  18.791  -6.360 0.1428571492
61884  19.416  3.111  -6.956 0.2857142985
61057  19.065  2.574  -6.601 0.1428571492
70891  18.927  14.888  -11.395 0.1428571492
72546  18.983  16.024  -11.146 0.1428571492
56572  17.462  -2.646  -3.514 0.2857142985
62767  19.121  4.143  -7.263 0.1428571492
70049  18.425  13.755  -10.685 0.1428571492
69211  17.652  12.670  -9.565 0.1428571492
55629  16.674  -3.981  -1.437 0.1428571492
55655  16.680  -4.247  -2.270 0.1428571492
55601  17.456  -3.727  -0.617 0.1428571492
55628  17.049  -3.182  -1.684 0.1428571492
56589  17.802  -1.839  -4.012 0.1428571492
65305  25.020  7.594  -6.415 0.1428571492
65304  25.313  7.643  -5.749 0.1428571492
53771  16.671  -5.276  -2.166 0.1428571492
56551  17.132  -2.475  -2.444 0.1428571492
58406  18.115  -0.681  -4.691 0.1428571492
74036  24.484  18.292  -7.022 0.1428571492
66066  25.322  8.232  -6.215 0.1428571492
57521  18.355  -1.397  -4.712 0.1428571492
54723  16.537  -4.758  -1.770 0.1428571492
61894  19.264  3.528  -7.077 0.2857142985
68443  22.070  11.564  -10.734 0.8571428657
70054  19.451  14.300  -11.325 0.1428571492
70880  22.158  13.892  -10.172 0.8571428657
70889  20.118  14.729  -11.212 0.2857142985
70890  19.538  14.888  -11.345 0.1428571492
76189  17.362  21.981  -8.360 0.1428571492
76202  17.742  21.890  -8.842 0.1428571492
76931  16.250  22.545  -6.980 0.1428571492
76961  17.736  22.393  -8.906 0.1428571492
76962  17.453  22.468  -8.584 0.1428571492
77704  17.686  23.808  -8.652 0.1428571492
77720  23.699  23.840  -8.606 0.1428571492
78455  22.687  24.565  -8.075 0.1428571492
78459  17.071  24.631  -8.485 0.1428571492
79171  22.045  25.199  -8.041 0.1428571492
79188  23.155  25.270  -9.215 0.1428571492
79933  22.283  25.796  -8.575 0.1428571492
80640  22.057  26.330  -8.929 0.1428571492
100096  20.814  17.640  -8.467 0.5714285970
100097  20.774  17.450  -8.991 0.5714285970
